50.00 -8.71359e-07
100.00 -2.02569e-06
150.00 -2.38187e-06
200.00 -1.60679e-06
250.00 -4.03689e-07
300.00 -7.58465e-07
350.00 -1.49571e-06
400.00 -1.15684e-06
450.00 -7.61527e-07
500.00 -5.29635e-07
550.00 -7.60111e-07
600.00 -8.36241e-07
650.00 -6.42346e-08
700.00 8.21621e-07
750.00 1.83109e-06
800.00 2.42776e-06
850.00 2.32082e-06
900.00 1.23445e-06
950.00 3.20285e-07
1000.00 8.71048e-07
1050.00 1.58443e-06
1100.00 1.40545e-06
1150.00 1.74959e-06
1200.00 2.69875e-06
1250.00 3.07814e-06
1300.00 3.61256e-06
1350.00 4.10872e-06
1400.00 4.41744e-06
1450.00 4.47649e-06
1500.00 4.43387e-06
1550.00 4.41244e-06
1600.00 4.20752e-06
1650.00 3.70508e-06
1700.00 3.28741e-06
1750.00 4.17063e-06
1800.00 5.08204e-06
1850.00 4.94667e-06
1900.00 4.69388e-06
1950.00 4.65933e-06
2000.00 5.30581e-06
2050.00 5.79572e-06
2100.00 5.51205e-06
2150.00 5.64223e-06
2200.00 6.4751e-06
2250.00 7.29643e-06
2300.00 8.33338e-06
2350.00 9.4268e-06
2400.00 8.21391e-06
2450.00 6.93425e-06
2500.00 7.50563e-06
2550.00 6.90844e-06
2600.00 6.14486e-06
2650.00 6.37884e-06
2700.00 7.08752e-06
2750.00 7.28244e-06
2800.00 7.20434e-06
2850.00 7.21399e-06
2900.00 7.23965e-06
2950.00 7.21885e-06
3000.00 6.63023e-06
3050.00 6.44398e-06
3100.00 6.7822e-06
3150.00 6.71183e-06
3200.00 6.56994e-06
3250.00 6.54056e-06
3300.00 6.50949e-06
3350.00 7.62326e-06
3400.00 8.45116e-06
3450.00 8.91442e-06
3500.00 8.91735e-06
3550.00 8.2236e-06
3600.00 7.76063e-06
3650.00 7.26565e-06
3700.00 6.65268e-06
3750.00 6.81477e-06
3800.00 6.99652e-06
3850.00 7.40632e-06
3900.00 7.89865e-06
3950.00 7.27065e-06
4000.00 7.18528e-06
4050.00 7.56842e-06
4100.00 7.85618e-06
4150.00 7.60772e-06
4200.00 7.80666e-06
4250.00 8.20452e-06
4300.00 7.88969e-06
4350.00 8.923e-06
4400.00 1.00549e-05
4450.00 9.99963e-06
4500.00 9.60665e-06
4550.00 8.79744e-06
4600.00 8.34267e-06
4650.00 8.19018e-06
4700.00 8.43508e-06
4750.00 8.94915e-06
4800.00 9.77415e-06
4850.00 1.08359e-05
4900.00 1.08793e-05
4950.00 1.00843e-05
5000.00 9.34981e-06
5050.00 9.29402e-06
5100.00 9.49319e-06
5150.00 9.7029e-06
5200.00 1.01423e-05
5250.00 1.02545e-05
5300.00 1.0113e-05
5350.00 1.07286e-05
5400.00 1.10919e-05
5450.00 1.0843e-05
5500.00 1.09089e-05
5550.00 1.10987e-05
5600.00 1.12186e-05
5650.00 1.13466e-05
5700.00 1.15154e-05
5750.00 1.1917e-05
5800.00 1.17752e-05
5850.00 1.17632e-05
5900.00 1.19134e-05
5950.00 1.20499e-05
6000.00 1.16515e-05
6050.00 1.08433e-05
6100.00 1.07394e-05
6150.00 1.05779e-05
6200.00 1.13846e-05
6250.00 1.26814e-05
6300.00 1.35416e-05
6350.00 1.38429e-05
6400.00 1.39775e-05
6450.00 1.40458e-05
6500.00 1.42946e-05
6550.00 1.45922e-05
6600.00 1.42763e-05
6650.00 1.40768e-05
6700.00 1.36192e-05
6750.00 1.36384e-05
6800.00 1.37367e-05
6850.00 1.33579e-05
6900.00 1.36182e-05
6950.00 1.39227e-05
7000.00 1.43044e-05
7050.00 1.46135e-05
7100.00 1.46791e-05
7150.00 1.44079e-05
7200.00 1.43902e-05
7250.00 1.45546e-05
7300.00 1.41829e-05
7350.00 1.4299e-05
7400.00 1.41268e-05
7450.00 1.38506e-05
7500.00 1.39374e-05
7550.00 1.39568e-05
7600.00 1.40384e-05
7650.00 1.33145e-05
7700.00 1.33111e-05
7750.00 1.36358e-05
7800.00 1.32581e-05
7850.00 1.41704e-05
7900.00 1.55086e-05
7950.00 1.53275e-05
8000.00 1.56505e-05
8050.00 1.67219e-05
8100.00 1.6664e-05
8150.00 1.64696e-05
8200.00 1.65687e-05
8250.00 1.67719e-05
8300.00 1.71504e-05
8350.00 1.7932e-05
8400.00 1.87834e-05
8450.00 1.8648e-05
8500.00 1.88111e-05
8550.00 1.90108e-05
8600.00 1.76432e-05
8650.00 1.70923e-05
8700.00 1.77577e-05
8750.00 1.78155e-05
8800.00 1.73182e-05
8850.00 1.66747e-05
8900.00 1.6505e-05
8950.00 1.73659e-05
9000.00 1.75517e-05
9050.00 1.75276e-05
9100.00 1.78397e-05
9150.00 1.72029e-05
9200.00 1.73338e-05
9250.00 1.77057e-05
9300.00 1.73096e-05
9350.00 1.67546e-05
9400.00 1.62464e-05
9450.00 1.60943e-05
9500.00 1.58724e-05
9550.00 1.62132e-05
9600.00 1.69248e-05
9650.00 1.6781e-05
9700.00 1.69244e-05
9750.00 1.70435e-05
9800.00 1.68388e-05
9850.00 1.71753e-05
9900.00 1.70727e-05
9950.00 1.6627e-05
10000.00 1.71719e-05
10050.00 1.79848e-05
10100.00 1.83228e-05
10150.00 1.86264e-05
10200.00 1.86332e-05
10250.00 1.92627e-05
10300.00 1.98689e-05
10350.00 1.8964e-05
10400.00 1.86899e-05
10450.00 1.84252e-05
10500.00 1.84424e-05
10550.00 1.87057e-05
10600.00 1.92198e-05
10650.00 2.06693e-05
10700.00 2.15301e-05
10750.00 2.15832e-05
10800.00 2.12962e-05
10850.00 2.16026e-05
10900.00 2.17099e-05
10950.00 2.16301e-05
11000.00 2.14439e-05
11050.00 2.14775e-05
11100.00 2.19451e-05
11150.00 2.2022e-05
11200.00 2.16399e-05
11250.00 2.17295e-05
11300.00 2.24398e-05
11350.00 2.26629e-05
11400.00 2.20388e-05
11450.00 2.16599e-05
11500.00 2.0863e-05
11550.00 2.02749e-05
11600.00 2.06871e-05
11650.00 2.07212e-05
11700.00 2.03832e-05
11750.00 1.9849e-05
11800.00 1.98255e-05
11850.00 2.05225e-05
11900.00 2.04642e-05
11950.00 2.04954e-05
12000.00 2.11412e-05
12050.00 2.08422e-05
12100.00 2.00159e-05
12150.00 2.02162e-05
12200.00 2.11393e-05
12250.00 2.11315e-05
12300.00 2.04175e-05
12350.00 1.94442e-05
12400.00 1.86377e-05
12450.00 1.84246e-05
12500.00 1.83047e-05
12550.00 1.87159e-05
12600.00 1.94328e-05
12650.00 1.96313e-05
12700.00 2.01497e-05
12750.00 2.06609e-05
12800.00 2.07375e-05
12850.00 2.06648e-05
12900.00 2.09242e-05
12950.00 2.11271e-05
13000.00 2.11979e-05
13050.00 2.1537e-05
13100.00 2.14966e-05
13150.00 2.18898e-05
13200.00 2.19298e-05
13250.00 2.20234e-05
13300.00 2.23394e-05
13350.00 2.24372e-05
13400.00 2.28887e-05
13450.00 2.29212e-05
13500.00 2.30228e-05
13550.00 2.27369e-05
13600.00 2.24426e-05
13650.00 2.26886e-05
13700.00 2.26159e-05
13750.00 2.25302e-05
13800.00 2.24393e-05
13850.00 2.24213e-05
13900.00 2.21041e-05
13950.00 2.20054e-05
14000.00 2.21576e-05
14050.00 2.16273e-05
14100.00 2.13621e-05
14150.00 2.06874e-05
14200.00 2.0236e-05
14250.00 2.15027e-05
14300.00 2.21882e-05
14350.00 2.16859e-05
14400.00 2.20134e-05
14450.00 2.26855e-05
14500.00 2.24254e-05
14550.00 2.19931e-05
14600.00 2.22076e-05
14650.00 2.23138e-05
14700.00 2.23677e-05
14750.00 2.26814e-05
14800.00 2.28283e-05
14850.00 2.19694e-05
14900.00 2.1573e-05
14950.00 2.20688e-05
15000.00 2.21404e-05
15050.00 2.29132e-05
15100.00 2.37971e-05
15150.00 2.41183e-05
15200.00 2.37153e-05
15250.00 2.35708e-05
15300.00 2.38316e-05
15350.00 2.42208e-05
15400.00 2.42718e-05
15450.00 2.4379e-05
15500.00 2.51538e-05
15550.00 2.54149e-05
15600.00 2.54714e-05
15650.00 2.56132e-05
15700.00 2.53246e-05
15750.00 2.48626e-05
15800.00 2.48357e-05
15850.00 2.57233e-05
15900.00 2.69628e-05
15950.00 2.70085e-05
16000.00 2.6948e-05
16050.00 2.73679e-05
16100.00 2.72162e-05
16150.00 2.66226e-05
16200.00 2.5863e-05
16250.00 2.53755e-05
16300.00 2.59178e-05
16350.00 2.61842e-05
16400.00 2.64851e-05
16450.00 2.67664e-05
16500.00 2.71206e-05
16550.00 2.77264e-05
16600.00 2.7608e-05
16650.00 2.71571e-05
16700.00 2.66913e-05
16750.00 2.64537e-05
16800.00 2.72942e-05
16850.00 2.83519e-05
16900.00 2.79474e-05
16950.00 2.65347e-05
17000.00 2.56148e-05
17050.00 2.59264e-05
17100.00 2.59263e-05
17150.00 2.55161e-05
17200.00 2.55187e-05
17250.00 2.59528e-05
17300.00 2.68472e-05
17350.00 2.72956e-05
17400.00 2.75776e-05
17450.00 2.77199e-05
17500.00 2.69116e-05
17550.00 2.6244e-05
17600.00 2.56469e-05
17650.00 2.51247e-05
17700.00 2.54986e-05
17750.00 2.60429e-05
17800.00 2.69244e-05
17850.00 2.82268e-05
17900.00 2.90266e-05
17950.00 2.88855e-05
18000.00 2.85149e-05
18050.00 2.78967e-05
18100.00 2.74601e-05
18150.00 2.77001e-05
18200.00 2.77083e-05
18250.00 2.75028e-05
18300.00 2.61824e-05
18350.00 2.52584e-05
18400.00 2.53264e-05
18450.00 2.56509e-05
18500.00 2.6069e-05
18550.00 2.56777e-05
18600.00 2.5608e-05
18650.00 2.63275e-05
18700.00 2.68128e-05
18750.00 2.71784e-05
18800.00 2.73385e-05
18850.00 2.72943e-05
18900.00 2.65396e-05
18950.00 2.56313e-05
19000.00 2.54961e-05
19050.00 2.66631e-05
19100.00 2.7809e-05
19150.00 2.81051e-05
19200.00 2.84625e-05
19250.00 2.77193e-05
19300.00 2.78546e-05
19350.00 2.9112e-05
19400.00 2.98083e-05
19450.00 2.98316e-05
19500.00 2.93186e-05
19550.00 2.88416e-05
19600.00 2.76942e-05
19650.00 2.70629e-05
19700.00 2.78879e-05
19750.00 2.8609e-05
19800.00 2.87037e-05
19850.00 2.88351e-05
19900.00 2.93079e-05
19950.00 2.9885e-05
20000.00 3.06408e-05
20050.00 3.04378e-05
20100.00 3.04345e-05
20150.00 3.06966e-05
20200.00 3.0328e-05
20250.00 3.03979e-05
20300.00 3.02441e-05
20350.00 2.96971e-05
20400.00 2.98732e-05
20450.00 2.95344e-05
20500.00 2.88141e-05
20550.00 2.87402e-05
20600.00 2.84157e-05
20650.00 2.83751e-05
20700.00 2.84516e-05
20750.00 2.85311e-05
20800.00 2.84214e-05
20850.00 2.79041e-05
20900.00 2.74185e-05
20950.00 2.72166e-05
21000.00 2.70818e-05
21050.00 2.68074e-05
21100.00 2.67197e-05
21150.00 2.6719e-05
21200.00 2.7235e-05
21250.00 2.75815e-05
21300.00 2.73955e-05
21350.00 2.75139e-05
21400.00 2.85763e-05
21450.00 2.89267e-05
21500.00 2.91349e-05
21550.00 2.92503e-05
21600.00 2.85705e-05
21650.00 2.81572e-05
21700.00 2.80647e-05
21750.00 2.88326e-05
21800.00 2.91278e-05
21850.00 2.89103e-05
21900.00 2.91661e-05
21950.00 2.93783e-05
22000.00 2.93384e-05
22050.00 2.90045e-05
22100.00 2.94728e-05
22150.00 2.97235e-05
22200.00 2.90303e-05
22250.00 2.93862e-05
22300.00 2.87504e-05
22350.00 2.73967e-05
22400.00 2.76885e-05
22450.00 2.92837e-05
22500.00 2.9826e-05
22550.00 2.92136e-05
22600.00 2.9597e-05
22650.00 3.03921e-05
22700.00 3.11028e-05
22750.00 3.16935e-05
22800.00 3.20708e-05
22850.00 3.17713e-05
22900.00 3.14583e-05
22950.00 3.16396e-05
23000.00 3.14083e-05
23050.00 3.12892e-05
23100.00 3.16824e-05
23150.00 3.21876e-05
23200.00 3.21051e-05
23250.00 3.15489e-05
23300.00 3.14267e-05
23350.00 3.12174e-05
23400.00 3.09413e-05
23450.00 3.11332e-05
23500.00 3.1809e-05
23550.00 3.25724e-05
23600.00 3.24776e-05
23650.00 3.24997e-05
23700.00 3.29871e-05
23750.00 3.31786e-05
23800.00 3.37731e-05
23850.00 3.37266e-05
23900.00 3.25176e-05
23950.00 3.14068e-05
24000.00 3.13701e-05
24050.00 3.16249e-05
24100.00 3.16524e-05
24150.00 3.15861e-05
24200.00 3.09683e-05
24250.00 3.02331e-05
24300.00 3.02195e-05
24350.00 3.05825e-05
24400.00 3.08509e-05
24450.00 3.08269e-05
24500.00 3.03307e-05
24550.00 3.08548e-05
24600.00 3.16572e-05
24650.00 3.14177e-05
24700.00 3.18567e-05
24750.00 3.2573e-05
24800.00 3.17359e-05
24850.00 3.11905e-05
24900.00 3.19751e-05
24950.00 3.18027e-05
25000.00 3.09766e-05
25050.00 3.10505e-05
25100.00 3.11001e-05
25150.00 3.08885e-05
25200.00 3.17265e-05
25250.00 3.18037e-05
25300.00 3.11559e-05
25350.00 3.1364e-05
25400.00 3.14482e-05
25450.00 3.16896e-05
25500.00 3.1856e-05
25550.00 3.22567e-05
25600.00 3.24328e-05
25650.00 3.25294e-05
25700.00 3.29056e-05
25750.00 3.258e-05
25800.00 3.22599e-05
25850.00 3.24412e-05
25900.00 3.30261e-05
25950.00 3.31111e-05
26000.00 3.30808e-05
26050.00 3.34133e-05
26100.00 3.33462e-05
26150.00 3.36429e-05
26200.00 3.33452e-05
26250.00 3.28745e-05
26300.00 3.27046e-05
26350.00 3.11821e-05
26400.00 3.07451e-05
26450.00 3.19377e-05
26500.00 3.22053e-05
26550.00 3.18555e-05
26600.00 3.18716e-05
26650.00 3.18486e-05
26700.00 3.19304e-05
26750.00 3.22093e-05
26800.00 3.22532e-05
26850.00 3.20994e-05
26900.00 3.18072e-05
26950.00 3.16937e-05
27000.00 3.13047e-05
27050.00 3.02663e-05
27100.00 3.03416e-05
27150.00 3.13674e-05
27200.00 3.18251e-05
27250.00 3.23468e-05
27300.00 3.24556e-05
27350.00 3.21782e-05
27400.00 3.16588e-05
27450.00 3.08553e-05
27500.00 3.04609e-05
27550.00 3.00504e-05
27600.00 2.94038e-05
27650.00 2.99121e-05
27700.00 3.0778e-05
27750.00 3.04454e-05
27800.00 2.99776e-05
27850.00 2.95565e-05
27900.00 2.96234e-05
27950.00 2.96471e-05
28000.00 2.98084e-05
28050.00 3.13299e-05
28100.00 3.26823e-05
28150.00 3.21722e-05
28200.00 3.15315e-05
28250.00 3.24497e-05
28300.00 3.27766e-05
28350.00 3.28565e-05
28400.00 3.31253e-05
28450.00 3.32675e-05
28500.00 3.3514e-05
28550.00 3.36896e-05
28600.00 3.37358e-05
28650.00 3.35615e-05
28700.00 3.41096e-05
28750.00 3.42133e-05
28800.00 3.38701e-05
28850.00 3.39794e-05
28900.00 3.40048e-05
28950.00 3.39128e-05
29000.00 3.37544e-05
29050.00 3.41618e-05
29100.00 3.45526e-05
29150.00 3.42529e-05
29200.00 3.46649e-05
29250.00 3.45162e-05
29300.00 3.47126e-05
29350.00 3.53107e-05
29400.00 3.51446e-05
29450.00 3.56861e-05
29500.00 3.56054e-05
29550.00 3.59166e-05
29600.00 3.62931e-05
29650.00 3.66107e-05
29700.00 3.79825e-05
29750.00 3.81754e-05
29800.00 3.78079e-05
29850.00 3.75732e-05
29900.00 3.66137e-05
29950.00 3.63545e-05
30000.00 3.56394e-05
30050.00 3.44578e-05
30100.00 3.45149e-05
30150.00 3.45234e-05
30200.00 3.47989e-05
30250.00 3.55834e-05
30300.00 3.65029e-05
30350.00 3.72425e-05
30400.00 3.75974e-05
30450.00 3.81401e-05
30500.00 3.83738e-05
30550.00 3.7825e-05
30600.00 3.68628e-05
30650.00 3.65764e-05
30700.00 3.69169e-05
30750.00 3.64962e-05
30800.00 3.58328e-05
30850.00 3.58324e-05
30900.00 3.68006e-05
30950.00 3.79957e-05
31000.00 3.8092e-05
31050.00 3.8023e-05
31100.00 3.74675e-05
31150.00 3.72527e-05
31200.00 3.76948e-05
31250.00 3.82076e-05
31300.00 3.87492e-05
31350.00 3.79656e-05
31400.00 3.8041e-05
31450.00 3.90278e-05
31500.00 3.9434e-05
31550.00 3.90422e-05
31600.00 3.80851e-05
31650.00 3.83448e-05
31700.00 3.9275e-05
31750.00 3.92917e-05
31800.00 3.98102e-05
31850.00 4.00562e-05
31900.00 3.97772e-05
31950.00 3.99037e-05
32000.00 3.96679e-05
32050.00 3.96967e-05
32100.00 3.90495e-05
32150.00 3.82209e-05
32200.00 3.79677e-05
32250.00 3.86006e-05
32300.00 3.89139e-05
32350.00 3.91003e-05
32400.00 3.94762e-05
32450.00 3.98084e-05
32500.00 3.94152e-05
32550.00 3.91012e-05
32600.00 4.00658e-05
32650.00 4.06239e-05
32700.00 4.09244e-05
32750.00 3.99528e-05
32800.00 3.90636e-05
32850.00 3.94363e-05
32900.00 3.89151e-05
32950.00 3.86054e-05
33000.00 3.89016e-05
33050.00 3.98654e-05
33100.00 4.09736e-05
33150.00 4.05024e-05
33200.00 3.96641e-05
33250.00 3.8811e-05
33300.00 3.92378e-05
33350.00 4.12483e-05
33400.00 4.21293e-05
33450.00 4.10142e-05
33500.00 4.00102e-05
33550.00 3.96854e-05
33600.00 3.93928e-05
33650.00 3.96906e-05
33700.00 3.99656e-05
33750.00 3.97312e-05
33800.00 3.97654e-05
33850.00 4.05674e-05
33900.00 4.13683e-05
33950.00 4.15892e-05
34000.00 4.15181e-05
34050.00 4.15064e-05
34100.00 4.15267e-05
34150.00 4.12737e-05
34200.00 4.16525e-05
34250.00 4.21163e-05
34300.00 4.19099e-05
34350.00 4.20797e-05
34400.00 4.24496e-05
34450.00 4.26519e-05
34500.00 4.23629e-05
34550.00 4.21159e-05
34600.00 4.15575e-05
34650.00 4.08193e-05
34700.00 4.06794e-05
34750.00 4.03769e-05
34800.00 4.08414e-05
34850.00 4.18196e-05
34900.00 4.15398e-05
34950.00 4.12311e-05
35000.00 4.09263e-05
35050.00 4.06672e-05
35100.00 4.1502e-05
35150.00 4.22056e-05
35200.00 4.2484e-05
35250.00 4.23135e-05
35300.00 4.2224e-05
35350.00 4.25948e-05
35400.00 4.20172e-05
35450.00 4.13488e-05
35500.00 4.19418e-05
35550.00 4.29985e-05
35600.00 4.32966e-05
35650.00 4.29446e-05
35700.00 4.25452e-05
35750.00 4.25612e-05
35800.00 4.30914e-05
35850.00 4.36364e-05
35900.00 4.43787e-05
35950.00 4.37375e-05
36000.00 4.31151e-05
36050.00 4.38003e-05
36100.00 4.35507e-05
36150.00 4.22217e-05
36200.00 4.25554e-05
36250.00 4.32708e-05
36300.00 4.29172e-05
36350.00 4.3195e-05
36400.00 4.36322e-05
36450.00 4.44586e-05
36500.00 4.45254e-05
36550.00 4.35419e-05
36600.00 4.30157e-05
36650.00 4.32601e-05
36700.00 4.35897e-05
36750.00 4.40348e-05
36800.00 4.50063e-05
36850.00 4.54188e-05
36900.00 4.5354e-05
36950.00 4.54147e-05
37000.00 4.524e-05
37050.00 4.50685e-05
37100.00 4.4895e-05
37150.00 4.45112e-05
37200.00 4.45015e-05
37250.00 4.45254e-05
37300.00 4.35044e-05
37350.00 4.31385e-05
37400.00 4.34733e-05
37450.00 4.3965e-05
37500.00 4.509e-05
37550.00 4.55583e-05
37600.00 4.46669e-05
37650.00 4.37204e-05
37700.00 4.46681e-05
37750.00 4.50469e-05
37800.00 4.51595e-05
37850.00 4.53617e-05
37900.00 4.46461e-05
37950.00 4.4871e-05
38000.00 4.50461e-05
38050.00 4.4686e-05
38100.00 4.44152e-05
38150.00 4.41086e-05
38200.00 4.42021e-05
38250.00 4.47639e-05
38300.00 4.54518e-05
38350.00 4.57311e-05
38400.00 4.53095e-05
38450.00 4.51498e-05
38500.00 4.57668e-05
38550.00 4.65883e-05
38600.00 4.69355e-05
38650.00 4.65161e-05
38700.00 4.58024e-05
38750.00 4.51685e-05
38800.00 4.52901e-05
38850.00 4.52334e-05
38900.00 4.45618e-05
38950.00 4.52968e-05
39000.00 4.68061e-05
39050.00 4.71275e-05
39100.00 4.64446e-05
39150.00 4.63362e-05
39200.00 4.57222e-05
39250.00 4.49594e-05
39300.00 4.53538e-05
39350.00 4.58379e-05
39400.00 4.54339e-05
39450.00 4.39031e-05
39500.00 4.37662e-05
39550.00 4.48571e-05
39600.00 4.52287e-05
39650.00 4.571e-05
39700.00 4.56665e-05
39750.00 4.50383e-05
39800.00 4.49522e-05
39850.00 4.50024e-05
39900.00 4.48115e-05
39950.00 4.51518e-05
40000.00 4.55113e-05
40050.00 4.49862e-05
40100.00 4.5419e-05
40150.00 4.62213e-05
40200.00 4.56577e-05
40250.00 4.52893e-05
40300.00 4.52641e-05
40350.00 4.48919e-05
40400.00 4.37244e-05
40450.00 4.35186e-05
40500.00 4.51054e-05
40550.00 4.59277e-05
40600.00 4.59004e-05
40650.00 4.55958e-05
40700.00 4.52436e-05
40750.00 4.47366e-05
40800.00 4.44572e-05
40850.00 4.48115e-05
40900.00 4.50949e-05
40950.00 4.50004e-05
41000.00 4.47782e-05
41050.00 4.47341e-05
41100.00 4.51884e-05
41150.00 4.51768e-05
41200.00 4.41436e-05
41250.00 4.41761e-05
41300.00 4.56895e-05
41350.00 4.63218e-05
41400.00 4.55875e-05
41450.00 4.51885e-05
41500.00 4.63418e-05
41550.00 4.78955e-05
41600.00 4.86026e-05
41650.00 4.84295e-05
41700.00 4.832e-05
41750.00 4.885e-05
41800.00 4.94986e-05
41850.00 4.99396e-05
41900.00 4.98754e-05
41950.00 4.98157e-05
42000.00 4.96704e-05
42050.00 4.91807e-05
42100.00 4.91984e-05
42150.00 4.90943e-05
42200.00 4.88469e-05
42250.00 4.94782e-05
42300.00 4.97677e-05
42350.00 5.01466e-05
42400.00 5.05597e-05
42450.00 5.01578e-05
42500.00 5.06705e-05
42550.00 5.1303e-05
42600.00 5.11651e-05
42650.00 5.19334e-05
42700.00 5.2204e-05
42750.00 5.10643e-05
42800.00 5.03482e-05
42850.00 4.98954e-05
42900.00 4.99458e-05
42950.00 5.02654e-05
43000.00 5.07635e-05
43050.00 5.13481e-05
43100.00 5.13333e-05
43150.00 5.09337e-05
43200.00 5.11752e-05
43250.00 5.16322e-05
43300.00 5.12788e-05
43350.00 5.09598e-05
43400.00 4.99485e-05
43450.00 4.87573e-05
43500.00 4.7793e-05
43550.00 4.73824e-05
43600.00 4.73843e-05
43650.00 4.72007e-05
43700.00 4.7873e-05
43750.00 4.82765e-05
43800.00 4.86957e-05
43850.00 4.99092e-05
43900.00 4.97397e-05
43950.00 4.96229e-05
44000.00 4.92875e-05
44050.00 4.88081e-05
44100.00 4.89769e-05
44150.00 4.86074e-05
44200.00 4.89843e-05
44250.00 4.98643e-05
44300.00 5.00679e-05
44350.00 4.94431e-05
44400.00 4.93373e-05
44450.00 4.93238e-05
44500.00 4.89463e-05
44550.00 4.80081e-05
44600.00 4.77285e-05
44650.00 4.8751e-05
44700.00 4.88442e-05
44750.00 4.88391e-05
44800.00 4.97749e-05
44850.00 5.04654e-05
44900.00 5.04177e-05
44950.00 5.04486e-05
45000.00 5.05174e-05
45050.00 5.05415e-05
45100.00 5.0818e-05
45150.00 5.05999e-05
45200.00 4.95689e-05
45250.00 4.93677e-05
45300.00 5.04428e-05
45350.00 5.09963e-05
45400.00 5.11542e-05
45450.00 5.09687e-05
45500.00 5.03672e-05
45550.00 4.94975e-05
45600.00 4.95461e-05
45650.00 5.02556e-05
45700.00 5.09605e-05
45750.00 5.15673e-05
45800.00 5.08241e-05
45850.00 5.03656e-05
45900.00 5.06525e-05
45950.00 5.07146e-05
46000.00 5.06041e-05
46050.00 5.02268e-05
46100.00 4.98507e-05
46150.00 5.02244e-05
46200.00 5.08966e-05
46250.00 5.06334e-05
46300.00 5.08664e-05
46350.00 5.13161e-05
46400.00 5.13703e-05
46450.00 5.17369e-05
46500.00 5.1845e-05
46550.00 5.20791e-05
46600.00 5.14547e-05
46650.00 4.99045e-05
46700.00 4.91252e-05
46750.00 4.89829e-05
46800.00 4.91185e-05
46850.00 4.9489e-05
46900.00 5.0352e-05
46950.00 5.07752e-05
47000.00 5.06604e-05
47050.00 5.0396e-05
47100.00 5.08952e-05
47150.00 5.1629e-05
47200.00 5.13077e-05
47250.00 5.17102e-05
47300.00 5.21366e-05
47350.00 5.17658e-05
47400.00 5.2158e-05
47450.00 5.30157e-05
47500.00 5.2173e-05
47550.00 5.10633e-05
47600.00 5.17715e-05
47650.00 5.21509e-05
47700.00 5.15172e-05
47750.00 5.14978e-05
47800.00 5.16578e-05
47850.00 5.17615e-05
47900.00 5.19691e-05
47950.00 5.15446e-05
48000.00 5.12503e-05
48050.00 5.19404e-05
48100.00 5.21507e-05
48150.00 5.19987e-05
48200.00 5.28795e-05
48250.00 5.33555e-05
48300.00 5.21129e-05
48350.00 5.17113e-05
48400.00 5.25426e-05
48450.00 5.27796e-05
48500.00 5.27649e-05
48550.00 5.28094e-05
48600.00 5.26444e-05
48650.00 5.20018e-05
48700.00 5.24615e-05
48750.00 5.25365e-05
48800.00 5.1958e-05
48850.00 5.18259e-05
48900.00 5.10928e-05
48950.00 5.07498e-05
49000.00 5.13315e-05
49050.00 5.14508e-05
49100.00 5.09217e-05
49150.00 5.10586e-05
49200.00 5.05326e-05
49250.00 4.91768e-05
49300.00 5.0026e-05
49350.00 5.09488e-05
49400.00 5.1024e-05
49450.00 5.20135e-05
49500.00 5.24536e-05
49550.00 5.2855e-05
49600.00 5.24253e-05
49650.00 5.20426e-05
49700.00 5.26162e-05
49750.00 5.26771e-05
49800.00 5.26189e-05
49850.00 5.2781e-05
49900.00 5.39102e-05
49950.00 5.47673e-05
50000.00 5.50113e-05
50050.00 5.52977e-05
50100.00 5.54692e-05
50150.00 5.55201e-05
50200.00 5.49339e-05
50250.00 5.50343e-05
50300.00 5.62131e-05
50350.00 5.64497e-05
50400.00 5.53969e-05
50450.00 5.49432e-05
50500.00 5.44997e-05
50550.00 5.44759e-05
50600.00 5.54452e-05
50650.00 5.54902e-05
50700.00 5.56722e-05
50750.00 5.61867e-05
50800.00 5.57698e-05
50850.00 5.5172e-05
50900.00 5.52156e-05
50950.00 5.56633e-05
51000.00 5.54124e-05
51050.00 5.51428e-05
51100.00 5.6051e-05
51150.00 5.64838e-05
51200.00 5.63439e-05
51250.00 5.60077e-05
51300.00 5.57097e-05
51350.00 5.56608e-05
51400.00 5.59076e-05
51450.00 5.68222e-05
51500.00 5.68781e-05
51550.00 5.6345e-05
51600.00 5.58124e-05
51650.00 5.62207e-05
51700.00 5.68504e-05
51750.00 5.61592e-05
51800.00 5.55249e-05
51850.00 5.54397e-05
51900.00 5.53403e-05
51950.00 5.52379e-05
52000.00 5.48447e-05
52050.00 5.43542e-05
52100.00 5.45762e-05
52150.00 5.49822e-05
52200.00 5.52197e-05
52250.00 5.60151e-05
52300.00 5.61949e-05
52350.00 5.58066e-05
52400.00 5.5205e-05
52450.00 5.46677e-05
52500.00 5.48404e-05
52550.00 5.51207e-05
52600.00 5.52353e-05
52650.00 5.51646e-05
52700.00 5.47993e-05
52750.00 5.50282e-05
52800.00 5.55825e-05
52850.00 5.58835e-05
52900.00 5.63183e-05
52950.00 5.71395e-05
53000.00 5.80301e-05
53050.00 5.86539e-05
53100.00 5.89341e-05
53150.00 5.8813e-05
53200.00 5.84293e-05
53250.00 5.78573e-05
53300.00 5.73222e-05
53350.00 5.79547e-05
53400.00 5.82744e-05
53450.00 5.80446e-05
53500.00 5.8499e-05
53550.00 5.87885e-05
53600.00 5.96359e-05
53650.00 6.03649e-05
53700.00 6.07117e-05
53750.00 6.11791e-05
53800.00 6.13052e-05
53850.00 6.18709e-05
53900.00 6.22884e-05
53950.00 6.13818e-05
54000.00 6.09422e-05
54050.00 6.13513e-05
54100.00 6.14942e-05
54150.00 6.17984e-05
54200.00 6.12359e-05
54250.00 6.0042e-05
54300.00 5.98765e-05
54350.00 5.89776e-05
54400.00 5.83792e-05
54450.00 5.97305e-05
54500.00 6.08257e-05
54550.00 6.09039e-05
54600.00 6.14443e-05
54650.00 6.3062e-05
54700.00 6.42719e-05
54750.00 6.35707e-05
54800.00 6.24795e-05
54850.00 6.23191e-05
54900.00 6.1851e-05
54950.00 6.1636e-05
55000.00 6.15007e-05
55050.00 6.08666e-05
55100.00 6.04703e-05
55150.00 5.99809e-05
55200.00 6.05618e-05
55250.00 6.10991e-05
55300.00 6.00324e-05
55350.00 6.01462e-05
55400.00 6.12009e-05
55450.00 6.18721e-05
55500.00 6.30356e-05
55550.00 6.36459e-05
55600.00 6.37075e-05
55650.00 6.45448e-05
55700.00 6.5165e-05
55750.00 6.4703e-05
55800.00 6.40873e-05
55850.00 6.41254e-05
55900.00 6.40012e-05
55950.00 6.39806e-05
56000.00 6.47341e-05
56050.00 6.49224e-05
56100.00 6.512e-05
56150.00 6.4645e-05
56200.00 6.35343e-05
56250.00 6.3473e-05
56300.00 6.43179e-05
56350.00 6.50043e-05
56400.00 6.5172e-05
56450.00 6.51381e-05
56500.00 6.55057e-05
56550.00 6.62668e-05
56600.00 6.63217e-05
56650.00 6.6149e-05
56700.00 6.61646e-05
56750.00 6.61804e-05
56800.00 6.57873e-05
56850.00 6.55271e-05
56900.00 6.62867e-05
56950.00 6.72375e-05
57000.00 6.68551e-05
57050.00 6.71377e-05
57100.00 6.83943e-05
57150.00 6.81161e-05
57200.00 6.77903e-05
57250.00 6.81521e-05
57300.00 6.8294e-05
57350.00 6.81446e-05
57400.00 6.77722e-05
57450.00 6.74868e-05
57500.00 6.74667e-05
57550.00 6.72814e-05
57600.00 6.7397e-05
57650.00 6.7488e-05
57700.00 6.74792e-05
57750.00 6.75024e-05
57800.00 6.71094e-05
57850.00 6.78516e-05
57900.00 6.83312e-05
57950.00 6.88619e-05
58000.00 7.04982e-05
58050.00 7.04367e-05
58100.00 6.96058e-05
58150.00 6.98209e-05
58200.00 6.97826e-05
58250.00 7.03907e-05
58300.00 7.0851e-05
58350.00 7.0489e-05
58400.00 7.09285e-05
58450.00 7.08989e-05
58500.00 7.05544e-05
58550.00 7.06784e-05
58600.00 7.05981e-05
58650.00 7.0604e-05
58700.00 7.0519e-05
58750.00 7.0481e-05
58800.00 7.17623e-05
58850.00 7.2543e-05
58900.00 7.16334e-05
58950.00 7.14156e-05
59000.00 7.09154e-05
59050.00 6.96173e-05
59100.00 6.92827e-05
59150.00 6.92135e-05
59200.00 6.88998e-05
59250.00 6.92223e-05
59300.00 6.93861e-05
59350.00 6.91076e-05
59400.00 6.9295e-05
59450.00 6.93178e-05
59500.00 6.97851e-05
59550.00 6.93564e-05
59600.00 6.84427e-05
59650.00 6.8482e-05
59700.00 6.88486e-05
59750.00 6.88653e-05
59800.00 6.81259e-05
59850.00 6.81312e-05
59900.00 6.81737e-05
59950.00 6.78487e-05
60000.00 6.78034e-05
60050.00 6.85552e-05
60100.00 6.94652e-05
60150.00 6.97909e-05
60200.00 7.01095e-05
60250.00 6.99501e-05
60300.00 6.90852e-05
60350.00 6.89871e-05
60400.00 6.90292e-05
60450.00 6.88727e-05
60500.00 6.93979e-05
60550.00 6.97818e-05
60600.00 6.96231e-05
60650.00 6.97408e-05
60700.00 6.99674e-05
60750.00 6.99242e-05
60800.00 7.05922e-05
60850.00 7.06984e-05
60900.00 7.06173e-05
60950.00 7.05614e-05
61000.00 7.09002e-05
61050.00 7.1812e-05
61100.00 7.26019e-05
61150.00 7.24335e-05
61200.00 7.16743e-05
61250.00 7.13684e-05
61300.00 7.18295e-05
61350.00 7.17321e-05
61400.00 7.00622e-05
61450.00 7.01619e-05
61500.00 7.0949e-05
61550.00 6.92453e-05
61600.00 6.83449e-05
61650.00 6.85546e-05
61700.00 6.87834e-05
61750.00 6.96541e-05
61800.00 6.99524e-05
61850.00 7.03251e-05
61900.00 7.07385e-05
61950.00 7.09224e-05
62000.00 7.10139e-05
62050.00 7.12769e-05
62100.00 7.15377e-05
62150.00 7.20662e-05
62200.00 7.23889e-05
62250.00 7.19519e-05
62300.00 7.17513e-05
62350.00 7.10925e-05
62400.00 7.02635e-05
62450.00 7.03135e-05
62500.00 7.07892e-05
62550.00 7.10953e-05
62600.00 7.04836e-05
62650.00 7.06657e-05
62700.00 7.17738e-05
62750.00 7.14914e-05
62800.00 7.09548e-05
62850.00 7.14305e-05
62900.00 7.1283e-05
62950.00 7.06972e-05
63000.00 7.0121e-05
63050.00 7.04229e-05
63100.00 7.10878e-05
63150.00 7.07323e-05
63200.00 7.15356e-05
63250.00 7.2329e-05
63300.00 7.2962e-05
63350.00 7.36382e-05
63400.00 7.28735e-05
63450.00 7.19226e-05
63500.00 7.17527e-05
63550.00 7.18181e-05
63600.00 7.15625e-05
63650.00 7.12521e-05
63700.00 7.12659e-05
63750.00 7.10195e-05
63800.00 7.07361e-05
63850.00 7.14497e-05
63900.00 7.22713e-05
63950.00 7.3109e-05
64000.00 7.3921e-05
64050.00 7.45308e-05
64100.00 7.43593e-05
64150.00 7.33895e-05
64200.00 7.19829e-05
64250.00 7.16559e-05
64300.00 7.31352e-05
64350.00 7.38018e-05
64400.00 7.42174e-05
64450.00 7.48632e-05
64500.00 7.46518e-05
64550.00 7.34946e-05
64600.00 7.3353e-05
64650.00 7.44241e-05
64700.00 7.44868e-05
64750.00 7.37073e-05
64800.00 7.31393e-05
64850.00 7.3525e-05
64900.00 7.36295e-05
64950.00 7.35232e-05
65000.00 7.36589e-05
65050.00 7.35625e-05
65100.00 7.32009e-05
65150.00 7.27761e-05
65200.00 7.25204e-05
65250.00 7.28132e-05
65300.00 7.3044e-05
65350.00 7.2383e-05
65400.00 7.21087e-05
65450.00 7.27536e-05
65500.00 7.4055e-05
65550.00 7.49913e-05
65600.00 7.47529e-05
65650.00 7.41354e-05
65700.00 7.44085e-05
65750.00 7.50235e-05
65800.00 7.55398e-05
65850.00 7.65461e-05
65900.00 7.67965e-05
65950.00 7.59674e-05
66000.00 7.49765e-05
66050.00 7.54444e-05
66100.00 7.63839e-05
66150.00 7.62229e-05
66200.00 7.57664e-05
66250.00 7.55874e-05
66300.00 7.60557e-05
66350.00 7.63188e-05
66400.00 7.64546e-05
66450.00 7.63657e-05
66500.00 7.64197e-05
66550.00 7.66487e-05
66600.00 7.70583e-05
66650.00 7.70991e-05
66700.00 7.65085e-05
66750.00 7.66187e-05
66800.00 7.71539e-05
66850.00 7.71519e-05
66900.00 7.69693e-05
66950.00 7.66827e-05
67000.00 7.66795e-05
67050.00 7.66475e-05
67100.00 7.59096e-05
67150.00 7.5762e-05
67200.00 7.60679e-05
67250.00 7.56896e-05
67300.00 7.47217e-05
67350.00 7.43277e-05
67400.00 7.48661e-05
67450.00 7.58677e-05
67500.00 7.62495e-05
67550.00 7.5869e-05
67600.00 7.5985e-05
67650.00 7.64934e-05
67700.00 7.66785e-05
67750.00 7.69396e-05
67800.00 7.76178e-05
67850.00 7.74851e-05
67900.00 7.70115e-05
67950.00 7.72419e-05
68000.00 7.79321e-05
68050.00 7.84366e-05
68100.00 7.81066e-05
68150.00 7.83562e-05
68200.00 7.85562e-05
68250.00 7.82793e-05
68300.00 7.8549e-05
68350.00 7.859e-05
68400.00 7.82697e-05
68450.00 7.82599e-05
68500.00 7.78771e-05
68550.00 7.70883e-05
68600.00 7.63175e-05
68650.00 7.57747e-05
68700.00 7.60391e-05
68750.00 7.61624e-05
68800.00 7.55878e-05
68850.00 7.5603e-05
68900.00 7.59149e-05
68950.00 7.63298e-05
69000.00 7.67056e-05
69050.00 7.66858e-05
69100.00 7.69904e-05
69150.00 7.75591e-05
69200.00 7.79748e-05
69250.00 7.82479e-05
69300.00 7.82414e-05
69350.00 7.80766e-05
69400.00 7.84603e-05
69450.00 7.80858e-05
69500.00 7.78499e-05
69550.00 7.80269e-05
69600.00 7.73377e-05
69650.00 7.66351e-05
69700.00 7.60424e-05
69750.00 7.52751e-05
69800.00 7.53476e-05
69850.00 7.61152e-05
69900.00 7.62844e-05
69950.00 7.70694e-05
70000.00 7.8077e-05
70050.00 7.82572e-05
70100.00 7.79505e-05
70150.00 7.71246e-05
70200.00 7.70388e-05
70250.00 7.78202e-05
70300.00 7.82147e-05
70350.00 7.94194e-05
70400.00 8.02207e-05
70450.00 8.02785e-05
70500.00 8.1255e-05
70550.00 8.21628e-05
70600.00 8.2701e-05
70650.00 8.25764e-05
70700.00 8.23569e-05
70750.00 8.28572e-05
70800.00 8.30549e-05
70850.00 8.23641e-05
70900.00 8.14247e-05
70950.00 8.04263e-05
71000.00 7.98743e-05
71050.00 7.98843e-05
71100.00 7.95265e-05
71150.00 8.01404e-05
71200.00 8.09863e-05
71250.00 8.02967e-05
71300.00 7.92898e-05
71350.00 7.82799e-05
71400.00 7.85349e-05
71450.00 7.98777e-05
71500.00 8.11959e-05
71550.00 8.20954e-05
71600.00 8.20244e-05
71650.00 8.20395e-05
71700.00 8.13539e-05
71750.00 8.0348e-05
71800.00 8.04569e-05
71850.00 8.09284e-05
71900.00 8.15343e-05
71950.00 8.15911e-05
72000.00 8.16335e-05
72050.00 8.14092e-05
72100.00 8.12704e-05
72150.00 8.16551e-05
72200.00 8.18518e-05
72250.00 8.15413e-05
72300.00 8.08976e-05
72350.00 8.08288e-05
72400.00 8.11002e-05
72450.00 8.18564e-05
72500.00 8.25784e-05
72550.00 8.25325e-05
72600.00 8.26652e-05
72650.00 8.27971e-05
72700.00 8.27966e-05
72750.00 8.24056e-05
72800.00 8.15153e-05
72850.00 8.11872e-05
72900.00 8.1367e-05
72950.00 8.14261e-05
73000.00 8.12703e-05
73050.00 8.15025e-05
73100.00 8.17216e-05
73150.00 8.18315e-05
73200.00 8.14567e-05
73250.00 8.12917e-05
73300.00 8.22025e-05
73350.00 8.28177e-05
73400.00 8.26566e-05
73450.00 8.25645e-05
73500.00 8.23113e-05
73550.00 8.14531e-05
73600.00 8.21228e-05
73650.00 8.3175e-05
73700.00 8.37472e-05
73750.00 8.44752e-05
73800.00 8.44321e-05
73850.00 8.50676e-05
73900.00 8.59602e-05
73950.00 8.62474e-05
74000.00 8.58122e-05
74050.00 8.50446e-05
74100.00 8.46343e-05
74150.00 8.47586e-05
74200.00 8.50089e-05
74250.00 8.5567e-05
74300.00 8.5826e-05
74350.00 8.52567e-05
74400.00 8.49008e-05
74450.00 8.48803e-05
74500.00 8.5408e-05
74550.00 8.53285e-05
74600.00 8.58902e-05
74650.00 8.63703e-05
74700.00 8.57852e-05
74750.00 8.63252e-05
74800.00 8.72933e-05
74850.00 8.77453e-05
74900.00 8.71008e-05
74950.00 8.64343e-05
75000.00 8.65955e-05
75050.00 8.72184e-05
75100.00 8.74499e-05
75150.00 8.79467e-05
75200.00 8.85044e-05
75250.00 8.74539e-05
75300.00 8.77787e-05
75350.00 8.86828e-05
75400.00 8.88273e-05
75450.00 8.86993e-05
75500.00 8.85518e-05
75550.00 8.89255e-05
75600.00 8.97393e-05
75650.00 9.12694e-05
75700.00 9.12397e-05
75750.00 8.99107e-05
75800.00 8.96578e-05
75850.00 9.07449e-05
75900.00 9.22424e-05
75950.00 9.28723e-05
76000.00 9.323e-05
76050.00 9.28231e-05
76100.00 9.11821e-05
76150.00 9.05503e-05
76200.00 9.0436e-05
76250.00 9.05755e-05
76300.00 9.13584e-05
76350.00 9.21389e-05
76400.00 9.13385e-05
76450.00 9.07062e-05
76500.00 9.10827e-05
76550.00 9.10518e-05
76600.00 9.14657e-05
76650.00 9.18568e-05
76700.00 9.18624e-05
76750.00 9.15822e-05
76800.00 9.16512e-05
76850.00 9.21237e-05
76900.00 9.26421e-05
76950.00 9.33824e-05
77000.00 9.34958e-05
77050.00 9.30135e-05
77100.00 9.33687e-05
77150.00 9.29672e-05
77200.00 9.16887e-05
77250.00 9.20779e-05
77300.00 9.3004e-05
77350.00 9.32746e-05
77400.00 9.34521e-05
77450.00 9.29632e-05
77500.00 9.24062e-05
77550.00 9.26492e-05
77600.00 9.27348e-05
77650.00 9.22079e-05
77700.00 9.20088e-05
77750.00 9.19127e-05
77800.00 9.229e-05
77850.00 9.3219e-05
77900.00 9.35433e-05
77950.00 9.38734e-05
78000.00 9.32777e-05
78050.00 9.28335e-05
78100.00 9.40076e-05
78150.00 9.40676e-05
78200.00 9.39076e-05
78250.00 9.50513e-05
78300.00 9.60797e-05
78350.00 9.6e-05
78400.00 9.55802e-05
78450.00 9.55517e-05
78500.00 9.57944e-05
78550.00 9.6036e-05
78600.00 9.54728e-05
78650.00 9.51533e-05
78700.00 9.50918e-05
78750.00 9.48258e-05
78800.00 9.51299e-05
78850.00 9.52206e-05
78900.00 9.50636e-05
78950.00 9.52825e-05
79000.00 9.5312e-05
79050.00 9.50446e-05
79100.00 9.49407e-05
79150.00 9.52828e-05
79200.00 9.58431e-05
79250.00 9.57305e-05
79300.00 9.55334e-05
79350.00 9.51009e-05
79400.00 9.44881e-05
79450.00 9.46755e-05
79500.00 9.48067e-05
79550.00 9.42292e-05
79600.00 9.41473e-05
79650.00 9.47659e-05
79700.00 9.5487e-05
79750.00 9.58755e-05
79800.00 9.62088e-05
79850.00 9.72611e-05
79900.00 9.77437e-05
79950.00 9.74257e-05
80000.00 9.78535e-05
80050.00 9.89483e-05
80100.00 9.90712e-05
80150.00 9.919e-05
80200.00 9.95625e-05
80250.00 9.95543e-05
80300.00 9.97643e-05
80350.00 0.000100137
80400.00 0.000100422
80450.00 0.000100197
80500.00 9.9984e-05
80550.00 0.000100231
80600.00 9.99804e-05
80650.00 9.91662e-05
80700.00 9.85537e-05
80750.00 9.81888e-05
80800.00 9.85171e-05
80850.00 9.88927e-05
80900.00 9.86127e-05
80950.00 9.81796e-05
81000.00 9.8368e-05
81050.00 9.89489e-05
81100.00 9.92592e-05
81150.00 9.87693e-05
81200.00 9.79608e-05
81250.00 9.86005e-05
81300.00 9.88462e-05
81350.00 9.77084e-05
81400.00 9.773e-05
81450.00 9.83415e-05
81500.00 9.81043e-05
81550.00 9.78763e-05
81600.00 9.89234e-05
81650.00 9.95362e-05
81700.00 9.96518e-05
81750.00 0.000100104
81800.00 9.98163e-05
81850.00 9.96657e-05
81900.00 0.000100498
81950.00 0.0001012
82000.00 0.000101693
82050.00 0.000101452
82100.00 0.000101474
82150.00 0.000102442
82200.00 0.000102949
82250.00 0.00010307
82300.00 0.000103295
82350.00 0.000103225
82400.00 0.000102788
82450.00 0.000102594
82500.00 0.000102217
82550.00 0.000101683
82600.00 0.000100546
82650.00 0.000100615
82700.00 0.000101486
82750.00 0.000101392
82800.00 0.000101573
82850.00 0.00010144
82900.00 0.000101639
82950.00 0.000102471
83000.00 0.000102215
83050.00 0.000102872
83100.00 0.00010369
83150.00 0.000103618
83200.00 0.000102967
83250.00 0.000102619
83300.00 0.0001025
83350.00 0.000102361
83400.00 0.000102662
83450.00 0.000102623
83500.00 0.000103444
83550.00 0.000103808
83600.00 0.000103983
83650.00 0.000104323
83700.00 0.000103489
83750.00 0.000102839
83800.00 0.000102189
83850.00 0.00010172
83900.00 0.000101765
83950.00 0.000101806
84000.00 0.000102707
84050.00 0.000103624
84100.00 0.000104332
84150.00 0.000105095
84200.00 0.000105221
84250.00 0.00010558
84300.00 0.000105383
84350.00 0.000104887
84400.00 0.000105664
84450.00 0.000105996
84500.00 0.000105633
84550.00 0.000104781
84600.00 0.000104191
84650.00 0.000105336
84700.00 0.000106399
84750.00 0.000106209
84800.00 0.00010563
84850.00 0.000104819
84900.00 0.000103807
84950.00 0.000103539
85000.00 0.000104312
85050.00 0.000105062
85100.00 0.000105363
85150.00 0.000105921
85200.00 0.000106407
85250.00 0.000105857
85300.00 0.000105077
85350.00 0.000105384
85400.00 0.000105783
85450.00 0.000105386
85500.00 0.000104977
85550.00 0.000105
85600.00 0.00010515
85650.00 0.000105424
85700.00 0.000105906
85750.00 0.000106101
85800.00 0.0001062
85850.00 0.000106165
85900.00 0.00010582
85950.00 0.000105704
86000.00 0.000105713
86050.00 0.000105508
86100.00 0.000106281
86150.00 0.000107794
86200.00 0.000107757
86250.00 0.000107424
86300.00 0.00010788
86350.00 0.000107809
86400.00 0.000107925
86450.00 0.000108023
86500.00 0.000107431
86550.00 0.000106628
86600.00 0.000105803
86650.00 0.000105832
86700.00 0.000106156
86750.00 0.000105615
86800.00 0.000105772
86850.00 0.00010727
86900.00 0.000107928
86950.00 0.000107935
87000.00 0.000108358
87050.00 0.000108396
87100.00 0.000108099
87150.00 0.000108403
87200.00 0.000109202
87250.00 0.000108727
87300.00 0.000107515
87350.00 0.000107289
87400.00 0.000106953
87450.00 0.000106455
87500.00 0.000106233
87550.00 0.000105947
87600.00 0.000106052
87650.00 0.000107022
87700.00 0.000108331
87750.00 0.000108503
87800.00 0.000109196
87850.00 0.000110383
87900.00 0.000109939
87950.00 0.000109402
88000.00 0.000109239
88050.00 0.000108798
88100.00 0.000108901
88150.00 0.000110112
88200.00 0.000110171
88250.00 0.000109209
88300.00 0.000108574
88350.00 0.000108219
88400.00 0.000108038
88450.00 0.000108393
88500.00 0.000109516
88550.00 0.00011035
88600.00 0.000110503
88650.00 0.000109946
88700.00 0.000109405
88750.00 0.000108518
88800.00 0.000108799
88850.00 0.000110662
88900.00 0.000111038
88950.00 0.000110663
89000.00 0.000110225
89050.00 0.000110024
89100.00 0.000110014
89150.00 0.000109466
89200.00 0.000108028
89250.00 0.000107199
89300.00 0.000108001
89350.00 0.000108755
89400.00 0.000108744
89450.00 0.000108856
89500.00 0.000109085
89550.00 0.000109246
89600.00 0.000109633
89650.00 0.000109313
89700.00 0.000109289
89750.00 0.000109381
89800.00 0.000109619
89850.00 0.00010999
89900.00 0.000109393
89950.00 0.000108953
90000.00 0.000109427
90050.00 0.000109685
90100.00 0.000109317
90150.00 0.000108718
90200.00 0.000108332
90250.00 0.000108334
90300.00 0.000107946
90350.00 0.000107622
90400.00 0.000107737
90450.00 0.000108385
90500.00 0.000109349
90550.00 0.000110064
90600.00 0.000109781
90650.00 0.000108838
90700.00 0.000108721
90750.00 0.000109398
90800.00 0.000110309
90850.00 0.000110558
90900.00 0.000110481
90950.00 0.000110997
91000.00 0.000111429
91050.00 0.000112035
91100.00 0.00011282
91150.00 0.000112276
91200.00 0.000111578
91250.00 0.000110856
91300.00 0.000110118
91350.00 0.000109861
91400.00 0.000108432
91450.00 0.000107849
91500.00 0.000108911
91550.00 0.00011009
91600.00 0.000110759
91650.00 0.000110316
91700.00 0.000110133
91750.00 0.000110202
91800.00 0.000110111
91850.00 0.000110305
91900.00 0.000111009
91950.00 0.00011137
92000.00 0.000111097
92050.00 0.00011099
92100.00 0.000110255
92150.00 0.000109483
92200.00 0.000109919
92250.00 0.00010987
92300.00 0.000109109
92350.00 0.00010852
92400.00 0.000108552
92450.00 0.000108644
92500.00 0.000109085
92550.00 0.00011021
92600.00 0.000111102
92650.00 0.000110977
92700.00 0.000110114
92750.00 0.000109906
92800.00 0.000110678
92850.00 0.000111049
92900.00 0.000110556
92950.00 0.000110234
93000.00 0.000110205
93050.00 0.000110639
93100.00 0.000111219
93150.00 0.000111943
93200.00 0.000111924
93250.00 0.00011091
93300.00 0.000110689
93350.00 0.000111003
93400.00 0.000110627
93450.00 0.000109714
93500.00 0.000109131
93550.00 0.00010925
93600.00 0.000110244
93650.00 0.000111634
93700.00 0.000112581
93750.00 0.000112772
93800.00 0.000112648
93850.00 0.000113273
93900.00 0.000113109
93950.00 0.00011291
94000.00 0.000113013
94050.00 0.000112924
94100.00 0.000113027
94150.00 0.000112081
94200.00 0.000111442
94250.00 0.00011258
94300.00 0.000113603
94350.00 0.00011287
94400.00 0.000112038
94450.00 0.000112461
94500.00 0.000113173
94550.00 0.000113339
94600.00 0.000113006
94650.00 0.000112889
94700.00 0.000112598
94750.00 0.000112475
94800.00 0.000112151
94850.00 0.000111985
94900.00 0.000112036
94950.00 0.000111605
95000.00 0.000111292
95050.00 0.000110826
95100.00 0.000109893
95150.00 0.000109769
95200.00 0.000110653
95250.00 0.00011125
95300.00 0.000111717
95350.00 0.000111811
95400.00 0.00011199
95450.00 0.000112648
95500.00 0.000113572
95550.00 0.00011459
95600.00 0.000115436
95650.00 0.000115005
95700.00 0.000113914
95750.00 0.000112931
95800.00 0.000112387
95850.00 0.000113117
95900.00 0.000112008
95950.00 0.000110426
96000.00 0.000111105
96050.00 0.000111287
96100.00 0.000110954
96150.00 0.000111483
96200.00 0.000111831
96250.00 0.000111236
96300.00 0.00011147
96350.00 0.0001114
96400.00 0.000110822
96450.00 0.000110832
96500.00 0.000110919
96550.00 0.000111197
96600.00 0.000111345
96650.00 0.00011076
96700.00 0.000110013
96750.00 0.000110213
96800.00 0.000110708
96850.00 0.000111079
96900.00 0.00011059
96950.00 0.000109818
97000.00 0.000109934
97050.00 0.000111
97100.00 0.000110942
97150.00 0.000110602
97200.00 0.000111578
97250.00 0.000111397
97300.00 0.000110913
97350.00 0.000111382
97400.00 0.000112415
97450.00 0.000113364
97500.00 0.000112807
97550.00 0.000112772
97600.00 0.00011399
97650.00 0.000114143
97700.00 0.000113553
97750.00 0.000113243
97800.00 0.000113431
97850.00 0.000113498
97900.00 0.000112861
97950.00 0.000111566
98000.00 0.000110665
98050.00 0.000110735
98100.00 0.000111401
98150.00 0.000111647
98200.00 0.000110957
98250.00 0.000110389
98300.00 0.000111103
98350.00 0.000112031
98400.00 0.000112804
98450.00 0.000113192
98500.00 0.000113525
98550.00 0.000113905
98600.00 0.000113987
98650.00 0.000114063
98700.00 0.000113662
98750.00 0.000113473
98800.00 0.000113838
98850.00 0.000113764
98900.00 0.000114006
98950.00 0.000114534
99000.00 0.00011367
99050.00 0.000113467
99100.00 0.000114477
99150.00 0.000114879
99200.00 0.000114542
99250.00 0.000113807
99300.00 0.000113525
99350.00 0.000113828
99400.00 0.000114028
99450.00 0.000113998
99500.00 0.000113693
99550.00 0.000113876
99600.00 0.000114661
99650.00 0.000115733
99700.00 0.000116555
99750.00 0.000116001
99800.00 0.000115054
99850.00 0.000115083
99900.00 0.000115425
