           2   23.000000000000000     
           3   54.000000000000000     
           3   12.000000000000000     
           3   96.000000000000000     
           7   14.000000000000000     
          10   26.000000000000000     
          11   114.00000000000000     
          13   69.000000000000000     
          13   15.000000000000000     
          15   35.000000000000000     
          15   86.000000000000000     
          18   31.000000000000000     
          18   33.000000000000000     
          24   20.000000000000000     
          28   79.000000000000000     
          28   115.00000000000000     
          29   73.000000000000000     
          32   46.000000000000000     
          32   24.000000000000000     
          34   56.000000000000000     
          42   36.000000000000000     
          44   18.000000000000000     
          44   38.000000000000000     
          47   56.000000000000000     
          48   26.000000000000000     
          49   10.000000000000000     
          55   52.000000000000000     
          56   25.000000000000000     
          58   28.000000000000000     
          59   54.000000000000000     
          60   25.000000000000000     
          64   39.000000000000000     
          65   107.00000000000000     
          66   87.000000000000000     
          67   66.000000000000000     
          68   118.00000000000000     
          69   134.00000000000000     
          69   54.000000000000000     
          71   30.000000000000000     
          72   38.000000000000000     
          73   51.000000000000000     
          74   38.000000000000000     
          75   23.000000000000000     
          76   32.000000000000000     
          78   52.000000000000000     
          80   22.000000000000000     
          81   15.000000000000000     
          81   19.000000000000000     
          82   67.000000000000000     
          82   89.000000000000000     
          85   6.0000000000000000     
          90   23.000000000000000     
          91   27.000000000000000     
          94   41.000000000000000     
          94   33.000000000000000     
          95   23.000000000000000     
          95   46.000000000000000     
