          99   19.000000000000000     
         110   26.000000000000000     
         113   19.000000000000000     
         127   29.000000000000000     
         130   17.000000000000000     
         140   40.000000000000000     
         140   88.000000000000000     
         141   28.000000000000000     
         142   44.000000000000000     
         143   77.000000000000000     
         144   41.000000000000000     
         144   17.000000000000000     
         144   13.000000000000000     
         148   31.000000000000000     
         150   7.0000000000000000     
         152   8.0000000000000000     
         155   12.000000000000000     
