50.00 2.11836e-07
100.00 4.73222e-07
150.00 1.3459e-07
200.00 -1.25243e-06
250.00 -2.38343e-06
300.00 -3.64377e-06
350.00 -4.23316e-06
400.00 -4.08534e-06
450.00 -4.01295e-06
500.00 -3.38607e-06
550.00 -3.07227e-06
600.00 -3.36987e-06
650.00 -3.59538e-06
700.00 -3.9562e-06
750.00 -4.12339e-06
800.00 -4.47224e-06
850.00 -4.24499e-06
900.00 -3.39488e-06
950.00 -2.9941e-06
1000.00 -2.83771e-06
1050.00 -3.33562e-06
1100.00 -4.02694e-06
1150.00 -3.60325e-06
1200.00 -3.14609e-06
1250.00 -3.27316e-06
1300.00 -4.17533e-06
1350.00 -5.23077e-06
1400.00 -5.83311e-06
1450.00 -5.99399e-06
1500.00 -5.71142e-06
1550.00 -6.18803e-06
1600.00 -6.27036e-06
1650.00 -5.97438e-06
1700.00 -6.04149e-06
1750.00 -5.52768e-06
1800.00 -5.41285e-06
1850.00 -5.66605e-06
1900.00 -6.31529e-06
1950.00 -6.989e-06
2000.00 -6.13061e-06
2050.00 -4.69742e-06
2100.00 -4.91494e-06
2150.00 -5.91334e-06
2200.00 -5.50627e-06
2250.00 -5.15827e-06
2300.00 -4.75568e-06
2350.00 -4.55859e-06
2400.00 -4.87587e-06
2450.00 -4.8788e-06
2500.00 -4.67533e-06
2550.00 -4.06401e-06
2600.00 -3.6476e-06
2650.00 -3.62399e-06
2700.00 -3.73088e-06
2750.00 -3.86351e-06
2800.00 -3.86751e-06
2850.00 -3.79618e-06
2900.00 -3.59128e-06
2950.00 -3.7547e-06
3000.00 -4.84901e-06
3050.00 -4.96978e-06
3100.00 -4.03624e-06
3150.00 -2.89884e-06
3200.00 -2.53638e-06
3250.00 -2.79465e-06
3300.00 -2.42912e-06
3350.00 -2.29976e-06
3400.00 -2.61149e-06
3450.00 -2.28124e-06
3500.00 -2.11953e-06
3550.00 -3.06424e-06
3600.00 -4.07146e-06
3650.00 -4.95875e-06
3700.00 -5.05982e-06
3750.00 -4.99409e-06
3800.00 -5.02877e-06
3850.00 -4.76413e-06
3900.00 -4.71983e-06
3950.00 -5.34392e-06
4000.00 -5.30575e-06
4050.00 -3.80404e-06
4100.00 -2.97432e-06
4150.00 -3.23861e-06
4200.00 -3.19519e-06
4250.00 -2.6329e-06
4300.00 -2.4649e-06
4350.00 -2.49409e-06
4400.00 -3.08519e-06
4450.00 -4.36808e-06
4500.00 -4.08997e-06
4550.00 -3.60763e-06
4600.00 -4.26225e-06
4650.00 -4.3e-06
4700.00 -4.81524e-06
4750.00 -5.59241e-06
4800.00 -5.19015e-06
4850.00 -4.55134e-06
4900.00 -5.0617e-06
4950.00 -4.86442e-06
5000.00 -4.19317e-06
5050.00 -4.6315e-06
5100.00 -4.96932e-06
5150.00 -5.13263e-06
5200.00 -5.56407e-06
5250.00 -6.49918e-06
5300.00 -6.76475e-06
5350.00 -6.35176e-06
5400.00 -5.95803e-06
5450.00 -5.9754e-06
5500.00 -6.00337e-06
5550.00 -5.53922e-06
5600.00 -4.77446e-06
5650.00 -3.89362e-06
5700.00 -4.16958e-06
5750.00 -3.21808e-06
5800.00 -1.64087e-06
5850.00 -2.97117e-06
5900.00 -3.94372e-06
5950.00 -3.98766e-06
6000.00 -4.34316e-06
6050.00 -5.43061e-06
6100.00 -6.28997e-06
6150.00 -5.94327e-06
6200.00 -5.16897e-06
6250.00 -4.31544e-06
6300.00 -4.61022e-06
6350.00 -5.55104e-06
6400.00 -5.78258e-06
6450.00 -4.83864e-06
6500.00 -4.86763e-06
6550.00 -5.83001e-06
6600.00 -6.39946e-06
6650.00 -6.40149e-06
6700.00 -5.49469e-06
6750.00 -5.10663e-06
6800.00 -5.03838e-06
6850.00 -4.89617e-06
6900.00 -5.4278e-06
6950.00 -6.06377e-06
7000.00 -5.27911e-06
7050.00 -4.11016e-06
7100.00 -4.94349e-06
7150.00 -5.91388e-06
7200.00 -5.71846e-06
7250.00 -5.6734e-06
7300.00 -5.33086e-06
7350.00 -5.27079e-06
7400.00 -5.69074e-06
7450.00 -6.20632e-06
7500.00 -6.52684e-06
7550.00 -6.21026e-06
7600.00 -5.60213e-06
7650.00 -4.84805e-06
7700.00 -4.77738e-06
7750.00 -5.18931e-06
7800.00 -5.21743e-06
7850.00 -4.85524e-06
7900.00 -5.11574e-06
7950.00 -5.73099e-06
8000.00 -5.35099e-06
8050.00 -5.34337e-06
8100.00 -6.10918e-06
8150.00 -6.44634e-06
8200.00 -5.77277e-06
8250.00 -5.05057e-06
8300.00 -4.83857e-06
8350.00 -4.42685e-06
8400.00 -4.6414e-06
8450.00 -5.69052e-06
8500.00 -6.72595e-06
8550.00 -6.8671e-06
8600.00 -5.95084e-06
8650.00 -5.89146e-06
8700.00 -6.06845e-06
8750.00 -4.97312e-06
8800.00 -4.21265e-06
8850.00 -4.34917e-06
8900.00 -4.97887e-06
8950.00 -4.94704e-06
9000.00 -5.29199e-06
9050.00 -5.10786e-06
9100.00 -4.84077e-06
9150.00 -5.45765e-06
9200.00 -5.56291e-06
9250.00 -6.0663e-06
9300.00 -6.4e-06
9350.00 -5.6747e-06
9400.00 -5.58258e-06
9450.00 -6.49771e-06
9500.00 -6.72256e-06
9550.00 -7.1426e-06
9600.00 -7.28941e-06
9650.00 -6.94193e-06
9700.00 -7.34876e-06
9750.00 -6.91953e-06
9800.00 -6.81258e-06
9850.00 -6.59151e-06
9900.00 -6.35567e-06
9950.00 -6.91656e-06
10000.00 -6.71224e-06
10050.00 -5.91081e-06
10100.00 -5.93716e-06
10150.00 -6.40885e-06
10200.00 -6.27279e-06
10250.00 -5.97314e-06
10300.00 -5.36489e-06
10350.00 -5.09222e-06
10400.00 -5.63092e-06
10450.00 -6.17744e-06
10500.00 -6.16956e-06
10550.00 -5.88794e-06
10600.00 -5.52291e-06
10650.00 -5.36909e-06
10700.00 -5.23568e-06
10750.00 -5.51301e-06
10800.00 -5.90259e-06
10850.00 -5.28708e-06
10900.00 -5.07162e-06
10950.00 -4.75595e-06
11000.00 -3.88232e-06
11050.00 -4.27307e-06
11100.00 -5.94812e-06
11150.00 -7.22955e-06
11200.00 -7.1776e-06
11250.00 -7.07023e-06
11300.00 -6.84033e-06
11350.00 -6.55058e-06
11400.00 -6.79682e-06
11450.00 -6.80112e-06
11500.00 -6.2962e-06
11550.00 -6.97907e-06
11600.00 -8.58335e-06
11650.00 -9.94477e-06
11700.00 -1.0838e-05
11750.00 -1.08636e-05
11800.00 -1.00263e-05
11850.00 -9.61787e-06
11900.00 -9.88958e-06
11950.00 -9.69743e-06
12000.00 -9.17879e-06
12050.00 -9.40244e-06
12100.00 -9.82556e-06
12150.00 -9.79451e-06
12200.00 -9.11277e-06
12250.00 -9.08967e-06
12300.00 -9.91377e-06
12350.00 -9.31936e-06
12400.00 -8.39074e-06
12450.00 -8.25075e-06
12500.00 -8.65549e-06
12550.00 -8.57114e-06
12600.00 -8.02693e-06
12650.00 -7.4878e-06
12700.00 -6.73917e-06
12750.00 -6.28313e-06
12800.00 -6.38781e-06
12850.00 -7.47879e-06
12900.00 -7.97686e-06
12950.00 -8.37855e-06
13000.00 -9.04027e-06
13050.00 -9.64585e-06
13100.00 -9.90365e-06
13150.00 -9.52708e-06
13200.00 -9.57686e-06
13250.00 -1.01976e-05
13300.00 -1.08254e-05
13350.00 -1.02012e-05
13400.00 -9.82474e-06
13450.00 -9.7043e-06
13500.00 -9.81978e-06
13550.00 -9.60138e-06
13600.00 -9.05375e-06
13650.00 -8.86978e-06
13700.00 -9.29755e-06
13750.00 -9.37349e-06
13800.00 -9.27089e-06
13850.00 -9.94513e-06
13900.00 -1.02421e-05
13950.00 -1.08289e-05
14000.00 -1.11171e-05
14050.00 -9.91445e-06
14100.00 -9.37319e-06
14150.00 -9.71058e-06
14200.00 -9.85482e-06
14250.00 -1.03286e-05
14300.00 -1.04616e-05
14350.00 -1.12972e-05
14400.00 -1.11635e-05
14450.00 -1.06274e-05
14500.00 -1.10096e-05
14550.00 -1.09077e-05
14600.00 -1.06252e-05
14650.00 -1.04494e-05
14700.00 -1.06108e-05
14750.00 -1.05883e-05
14800.00 -1.03893e-05
14850.00 -9.7632e-06
14900.00 -1.01938e-05
14950.00 -1.10228e-05
15000.00 -1.12052e-05
15050.00 -1.18144e-05
15100.00 -1.23376e-05
15150.00 -1.29112e-05
15200.00 -1.28281e-05
15250.00 -1.21575e-05
15300.00 -1.22797e-05
15350.00 -1.25899e-05
15400.00 -1.22371e-05
15450.00 -1.19311e-05
15500.00 -1.16753e-05
15550.00 -1.16431e-05
15600.00 -1.26582e-05
15650.00 -1.34479e-05
15700.00 -1.27564e-05
15750.00 -1.17955e-05
15800.00 -1.21095e-05
15850.00 -1.27949e-05
15900.00 -1.22846e-05
15950.00 -1.1784e-05
16000.00 -1.11912e-05
16050.00 -1.09707e-05
16100.00 -1.18139e-05
16150.00 -1.20511e-05
16200.00 -1.15883e-05
16250.00 -1.14606e-05
16300.00 -1.13636e-05
16350.00 -1.11322e-05
16400.00 -1.07766e-05
16450.00 -1.05812e-05
16500.00 -1.03636e-05
16550.00 -1.04807e-05
16600.00 -1.13633e-05
16650.00 -1.11593e-05
16700.00 -1.13262e-05
16750.00 -1.15113e-05
16800.00 -1.02846e-05
16850.00 -1.03482e-05
16900.00 -1.14284e-05
16950.00 -1.08922e-05
17000.00 -9.75451e-06
17050.00 -9.5536e-06
17100.00 -1.05481e-05
17150.00 -1.20916e-05
17200.00 -1.16298e-05
17250.00 -1.1095e-05
17300.00 -1.1718e-05
17350.00 -1.1649e-05
17400.00 -1.15353e-05
17450.00 -1.29148e-05
17500.00 -1.44351e-05
17550.00 -1.45526e-05
17600.00 -1.41258e-05
17650.00 -1.31861e-05
17700.00 -1.37193e-05
17750.00 -1.37469e-05
17800.00 -1.21394e-05
17850.00 -1.14126e-05
17900.00 -1.11787e-05
17950.00 -1.15821e-05
18000.00 -1.14483e-05
18050.00 -1.12676e-05
18100.00 -1.17637e-05
18150.00 -1.17394e-05
18200.00 -1.21489e-05
18250.00 -1.25617e-05
18300.00 -1.22425e-05
18350.00 -1.20962e-05
18400.00 -1.23173e-05
18450.00 -1.25511e-05
18500.00 -1.29773e-05
18550.00 -1.35877e-05
18600.00 -1.33343e-05
18650.00 -1.26018e-05
18700.00 -1.28051e-05
18750.00 -1.3533e-05
18800.00 -1.40444e-05
18850.00 -1.43974e-05
18900.00 -1.39567e-05
18950.00 -1.34981e-05
19000.00 -1.37902e-05
19050.00 -1.42246e-05
19100.00 -1.40788e-05
19150.00 -1.3119e-05
19200.00 -1.30456e-05
19250.00 -1.36824e-05
19300.00 -1.34078e-05
19350.00 -1.39529e-05
19400.00 -1.45081e-05
19450.00 -1.41397e-05
19500.00 -1.54925e-05
19550.00 -1.65822e-05
19600.00 -1.69203e-05
19650.00 -1.74299e-05
19700.00 -1.84553e-05
19750.00 -1.9119e-05
19800.00 -1.85629e-05
19850.00 -1.80875e-05
19900.00 -1.80426e-05
19950.00 -1.82448e-05
20000.00 -1.75265e-05
20050.00 -1.75467e-05
20100.00 -1.81419e-05
20150.00 -1.78479e-05
20200.00 -1.72607e-05
20250.00 -1.69626e-05
20300.00 -1.68985e-05
20350.00 -1.757e-05
20400.00 -1.78994e-05
20450.00 -1.73753e-05
20500.00 -1.68887e-05
20550.00 -1.62702e-05
20600.00 -1.57862e-05
20650.00 -1.57683e-05
20700.00 -1.64897e-05
20750.00 -1.65068e-05
20800.00 -1.61595e-05
20850.00 -1.6301e-05
20900.00 -1.62093e-05
20950.00 -1.58719e-05
21000.00 -1.66285e-05
21050.00 -1.71116e-05
21100.00 -1.71042e-05
21150.00 -1.76566e-05
21200.00 -1.80896e-05
21250.00 -1.84717e-05
21300.00 -1.89546e-05
21350.00 -1.89868e-05
21400.00 -1.83898e-05
21450.00 -1.77502e-05
21500.00 -1.64445e-05
21550.00 -1.58567e-05
21600.00 -1.64105e-05
21650.00 -1.60133e-05
21700.00 -1.60788e-05
21750.00 -1.74811e-05
21800.00 -1.83507e-05
21850.00 -1.82086e-05
21900.00 -1.73949e-05
21950.00 -1.60714e-05
22000.00 -1.64913e-05
22050.00 -1.77754e-05
22100.00 -1.73742e-05
22150.00 -1.71485e-05
22200.00 -1.71341e-05
22250.00 -1.64606e-05
22300.00 -1.6689e-05
22350.00 -1.7931e-05
22400.00 -1.83831e-05
22450.00 -1.82238e-05
22500.00 -1.82453e-05
22550.00 -1.82038e-05
22600.00 -1.80948e-05
22650.00 -1.76505e-05
22700.00 -1.73619e-05
22750.00 -1.78205e-05
22800.00 -1.81801e-05
22850.00 -1.80995e-05
22900.00 -1.7873e-05
22950.00 -1.70062e-05
23000.00 -1.74488e-05
23050.00 -1.82715e-05
23100.00 -1.76125e-05
23150.00 -1.72833e-05
23200.00 -1.73816e-05
23250.00 -1.71226e-05
23300.00 -1.58948e-05
23350.00 -1.55412e-05
23400.00 -1.54069e-05
23450.00 -1.53732e-05
23500.00 -1.51546e-05
23550.00 -1.4488e-05
23600.00 -1.53613e-05
23650.00 -1.64689e-05
23700.00 -1.60999e-05
23750.00 -1.58926e-05
23800.00 -1.6894e-05
23850.00 -1.75563e-05
23900.00 -1.76879e-05
23950.00 -1.7819e-05
24000.00 -1.79358e-05
24050.00 -1.77396e-05
24100.00 -1.72924e-05
24150.00 -1.63345e-05
24200.00 -1.54974e-05
24250.00 -1.55405e-05
24300.00 -1.5104e-05
24350.00 -1.51504e-05
24400.00 -1.57093e-05
24450.00 -1.53833e-05
24500.00 -1.53058e-05
24550.00 -1.54955e-05
24600.00 -1.58636e-05
24650.00 -1.66596e-05
24700.00 -1.76233e-05
24750.00 -1.83104e-05
24800.00 -1.89444e-05
24850.00 -1.97721e-05
24900.00 -2.08812e-05
24950.00 -2.18261e-05
25000.00 -2.19134e-05
25050.00 -2.2374e-05
25100.00 -2.24846e-05
25150.00 -2.14292e-05
25200.00 -2.13724e-05
25250.00 -2.22629e-05
25300.00 -2.17274e-05
25350.00 -2.05625e-05
25400.00 -2.1026e-05
25450.00 -2.22411e-05
25500.00 -2.23934e-05
25550.00 -2.23219e-05
25600.00 -2.20878e-05
25650.00 -2.18913e-05
25700.00 -2.24565e-05
25750.00 -2.25816e-05
25800.00 -2.2629e-05
25850.00 -2.30981e-05
25900.00 -2.33707e-05
25950.00 -2.34753e-05
26000.00 -2.37342e-05
26050.00 -2.36428e-05
26100.00 -2.36733e-05
26150.00 -2.37301e-05
26200.00 -2.38226e-05
26250.00 -2.39054e-05
26300.00 -2.3556e-05
26350.00 -2.32025e-05
26400.00 -2.32511e-05
26450.00 -2.33093e-05
26500.00 -2.35626e-05
26550.00 -2.37059e-05
26600.00 -2.40513e-05
26650.00 -2.48903e-05
26700.00 -2.50397e-05
26750.00 -2.56757e-05
26800.00 -2.54464e-05
26850.00 -2.49693e-05
26900.00 -2.56217e-05
26950.00 -2.57085e-05
27000.00 -2.53536e-05
27050.00 -2.5236e-05
27100.00 -2.45719e-05
27150.00 -2.49465e-05
27200.00 -2.5669e-05
27250.00 -2.50825e-05
27300.00 -2.55021e-05
27350.00 -2.588e-05
27400.00 -2.58229e-05
27450.00 -2.58574e-05
27500.00 -2.63452e-05
27550.00 -2.71532e-05
27600.00 -2.67115e-05
27650.00 -2.62724e-05
27700.00 -2.63904e-05
27750.00 -2.5506e-05
27800.00 -2.51417e-05
27850.00 -2.52858e-05
27900.00 -2.54909e-05
27950.00 -2.5429e-05
28000.00 -2.52684e-05
28050.00 -2.62395e-05
28100.00 -2.63698e-05
28150.00 -2.58978e-05
28200.00 -2.51397e-05
28250.00 -2.37723e-05
28300.00 -2.36548e-05
28350.00 -2.43943e-05
28400.00 -2.49315e-05
28450.00 -2.50212e-05
28500.00 -2.4867e-05
28550.00 -2.41381e-05
28600.00 -2.35634e-05
28650.00 -2.32595e-05
28700.00 -2.27703e-05
28750.00 -2.31526e-05
28800.00 -2.38159e-05
28850.00 -2.40629e-05
28900.00 -2.47342e-05
28950.00 -2.55244e-05
29000.00 -2.53909e-05
29050.00 -2.46281e-05
29100.00 -2.42956e-05
29150.00 -2.44433e-05
29200.00 -2.49552e-05
29250.00 -2.45467e-05
29300.00 -2.37263e-05
29350.00 -2.3741e-05
29400.00 -2.29109e-05
29450.00 -2.28237e-05
29500.00 -2.41719e-05
29550.00 -2.46068e-05
29600.00 -2.41615e-05
29650.00 -2.3508e-05
29700.00 -2.32364e-05
29750.00 -2.34509e-05
29800.00 -2.37757e-05
29850.00 -2.38128e-05
29900.00 -2.4341e-05
29950.00 -2.50254e-05
30000.00 -2.48321e-05
30050.00 -2.43391e-05
30100.00 -2.3699e-05
30150.00 -2.4097e-05
30200.00 -2.41472e-05
30250.00 -2.36735e-05
30300.00 -2.37542e-05
30350.00 -2.38386e-05
30400.00 -2.41341e-05
30450.00 -2.37796e-05
30500.00 -2.33363e-05
30550.00 -2.31865e-05
30600.00 -2.39773e-05
30650.00 -2.55579e-05
30700.00 -2.54871e-05
30750.00 -2.54365e-05
30800.00 -2.61519e-05
30850.00 -2.62934e-05
30900.00 -2.7055e-05
30950.00 -2.79066e-05
31000.00 -2.78847e-05
31050.00 -2.77544e-05
31100.00 -2.68739e-05
31150.00 -2.64464e-05
31200.00 -2.71977e-05
31250.00 -2.79627e-05
31300.00 -2.7996e-05
31350.00 -2.77593e-05
31400.00 -2.72881e-05
31450.00 -2.67328e-05
31500.00 -2.60133e-05
31550.00 -2.5272e-05
31600.00 -2.54374e-05
31650.00 -2.51588e-05
31700.00 -2.43097e-05
31750.00 -2.41632e-05
31800.00 -2.4854e-05
31850.00 -2.56042e-05
31900.00 -2.57346e-05
31950.00 -2.56125e-05
32000.00 -2.58897e-05
32050.00 -2.62543e-05
32100.00 -2.64088e-05
32150.00 -2.65284e-05
32200.00 -2.75125e-05
32250.00 -2.79024e-05
32300.00 -2.69851e-05
32350.00 -2.63791e-05
32400.00 -2.64684e-05
32450.00 -2.61321e-05
32500.00 -2.51969e-05
32550.00 -2.53293e-05
32600.00 -2.53478e-05
32650.00 -2.50475e-05
32700.00 -2.4639e-05
32750.00 -2.45303e-05
32800.00 -2.60017e-05
32850.00 -2.72691e-05
32900.00 -2.83433e-05
32950.00 -2.9124e-05
33000.00 -2.8829e-05
33050.00 -2.84626e-05
33100.00 -2.82112e-05
33150.00 -2.79432e-05
33200.00 -2.79032e-05
33250.00 -2.77921e-05
33300.00 -2.80009e-05
33350.00 -2.85913e-05
33400.00 -2.77236e-05
33450.00 -2.6692e-05
33500.00 -2.68003e-05
33550.00 -2.72225e-05
33600.00 -2.75128e-05
33650.00 -2.69172e-05
33700.00 -2.64569e-05
33750.00 -2.60708e-05
33800.00 -2.5744e-05
33850.00 -2.59275e-05
33900.00 -2.62795e-05
33950.00 -2.6622e-05
34000.00 -2.70881e-05
34050.00 -2.72808e-05
34100.00 -2.68704e-05
34150.00 -2.67705e-05
34200.00 -2.686e-05
34250.00 -2.70668e-05
34300.00 -2.69009e-05
34350.00 -2.72837e-05
34400.00 -2.78518e-05
34450.00 -2.77333e-05
34500.00 -2.6623e-05
34550.00 -2.58687e-05
34600.00 -2.68391e-05
34650.00 -2.71527e-05
34700.00 -2.6867e-05
34750.00 -2.64073e-05
34800.00 -2.61673e-05
34850.00 -2.64982e-05
34900.00 -2.66451e-05
34950.00 -2.68602e-05
35000.00 -2.69069e-05
35050.00 -2.73725e-05
35100.00 -2.84641e-05
35150.00 -2.92744e-05
35200.00 -2.96241e-05
35250.00 -2.9138e-05
35300.00 -2.93997e-05
35350.00 -2.97472e-05
35400.00 -2.92125e-05
35450.00 -2.88277e-05
35500.00 -2.80597e-05
35550.00 -2.78297e-05
35600.00 -2.79269e-05
35650.00 -2.78014e-05
35700.00 -2.7716e-05
35750.00 -2.72843e-05
35800.00 -2.71481e-05
35850.00 -2.75311e-05
35900.00 -2.7995e-05
35950.00 -2.79265e-05
36000.00 -2.82401e-05
36050.00 -2.89468e-05
36100.00 -2.9512e-05
36150.00 -2.95708e-05
36200.00 -2.85016e-05
36250.00 -2.7946e-05
36300.00 -2.82111e-05
36350.00 -2.85487e-05
36400.00 -2.8835e-05
36450.00 -2.89644e-05
36500.00 -2.91875e-05
36550.00 -2.93389e-05
36600.00 -2.88964e-05
36650.00 -2.87226e-05
36700.00 -2.87367e-05
36750.00 -2.80426e-05
36800.00 -2.72796e-05
36850.00 -2.71227e-05
36900.00 -2.79282e-05
36950.00 -2.91245e-05
37000.00 -2.98687e-05
37050.00 -2.98147e-05
37100.00 -2.95704e-05
37150.00 -2.97895e-05
37200.00 -2.97548e-05
37250.00 -2.9445e-05
37300.00 -2.94582e-05
37350.00 -2.93723e-05
37400.00 -2.94343e-05
37450.00 -3.00247e-05
37500.00 -2.96943e-05
37550.00 -2.91841e-05
37600.00 -2.84486e-05
37650.00 -2.85608e-05
37700.00 -2.97435e-05
37750.00 -2.98781e-05
37800.00 -3.00346e-05
37850.00 -2.95574e-05
37900.00 -2.84835e-05
37950.00 -2.82994e-05
38000.00 -2.86263e-05
38050.00 -2.93911e-05
38100.00 -2.94406e-05
38150.00 -2.92972e-05
38200.00 -2.98191e-05
38250.00 -2.98998e-05
38300.00 -2.955e-05
38350.00 -2.91057e-05
38400.00 -2.85083e-05
38450.00 -2.82324e-05
38500.00 -2.84437e-05
38550.00 -2.80931e-05
38600.00 -2.78957e-05
38650.00 -2.86709e-05
38700.00 -2.95408e-05
38750.00 -3.02107e-05
38800.00 -2.9842e-05
38850.00 -2.94688e-05
38900.00 -2.94726e-05
38950.00 -2.8311e-05
39000.00 -2.72436e-05
39050.00 -2.74783e-05
39100.00 -2.84884e-05
39150.00 -2.90375e-05
39200.00 -2.82558e-05
39250.00 -2.76923e-05
39300.00 -2.88581e-05
39350.00 -2.98652e-05
39400.00 -3.02763e-05
39450.00 -3.08466e-05
39500.00 -3.09039e-05
39550.00 -3.05028e-05
39600.00 -3.00022e-05
39650.00 -2.98358e-05
39700.00 -2.91192e-05
39750.00 -2.86626e-05
39800.00 -2.98281e-05
39850.00 -3.09922e-05
39900.00 -3.07789e-05
39950.00 -3.09187e-05
40000.00 -3.12447e-05
40050.00 -3.08001e-05
40100.00 -3.06052e-05
40150.00 -3.02757e-05
40200.00 -3.04668e-05
40250.00 -3.06457e-05
40300.00 -3.04109e-05
40350.00 -2.98468e-05
40400.00 -2.96178e-05
40450.00 -3.04161e-05
40500.00 -3.18828e-05
40550.00 -3.19389e-05
40600.00 -3.14261e-05
40650.00 -3.2369e-05
40700.00 -3.26228e-05
40750.00 -3.22604e-05
40800.00 -3.24485e-05
40850.00 -3.28697e-05
40900.00 -3.31758e-05
40950.00 -3.32375e-05
41000.00 -3.32831e-05
41050.00 -3.32053e-05
41100.00 -3.24993e-05
41150.00 -3.17731e-05
41200.00 -3.18891e-05
41250.00 -3.25934e-05
41300.00 -3.24565e-05
41350.00 -3.09208e-05
41400.00 -3.02288e-05
41450.00 -3.06437e-05
41500.00 -3.11763e-05
41550.00 -3.15862e-05
41600.00 -3.17971e-05
41650.00 -3.22635e-05
41700.00 -3.26374e-05
41750.00 -3.27834e-05
41800.00 -3.21568e-05
41850.00 -3.10873e-05
41900.00 -3.07501e-05
41950.00 -3.16307e-05
42000.00 -3.28353e-05
42050.00 -3.29054e-05
42100.00 -3.28159e-05
42150.00 -3.3553e-05
42200.00 -3.36142e-05
42250.00 -3.29742e-05
42300.00 -3.32599e-05
42350.00 -3.35911e-05
42400.00 -3.33662e-05
42450.00 -3.29386e-05
42500.00 -3.2962e-05
42550.00 -3.33542e-05
42600.00 -3.29852e-05
42650.00 -3.26914e-05
42700.00 -3.29511e-05
42750.00 -3.25872e-05
42800.00 -3.2308e-05
42850.00 -3.27454e-05
42900.00 -3.22717e-05
42950.00 -3.1767e-05
43000.00 -3.15721e-05
43050.00 -3.05582e-05
43100.00 -2.98007e-05
43150.00 -3.04246e-05
43200.00 -3.18506e-05
43250.00 -3.36382e-05
43300.00 -3.47739e-05
43350.00 -3.53144e-05
43400.00 -3.60373e-05
43450.00 -3.66325e-05
43500.00 -3.71763e-05
43550.00 -3.77517e-05
43600.00 -3.77545e-05
43650.00 -3.67361e-05
43700.00 -3.60693e-05
43750.00 -3.59458e-05
43800.00 -3.5498e-05
43850.00 -3.55036e-05
43900.00 -3.58656e-05
43950.00 -3.62473e-05
44000.00 -3.68816e-05
44050.00 -3.67494e-05
44100.00 -3.66374e-05
44150.00 -3.70143e-05
44200.00 -3.72569e-05
44250.00 -3.68506e-05
44300.00 -3.6391e-05
44350.00 -3.61295e-05
44400.00 -3.60188e-05
44450.00 -3.6333e-05
44500.00 -3.61245e-05
44550.00 -3.57337e-05
44600.00 -3.58927e-05
44650.00 -3.64034e-05
44700.00 -3.58775e-05
44750.00 -3.49126e-05
44800.00 -3.50163e-05
44850.00 -3.53101e-05
44900.00 -3.4831e-05
44950.00 -3.5015e-05
45000.00 -3.55771e-05
45050.00 -3.60114e-05
45100.00 -3.67142e-05
45150.00 -3.69126e-05
45200.00 -3.6931e-05
45250.00 -3.7028e-05
45300.00 -3.70367e-05
45350.00 -3.75924e-05
45400.00 -3.87217e-05
45450.00 -3.92222e-05
45500.00 -3.96798e-05
45550.00 -3.94012e-05
45600.00 -3.84157e-05
45650.00 -3.86949e-05
45700.00 -3.95024e-05
45750.00 -3.91427e-05
45800.00 -3.8277e-05
45850.00 -3.85128e-05
45900.00 -3.87284e-05
45950.00 -3.80831e-05
46000.00 -3.7067e-05
46050.00 -3.62358e-05
46100.00 -3.66833e-05
46150.00 -3.78615e-05
46200.00 -3.8316e-05
46250.00 -3.92603e-05
46300.00 -4.05358e-05
46350.00 -4.11016e-05
46400.00 -4.09798e-05
46450.00 -4.06078e-05
46500.00 -4.07942e-05
46550.00 -4.06585e-05
46600.00 -4.01595e-05
46650.00 -3.87966e-05
46700.00 -3.69448e-05
46750.00 -3.6364e-05
46800.00 -3.58459e-05
46850.00 -3.56707e-05
46900.00 -3.63492e-05
46950.00 -3.6947e-05
47000.00 -3.75157e-05
47050.00 -3.82553e-05
47100.00 -3.86633e-05
47150.00 -3.80402e-05
47200.00 -3.83051e-05
47250.00 -3.9266e-05
47300.00 -3.87141e-05
47350.00 -3.85417e-05
47400.00 -3.84622e-05
47450.00 -3.76437e-05
47500.00 -3.76145e-05
47550.00 -3.80669e-05
47600.00 -3.91284e-05
47650.00 -3.97772e-05
47700.00 -3.94715e-05
47750.00 -3.93837e-05
47800.00 -3.96284e-05
47850.00 -3.97216e-05
47900.00 -3.89382e-05
47950.00 -3.86663e-05
48000.00 -3.93558e-05
48050.00 -3.97303e-05
48100.00 -3.94849e-05
48150.00 -3.96455e-05
48200.00 -4.02494e-05
48250.00 -3.9698e-05
48300.00 -3.93303e-05
48350.00 -3.9089e-05
48400.00 -3.86218e-05
48450.00 -3.85622e-05
48500.00 -3.95409e-05
48550.00 -4.01896e-05
48600.00 -3.94604e-05
48650.00 -3.99783e-05
48700.00 -4.0597e-05
48750.00 -4.06331e-05
48800.00 -4.04986e-05
48850.00 -4.03628e-05
48900.00 -4.05535e-05
48950.00 -3.96208e-05
49000.00 -3.83033e-05
49050.00 -3.74125e-05
49100.00 -3.71838e-05
49150.00 -3.78974e-05
49200.00 -3.81729e-05
49250.00 -3.80887e-05
49300.00 -3.87128e-05
49350.00 -3.96226e-05
49400.00 -4.03669e-05
49450.00 -4.03428e-05
49500.00 -3.96654e-05
49550.00 -3.94056e-05
49600.00 -3.92547e-05
49650.00 -3.92844e-05
49700.00 -3.91252e-05
49750.00 -3.82843e-05
49800.00 -3.78283e-05
49850.00 -3.75529e-05
49900.00 -3.80212e-05
49950.00 -3.86777e-05
50000.00 -3.88872e-05
50050.00 -3.95234e-05
50100.00 -3.94696e-05
50150.00 -3.96311e-05
50200.00 -4.03758e-05
50250.00 -4.06702e-05
50300.00 -4.09533e-05
50350.00 -4.05658e-05
50400.00 -4.07249e-05
50450.00 -4.15275e-05
50500.00 -4.14843e-05
50550.00 -4.1072e-05
50600.00 -4.09739e-05
50650.00 -4.15473e-05
50700.00 -4.17398e-05
50750.00 -4.13522e-05
50800.00 -4.19082e-05
50850.00 -4.1763e-05
50900.00 -4.10971e-05
50950.00 -4.1372e-05
51000.00 -4.17621e-05
51050.00 -4.12547e-05
51100.00 -4.03274e-05
51150.00 -4.07576e-05
51200.00 -4.14311e-05
51250.00 -4.15511e-05
51300.00 -4.17647e-05
51350.00 -4.14285e-05
51400.00 -4.07308e-05
51450.00 -4.09695e-05
51500.00 -4.11141e-05
51550.00 -4.08029e-05
51600.00 -4.10598e-05
51650.00 -4.18319e-05
51700.00 -4.24263e-05
51750.00 -4.1589e-05
51800.00 -4.09406e-05
51850.00 -4.08424e-05
51900.00 -4.02581e-05
51950.00 -4.02446e-05
52000.00 -4.10775e-05
52050.00 -4.24726e-05
52100.00 -4.33583e-05
52150.00 -4.25938e-05
52200.00 -4.18244e-05
52250.00 -4.14918e-05
52300.00 -4.13962e-05
52350.00 -4.16435e-05
52400.00 -4.14348e-05
52450.00 -4.13283e-05
52500.00 -4.17053e-05
52550.00 -4.28334e-05
52600.00 -4.24744e-05
52650.00 -4.21223e-05
52700.00 -4.34195e-05
52750.00 -4.39355e-05
52800.00 -4.38216e-05
52850.00 -4.34596e-05
52900.00 -4.36065e-05
52950.00 -4.50594e-05
53000.00 -4.55327e-05
53050.00 -4.43881e-05
53100.00 -4.34858e-05
53150.00 -4.28757e-05
53200.00 -4.31342e-05
53250.00 -4.35816e-05
53300.00 -4.37031e-05
53350.00 -4.4054e-05
53400.00 -4.4305e-05
53450.00 -4.39163e-05
53500.00 -4.3705e-05
53550.00 -4.39631e-05
53600.00 -4.396e-05
53650.00 -4.41028e-05
53700.00 -4.4049e-05
53750.00 -4.33121e-05
53800.00 -4.28558e-05
53850.00 -4.30297e-05
53900.00 -4.34213e-05
53950.00 -4.39201e-05
54000.00 -4.38876e-05
54050.00 -4.39447e-05
54100.00 -4.36677e-05
54150.00 -4.31863e-05
54200.00 -4.35317e-05
54250.00 -4.43286e-05
54300.00 -4.3755e-05
54350.00 -4.31433e-05
54400.00 -4.27916e-05
54450.00 -4.1827e-05
54500.00 -4.18556e-05
54550.00 -4.1822e-05
54600.00 -4.24965e-05
54650.00 -4.39011e-05
54700.00 -4.37333e-05
54750.00 -4.2035e-05
54800.00 -4.12812e-05
54850.00 -4.13517e-05
54900.00 -4.17941e-05
54950.00 -4.28861e-05
55000.00 -4.29931e-05
55050.00 -4.32297e-05
55100.00 -4.49313e-05
55150.00 -4.60983e-05
55200.00 -4.55785e-05
55250.00 -4.56407e-05
55300.00 -4.64635e-05
55350.00 -4.68593e-05
55400.00 -4.78388e-05
55450.00 -4.84008e-05
55500.00 -4.75382e-05
55550.00 -4.65536e-05
55600.00 -4.611e-05
55650.00 -4.55856e-05
55700.00 -4.47685e-05
55750.00 -4.41234e-05
55800.00 -4.32818e-05
55850.00 -4.33123e-05
55900.00 -4.40516e-05
55950.00 -4.34956e-05
56000.00 -4.2701e-05
56050.00 -4.27457e-05
56100.00 -4.37174e-05
56150.00 -4.46765e-05
56200.00 -4.54437e-05
56250.00 -4.59116e-05
56300.00 -4.62188e-05
56350.00 -4.72361e-05
56400.00 -4.77658e-05
56450.00 -4.61825e-05
56500.00 -4.47953e-05
56550.00 -4.5573e-05
56600.00 -4.62854e-05
56650.00 -4.64327e-05
56700.00 -4.68601e-05
56750.00 -4.7398e-05
56800.00 -4.7799e-05
56850.00 -4.77828e-05
56900.00 -4.80676e-05
56950.00 -4.85316e-05
57000.00 -4.81952e-05
57050.00 -4.78308e-05
57100.00 -4.79152e-05
57150.00 -4.77173e-05
57200.00 -4.77619e-05
57250.00 -4.80489e-05
57300.00 -4.81529e-05
57350.00 -4.77612e-05
57400.00 -4.67177e-05
57450.00 -4.66431e-05
57500.00 -4.70023e-05
57550.00 -4.66148e-05
57600.00 -4.63556e-05
57650.00 -4.6506e-05
57700.00 -4.67988e-05
57750.00 -4.66067e-05
57800.00 -4.56817e-05
57850.00 -4.58381e-05
57900.00 -4.65872e-05
57950.00 -4.68895e-05
58000.00 -4.68972e-05
58050.00 -4.70134e-05
58100.00 -4.72865e-05
58150.00 -4.71072e-05
58200.00 -4.70211e-05
58250.00 -4.70267e-05
58300.00 -4.69399e-05
58350.00 -4.73212e-05
58400.00 -4.80893e-05
58450.00 -4.79644e-05
58500.00 -4.75587e-05
58550.00 -4.6923e-05
58600.00 -4.65481e-05
58650.00 -4.71653e-05
58700.00 -4.75839e-05
58750.00 -4.74304e-05
58800.00 -4.77715e-05
58850.00 -4.85593e-05
58900.00 -4.80012e-05
58950.00 -4.75167e-05
59000.00 -4.71883e-05
59050.00 -4.69733e-05
59100.00 -4.65141e-05
59150.00 -4.6155e-05
59200.00 -4.64872e-05
59250.00 -4.6291e-05
59300.00 -4.67134e-05
59350.00 -4.70015e-05
59400.00 -4.70283e-05
59450.00 -4.67658e-05
59500.00 -4.66199e-05
59550.00 -4.68853e-05
59600.00 -4.68165e-05
59650.00 -4.67236e-05
59700.00 -4.64434e-05
59750.00 -4.75308e-05
59800.00 -4.77543e-05
59850.00 -4.6317e-05
59900.00 -4.57243e-05
59950.00 -4.4503e-05
60000.00 -4.36411e-05
60050.00 -4.40885e-05
60100.00 -4.49135e-05
60150.00 -4.60311e-05
60200.00 -4.75718e-05
60250.00 -4.85163e-05
60300.00 -4.89751e-05
60350.00 -4.91709e-05
60400.00 -4.76916e-05
60450.00 -4.67034e-05
60500.00 -4.75043e-05
60550.00 -4.79062e-05
60600.00 -4.7231e-05
60650.00 -4.76263e-05
60700.00 -4.81919e-05
60750.00 -4.78366e-05
60800.00 -4.71477e-05
60850.00 -4.6286e-05
60900.00 -4.70144e-05
60950.00 -4.80192e-05
61000.00 -4.84455e-05
61050.00 -4.88247e-05
61100.00 -4.84149e-05
61150.00 -4.82814e-05
61200.00 -4.83118e-05
61250.00 -4.82547e-05
61300.00 -4.86292e-05
61350.00 -4.88889e-05
61400.00 -4.83225e-05
61450.00 -4.77062e-05
61500.00 -4.7662e-05
61550.00 -4.75594e-05
61600.00 -4.64439e-05
61650.00 -4.48769e-05
61700.00 -4.49347e-05
61750.00 -4.57108e-05
61800.00 -4.59653e-05
61850.00 -4.56911e-05
61900.00 -4.57405e-05
61950.00 -4.69581e-05
62000.00 -4.79493e-05
62050.00 -4.82066e-05
62100.00 -4.88087e-05
62150.00 -4.92907e-05
62200.00 -4.89614e-05
62250.00 -4.84139e-05
62300.00 -4.83792e-05
62350.00 -4.91767e-05
62400.00 -5.04586e-05
62450.00 -5.05602e-05
62500.00 -4.9354e-05
62550.00 -4.85968e-05
62600.00 -4.87677e-05
62650.00 -4.89245e-05
62700.00 -4.97372e-05
62750.00 -4.98575e-05
62800.00 -4.88667e-05
62850.00 -4.88817e-05
62900.00 -4.9324e-05
62950.00 -4.91726e-05
63000.00 -4.94385e-05
63050.00 -5.05833e-05
63100.00 -5.0735e-05
63150.00 -5.04797e-05
63200.00 -5.1251e-05
63250.00 -5.15282e-05
63300.00 -5.12206e-05
63350.00 -5.09882e-05
63400.00 -4.95577e-05
63450.00 -4.88867e-05
63500.00 -4.94962e-05
63550.00 -5.0471e-05
63600.00 -5.16449e-05
63650.00 -5.19839e-05
63700.00 -5.16035e-05
63750.00 -5.09707e-05
63800.00 -5.03747e-05
63850.00 -5.03684e-05
63900.00 -5.06834e-05
63950.00 -5.09049e-05
64000.00 -5.13181e-05
64050.00 -5.28065e-05
64100.00 -5.41161e-05
64150.00 -5.37773e-05
64200.00 -5.28799e-05
64250.00 -5.31721e-05
64300.00 -5.36609e-05
64350.00 -5.36114e-05
64400.00 -5.45225e-05
64450.00 -5.48809e-05
64500.00 -5.35222e-05
64550.00 -5.21227e-05
64600.00 -5.19637e-05
64650.00 -5.12856e-05
64700.00 -5.07236e-05
64750.00 -5.16092e-05
64800.00 -5.25412e-05
64850.00 -5.33154e-05
64900.00 -5.42718e-05
64950.00 -5.4972e-05
65000.00 -5.43691e-05
65050.00 -5.33426e-05
65100.00 -5.29551e-05
65150.00 -5.25781e-05
65200.00 -5.24538e-05
65250.00 -5.25672e-05
65300.00 -5.25389e-05
65350.00 -5.23275e-05
65400.00 -5.25391e-05
65450.00 -5.31274e-05
65500.00 -5.25327e-05
65550.00 -5.21424e-05
65600.00 -5.30071e-05
65650.00 -5.35046e-05
65700.00 -5.33092e-05
65750.00 -5.25731e-05
65800.00 -5.19899e-05
65850.00 -5.13469e-05
65900.00 -5.07677e-05
65950.00 -5.04532e-05
66000.00 -4.99362e-05
66050.00 -4.97334e-05
66100.00 -5.06763e-05
66150.00 -5.23712e-05
66200.00 -5.34956e-05
66250.00 -5.43741e-05
66300.00 -5.44438e-05
66350.00 -5.47074e-05
66400.00 -5.53296e-05
66450.00 -5.49892e-05
66500.00 -5.40841e-05
66550.00 -5.28639e-05
66600.00 -5.24299e-05
66650.00 -5.33575e-05
66700.00 -5.38506e-05
66750.00 -5.4672e-05
66800.00 -5.55034e-05
66850.00 -5.52185e-05
66900.00 -5.47921e-05
66950.00 -5.46764e-05
67000.00 -5.49326e-05
67050.00 -5.57965e-05
67100.00 -5.62969e-05
67150.00 -5.58035e-05
67200.00 -5.53833e-05
67250.00 -5.49807e-05
67300.00 -5.53731e-05
67350.00 -5.51632e-05
67400.00 -5.49946e-05
67450.00 -5.60472e-05
67500.00 -5.63145e-05
67550.00 -5.62768e-05
67600.00 -5.66801e-05
67650.00 -5.61571e-05
67700.00 -5.53499e-05
67750.00 -5.43671e-05
67800.00 -5.32526e-05
67850.00 -5.29289e-05
67900.00 -5.30289e-05
67950.00 -5.33919e-05
68000.00 -5.34093e-05
68050.00 -5.40384e-05
68100.00 -5.49096e-05
68150.00 -5.56975e-05
68200.00 -5.62809e-05
68250.00 -5.62008e-05
68300.00 -5.58729e-05
68350.00 -5.55313e-05
68400.00 -5.49014e-05
68450.00 -5.39303e-05
68500.00 -5.38073e-05
68550.00 -5.35121e-05
68600.00 -5.37905e-05
68650.00 -5.49826e-05
68700.00 -5.56053e-05
68750.00 -5.64935e-05
68800.00 -5.74829e-05
68850.00 -5.76528e-05
68900.00 -5.6922e-05
68950.00 -5.63913e-05
69000.00 -5.62405e-05
69050.00 -5.6213e-05
69100.00 -5.67725e-05
69150.00 -5.70046e-05
69200.00 -5.63431e-05
69250.00 -5.53828e-05
69300.00 -5.43839e-05
69350.00 -5.37115e-05
69400.00 -5.314e-05
69450.00 -5.33256e-05
69500.00 -5.439e-05
69550.00 -5.53205e-05
69600.00 -5.64023e-05
69650.00 -5.61821e-05
69700.00 -5.5382e-05
69750.00 -5.60665e-05
69800.00 -5.66811e-05
69850.00 -5.60237e-05
69900.00 -5.59723e-05
69950.00 -5.59571e-05
70000.00 -5.50484e-05
70050.00 -5.50712e-05
70100.00 -5.54434e-05
70150.00 -5.52406e-05
70200.00 -5.47899e-05
70250.00 -5.46276e-05
70300.00 -5.54433e-05
70350.00 -5.56748e-05
70400.00 -5.53403e-05
70450.00 -5.53e-05
70500.00 -5.46097e-05
70550.00 -5.45008e-05
70600.00 -5.49481e-05
70650.00 -5.49668e-05
70700.00 -5.58517e-05
70750.00 -5.67543e-05
70800.00 -5.69794e-05
70850.00 -5.73439e-05
70900.00 -5.74681e-05
70950.00 -5.72756e-05
71000.00 -5.68432e-05
71050.00 -5.6158e-05
71100.00 -5.5975e-05
71150.00 -5.64543e-05
71200.00 -5.65124e-05
71250.00 -5.67019e-05
71300.00 -5.65424e-05
71350.00 -5.61682e-05
71400.00 -5.59135e-05
71450.00 -5.62646e-05
71500.00 -5.69797e-05
71550.00 -5.70144e-05
71600.00 -5.63441e-05
71650.00 -5.5784e-05
71700.00 -5.63818e-05
71750.00 -5.63099e-05
71800.00 -5.55646e-05
71850.00 -5.53106e-05
71900.00 -5.55286e-05
71950.00 -5.61673e-05
72000.00 -5.6723e-05
72050.00 -5.71044e-05
72100.00 -5.75137e-05
72150.00 -5.79129e-05
72200.00 -5.85888e-05
72250.00 -5.926e-05
72300.00 -5.93749e-05
72350.00 -5.90016e-05
72400.00 -5.81726e-05
72450.00 -5.8328e-05
72500.00 -5.81788e-05
72550.00 -5.76424e-05
72600.00 -5.81068e-05
72650.00 -5.78302e-05
72700.00 -5.78821e-05
72750.00 -5.80301e-05
72800.00 -5.71432e-05
72850.00 -5.69555e-05
72900.00 -5.66325e-05
72950.00 -5.59395e-05
73000.00 -5.6556e-05
73050.00 -5.7839e-05
73100.00 -5.86643e-05
73150.00 -5.86981e-05
73200.00 -5.85474e-05
73250.00 -5.82375e-05
73300.00 -5.78779e-05
73350.00 -5.82382e-05
73400.00 -5.82769e-05
73450.00 -5.82318e-05
73500.00 -5.85299e-05
73550.00 -5.82817e-05
73600.00 -5.85656e-05
73650.00 -5.86561e-05
73700.00 -5.78647e-05
73750.00 -5.73798e-05
73800.00 -5.79573e-05
73850.00 -5.895e-05
73900.00 -5.89235e-05
73950.00 -5.8779e-05
74000.00 -5.87565e-05
74050.00 -5.89575e-05
74100.00 -5.95127e-05
74150.00 -5.90223e-05
74200.00 -5.8439e-05
74250.00 -5.8349e-05
74300.00 -5.81408e-05
74350.00 -5.83267e-05
74400.00 -5.77133e-05
74450.00 -5.70406e-05
74500.00 -5.70449e-05
74550.00 -5.67945e-05
74600.00 -5.71277e-05
74650.00 -5.76791e-05
74700.00 -5.75892e-05
74750.00 -5.74036e-05
74800.00 -5.8148e-05
74850.00 -5.93385e-05
74900.00 -5.98048e-05
74950.00 -5.99208e-05
75000.00 -5.9553e-05
75050.00 -5.89668e-05
75100.00 -5.98032e-05
75150.00 -6.06796e-05
75200.00 -6.0644e-05
75250.00 -6.07696e-05
75300.00 -6.07088e-05
75350.00 -6.0826e-05
75400.00 -6.10063e-05
75450.00 -6.07602e-05
75500.00 -6.1385e-05
75550.00 -6.16313e-05
75600.00 -6.09654e-05
75650.00 -6.11604e-05
75700.00 -6.17694e-05
75750.00 -6.05494e-05
75800.00 -6.03719e-05
75850.00 -6.15426e-05
75900.00 -6.20316e-05
75950.00 -6.15609e-05
76000.00 -6.0998e-05
76050.00 -6.19951e-05
76100.00 -6.27746e-05
76150.00 -6.30563e-05
76200.00 -6.28438e-05
76250.00 -6.25432e-05
76300.00 -6.19785e-05
76350.00 -6.18492e-05
76400.00 -6.21662e-05
76450.00 -6.24583e-05
76500.00 -6.19294e-05
76550.00 -6.13344e-05
76600.00 -6.20756e-05
76650.00 -6.23646e-05
76700.00 -6.25536e-05
76750.00 -6.2253e-05
76800.00 -6.22045e-05
76850.00 -6.34885e-05
76900.00 -6.35755e-05
76950.00 -6.21651e-05
77000.00 -6.14579e-05
77050.00 -6.13274e-05
77100.00 -6.03027e-05
77150.00 -5.99796e-05
77200.00 -6.11105e-05
77250.00 -6.21636e-05
77300.00 -6.18974e-05
77350.00 -6.16407e-05
77400.00 -6.2801e-05
77450.00 -6.33868e-05
77500.00 -6.33497e-05
77550.00 -6.43756e-05
77600.00 -6.50147e-05
77650.00 -6.48473e-05
77700.00 -6.46309e-05
77750.00 -6.43775e-05
77800.00 -6.4192e-05
77850.00 -6.32568e-05
77900.00 -6.22016e-05
77950.00 -6.21583e-05
78000.00 -6.291e-05
78050.00 -6.26778e-05
78100.00 -6.17366e-05
78150.00 -6.19448e-05
78200.00 -6.33203e-05
78250.00 -6.39619e-05
78300.00 -6.34639e-05
78350.00 -6.33386e-05
78400.00 -6.37597e-05
78450.00 -6.45604e-05
78500.00 -6.47006e-05
78550.00 -6.48441e-05
78600.00 -6.54023e-05
78650.00 -6.53304e-05
78700.00 -6.52173e-05
78750.00 -6.57761e-05
78800.00 -6.63e-05
78850.00 -6.6905e-05
78900.00 -6.70793e-05
78950.00 -6.6949e-05
79000.00 -6.74909e-05
79050.00 -6.81034e-05
79100.00 -6.75236e-05
79150.00 -6.60048e-05
79200.00 -6.53459e-05
79250.00 -6.48354e-05
79300.00 -6.41297e-05
79350.00 -6.41393e-05
79400.00 -6.45797e-05
79450.00 -6.56329e-05
79500.00 -6.71378e-05
79550.00 -6.66804e-05
79600.00 -6.55705e-05
79650.00 -6.6011e-05
79700.00 -6.70346e-05
79750.00 -6.71189e-05
79800.00 -6.69336e-05
79850.00 -6.76818e-05
79900.00 -6.77451e-05
79950.00 -6.73958e-05
80000.00 -6.71063e-05
80050.00 -6.71656e-05
80100.00 -6.74741e-05
80150.00 -6.80121e-05
80200.00 -6.86185e-05
80250.00 -6.81507e-05
80300.00 -6.68779e-05
80350.00 -6.60238e-05
80400.00 -6.57752e-05
80450.00 -6.6438e-05
80500.00 -6.7128e-05
80550.00 -6.68246e-05
80600.00 -6.73983e-05
80650.00 -6.78401e-05
80700.00 -6.73149e-05
80750.00 -6.63602e-05
80800.00 -6.57552e-05
80850.00 -6.55684e-05
80900.00 -6.45692e-05
80950.00 -6.33876e-05
81000.00 -6.31522e-05
81050.00 -6.38021e-05
81100.00 -6.49247e-05
81150.00 -6.54777e-05
81200.00 -6.54662e-05
81250.00 -6.57961e-05
81300.00 -6.58569e-05
81350.00 -6.61716e-05
81400.00 -6.608e-05
81450.00 -6.6099e-05
81500.00 -6.7223e-05
81550.00 -6.75987e-05
81600.00 -6.68563e-05
81650.00 -6.70616e-05
81700.00 -6.82628e-05
81750.00 -6.82344e-05
81800.00 -6.75713e-05
81850.00 -6.71041e-05
81900.00 -6.68762e-05
81950.00 -6.6944e-05
82000.00 -6.72951e-05
82050.00 -6.81667e-05
82100.00 -6.87997e-05
82150.00 -6.97615e-05
82200.00 -7.06236e-05
82250.00 -6.99884e-05
82300.00 -6.92423e-05
82350.00 -6.90436e-05
82400.00 -6.88003e-05
82450.00 -6.80403e-05
82500.00 -6.72601e-05
82550.00 -6.61497e-05
82600.00 -6.58796e-05
82650.00 -6.61626e-05
82700.00 -6.63921e-05
82750.00 -6.69741e-05
82800.00 -6.75204e-05
82850.00 -6.87334e-05
82900.00 -6.89658e-05
82950.00 -6.86341e-05
83000.00 -6.88348e-05
83050.00 -6.91507e-05
83100.00 -6.96411e-05
83150.00 -7.00645e-05
83200.00 -6.98806e-05
83250.00 -6.91574e-05
83300.00 -6.90387e-05
83350.00 -6.89542e-05
83400.00 -6.88156e-05
83450.00 -6.90455e-05
83500.00 -6.91295e-05
83550.00 -6.92677e-05
83600.00 -6.92267e-05
83650.00 -6.86341e-05
83700.00 -6.81068e-05
83750.00 -6.70469e-05
83800.00 -6.66648e-05
83850.00 -6.72291e-05
83900.00 -6.72698e-05
83950.00 -6.77402e-05
84000.00 -6.91312e-05
84050.00 -6.9597e-05
84100.00 -6.83074e-05
84150.00 -6.7006e-05
84200.00 -6.62735e-05
84250.00 -6.60148e-05
84300.00 -6.58484e-05
84350.00 -6.53586e-05
84400.00 -6.51739e-05
84450.00 -6.55185e-05
84500.00 -6.56416e-05
84550.00 -6.61681e-05
84600.00 -6.67235e-05
84650.00 -6.72798e-05
84700.00 -6.81387e-05
84750.00 -6.80795e-05
84800.00 -6.72677e-05
84850.00 -6.74719e-05
84900.00 -6.7508e-05
84950.00 -6.67002e-05
85000.00 -6.6713e-05
85050.00 -6.71513e-05
85100.00 -6.7838e-05
85150.00 -6.86582e-05
85200.00 -6.93394e-05
85250.00 -6.9507e-05
85300.00 -6.95905e-05
85350.00 -7.06771e-05
85400.00 -7.15287e-05
85450.00 -7.18995e-05
85500.00 -7.1329e-05
85550.00 -7.03588e-05
85600.00 -7.04438e-05
85650.00 -7.0488e-05
85700.00 -7.04156e-05
85750.00 -6.97683e-05
85800.00 -6.93952e-05
85850.00 -6.896e-05
85900.00 -6.78778e-05
85950.00 -6.83127e-05
86000.00 -6.9007e-05
86050.00 -6.86589e-05
86100.00 -6.8933e-05
86150.00 -6.967e-05
86200.00 -6.92171e-05
86250.00 -6.94528e-05
86300.00 -6.99986e-05
86350.00 -6.97291e-05
86400.00 -6.99138e-05
86450.00 -7.01947e-05
86500.00 -7.09322e-05
86550.00 -7.12153e-05
86600.00 -7.06083e-05
86650.00 -6.99647e-05
86700.00 -6.98938e-05
86750.00 -7.09101e-05
86800.00 -7.19051e-05
86850.00 -7.12983e-05
86900.00 -7.05339e-05
86950.00 -7.15388e-05
87000.00 -7.29683e-05
87050.00 -7.37897e-05
87100.00 -7.3303e-05
87150.00 -7.26489e-05
87200.00 -7.28481e-05
87250.00 -7.23455e-05
87300.00 -7.28506e-05
87350.00 -7.35831e-05
87400.00 -7.23796e-05
87450.00 -7.00263e-05
87500.00 -6.88308e-05
87550.00 -7.02188e-05
87600.00 -7.16795e-05
87650.00 -7.28283e-05
87700.00 -7.33223e-05
87750.00 -7.2969e-05
87800.00 -7.35579e-05
87850.00 -7.39663e-05
87900.00 -7.41092e-05
87950.00 -7.44564e-05
88000.00 -7.42033e-05
88050.00 -7.44745e-05
88100.00 -7.50667e-05
88150.00 -7.4644e-05
88200.00 -7.34713e-05
88250.00 -7.30128e-05
88300.00 -7.37517e-05
88350.00 -7.34309e-05
88400.00 -7.26662e-05
88450.00 -7.32921e-05
88500.00 -7.38072e-05
88550.00 -7.36851e-05
88600.00 -7.35725e-05
88650.00 -7.36461e-05
88700.00 -7.38245e-05
88750.00 -7.34448e-05
88800.00 -7.37301e-05
88850.00 -7.45228e-05
88900.00 -7.43293e-05
88950.00 -7.43426e-05
89000.00 -7.43079e-05
89050.00 -7.39562e-05
89100.00 -7.35523e-05
89150.00 -7.27886e-05
89200.00 -7.32973e-05
89250.00 -7.42331e-05
89300.00 -7.42696e-05
89350.00 -7.43514e-05
89400.00 -7.47188e-05
89450.00 -7.51089e-05
89500.00 -7.53459e-05
89550.00 -7.52719e-05
89600.00 -7.46177e-05
89650.00 -7.36902e-05
89700.00 -7.3017e-05
89750.00 -7.1981e-05
89800.00 -7.0963e-05
89850.00 -7.04725e-05
89900.00 -7.08753e-05
89950.00 -7.19821e-05
90000.00 -7.24219e-05
90050.00 -7.22895e-05
90100.00 -7.19858e-05
90150.00 -7.18515e-05
90200.00 -7.17664e-05
90250.00 -7.23612e-05
90300.00 -7.29779e-05
90350.00 -7.32326e-05
90400.00 -7.32481e-05
90450.00 -7.30106e-05
90500.00 -7.26322e-05
90550.00 -7.24211e-05
90600.00 -7.23914e-05
90650.00 -7.20114e-05
90700.00 -7.20411e-05
90750.00 -7.16498e-05
90800.00 -7.11126e-05
90850.00 -7.1733e-05
90900.00 -7.23793e-05
90950.00 -7.29106e-05
91000.00 -7.29817e-05
91050.00 -7.30919e-05
91100.00 -7.322e-05
91150.00 -7.31728e-05
91200.00 -7.41394e-05
91250.00 -7.49068e-05
91300.00 -7.46283e-05
91350.00 -7.42861e-05
91400.00 -7.41797e-05
91450.00 -7.38014e-05
91500.00 -7.38346e-05
91550.00 -7.37093e-05
91600.00 -7.30984e-05
91650.00 -7.259e-05
91700.00 -7.32713e-05
91750.00 -7.39864e-05
91800.00 -7.40989e-05
91850.00 -7.37494e-05
91900.00 -7.32155e-05
91950.00 -7.40634e-05
92000.00 -7.5174e-05
92050.00 -7.5863e-05
92100.00 -7.4883e-05
92150.00 -7.30119e-05
92200.00 -7.28235e-05
92250.00 -7.43994e-05
92300.00 -7.5714e-05
92350.00 -7.55671e-05
92400.00 -7.47545e-05
92450.00 -7.43549e-05
92500.00 -7.50481e-05
92550.00 -7.52817e-05
92600.00 -7.44066e-05
92650.00 -7.42558e-05
92700.00 -7.51423e-05
92750.00 -7.60302e-05
92800.00 -7.64703e-05
92850.00 -7.69513e-05
92900.00 -7.66335e-05
92950.00 -7.50958e-05
93000.00 -7.55994e-05
93050.00 -7.67224e-05
93100.00 -7.7085e-05
93150.00 -7.72367e-05
93200.00 -7.71924e-05
93250.00 -7.73096e-05
93300.00 -7.72442e-05
93350.00 -7.71098e-05
93400.00 -7.63646e-05
93450.00 -7.58604e-05
93500.00 -7.55134e-05
93550.00 -7.58175e-05
93600.00 -7.61874e-05
93650.00 -7.6574e-05
93700.00 -7.66901e-05
93750.00 -7.63123e-05
93800.00 -7.59621e-05
93850.00 -7.57501e-05
93900.00 -7.59666e-05
93950.00 -7.64612e-05
94000.00 -7.72772e-05
94050.00 -7.72903e-05
94100.00 -7.64229e-05
94150.00 -7.60737e-05
94200.00 -7.56966e-05
94250.00 -7.56467e-05
94300.00 -7.59167e-05
94350.00 -7.57343e-05
94400.00 -7.58579e-05
94450.00 -7.58663e-05
94500.00 -7.48965e-05
94550.00 -7.43884e-05
94600.00 -7.51775e-05
94650.00 -7.55997e-05
94700.00 -7.64477e-05
94750.00 -7.71964e-05
94800.00 -7.74274e-05
94850.00 -7.78013e-05
94900.00 -7.77959e-05
94950.00 -7.77971e-05
95000.00 -7.77847e-05
95050.00 -7.8356e-05
95100.00 -7.83305e-05
95150.00 -7.69881e-05
95200.00 -7.67873e-05
95250.00 -7.76332e-05
95300.00 -7.7988e-05
95350.00 -7.78823e-05
95400.00 -7.76996e-05
95450.00 -7.72965e-05
95500.00 -7.66878e-05
95550.00 -7.68424e-05
95600.00 -7.74585e-05
95650.00 -7.68275e-05
95700.00 -7.64488e-05
95750.00 -7.68525e-05
95800.00 -7.70291e-05
95850.00 -7.754e-05
95900.00 -7.6864e-05
95950.00 -7.61959e-05
96000.00 -7.6772e-05
96050.00 -7.59686e-05
96100.00 -7.54709e-05
96150.00 -7.55569e-05
96200.00 -7.50209e-05
96250.00 -7.54402e-05
96300.00 -7.60152e-05
96350.00 -7.59087e-05
96400.00 -7.61469e-05
96450.00 -7.77777e-05
96500.00 -7.91151e-05
96550.00 -7.94709e-05
96600.00 -8.00163e-05
96650.00 -8.01286e-05
96700.00 -7.87613e-05
96750.00 -7.73932e-05
96800.00 -7.748e-05
96850.00 -7.77099e-05
96900.00 -7.80792e-05
96950.00 -7.8204e-05
97000.00 -7.85105e-05
97050.00 -7.87451e-05
97100.00 -7.90539e-05
97150.00 -7.98783e-05
97200.00 -7.89741e-05
97250.00 -7.81116e-05
97300.00 -7.80996e-05
97350.00 -7.7655e-05
97400.00 -7.77966e-05
97450.00 -7.86475e-05
97500.00 -7.87678e-05
97550.00 -7.76711e-05
97600.00 -7.68097e-05
97650.00 -7.7232e-05
97700.00 -7.84807e-05
97750.00 -7.85863e-05
97800.00 -7.83748e-05
97850.00 -7.86658e-05
97900.00 -7.88524e-05
97950.00 -7.96179e-05
98000.00 -8.04026e-05
98050.00 -7.9555e-05
98100.00 -7.88124e-05
98150.00 -7.91203e-05
98200.00 -7.90363e-05
98250.00 -7.90443e-05
98300.00 -7.87327e-05
98350.00 -7.89058e-05
98400.00 -7.98994e-05
98450.00 -7.972e-05
98500.00 -7.85075e-05
98550.00 -7.78983e-05
98600.00 -7.8139e-05
98650.00 -7.81965e-05
98700.00 -7.77675e-05
98750.00 -7.76792e-05
98800.00 -7.79455e-05
98850.00 -7.83919e-05
98900.00 -7.90388e-05
98950.00 -7.94587e-05
99000.00 -7.95219e-05
99050.00 -7.97091e-05
99100.00 -7.9681e-05
99150.00 -7.98698e-05
99200.00 -8.00714e-05
99250.00 -7.95172e-05
99300.00 -7.88426e-05
99350.00 -7.8649e-05
99400.00 -7.91672e-05
99450.00 -7.89905e-05
99500.00 -7.85232e-05
99550.00 -7.90188e-05
99600.00 -7.98314e-05
99650.00 -8.03567e-05
99700.00 -8.09055e-05
99750.00 -8.09863e-05
99800.00 -8.10491e-05
99850.00 -8.16438e-05
99900.00 -8.20529e-05
