           2   172.00000000000000     
           2   90.000000000000000     
           3   53.000000000000000     
           6   17.000000000000000     
           7   13.000000000000000     
           9   47.000000000000000     
          11   26.000000000000000     
          12   21.000000000000000     
          12   22.000000000000000     
          32   45.000000000000000     
          32   16.000000000000000     
          33   15.000000000000000     
          37   43.000000000000000     
          37   33.000000000000000     
          41   32.000000000000000     
          42   27.000000000000000     
          44   97.000000000000000     
          52   31.000000000000000     
          52   16.000000000000000     
          55   11.000000000000000     
          58   53.000000000000000     
          60   107.00000000000000     
          61   94.000000000000000     
          61   25.000000000000000     
          64   22.000000000000000     
          66   106.00000000000000     
          67   14.000000000000000     
          67   27.000000000000000     
          81   11.000000000000000     
          84   17.000000000000000     
          85   72.000000000000000     
          87   22.000000000000000     
          87   27.000000000000000     
          89   38.000000000000000     
          90   83.000000000000000     
          91   60.000000000000000     
