50.00 -.569857535E-07
100.00 -.167396768E-06
150.00 -.238605409E-06
200.00 -.260298686E-06
250.00 -.347410545E-06
300.00 -.387160377E-06
350.00 -.347163607E-06
400.00 -.345855205E-06
450.00 -.400271473E-06
500.00 -.533706460E-06
550.00 -.722872082E-06
600.00 -.861592131E-06
650.00 -.913067524E-06
700.00 -.905291461E-06
750.00 -.942287656E-06
800.00 -.101298404E-05
850.00 -.114582545E-05
900.00 -.126156463E-05
950.00 -.134857566E-05
1000.00 -.149363625E-05
1050.00 -.153984327E-05
1100.00 -.154734886E-05
1150.00 -.162113986E-05
1200.00 -.169068629E-05
1250.00 -.177806396E-05
1300.00 -.190481536E-05
1350.00 -.206777828E-05
1400.00 -.213225456E-05
1450.00 -.211223142E-05
1500.00 -.219804524E-05
1550.00 -.235631078E-05
1600.00 -.242386405E-05
1650.00 -.242794926E-05
1700.00 -.250259409E-05
1750.00 -.254667354E-05
1800.00 -.254730938E-05
1850.00 -.257235549E-05
1900.00 -.265547219E-05
1950.00 -.277066555E-05
2000.00 -.281994062E-05
2050.00 -.282164284E-05
2100.00 -.288590293E-05
2150.00 -.297919511E-05
2200.00 -.303027781E-05
2250.00 -.303762655E-05
2300.00 -.309275292E-05
2350.00 -.326391489E-05
2400.00 -.338103492E-05
2450.00 -.330620292E-05
2500.00 -.327491539E-05
2550.00 -.324829382E-05
2600.00 -.317839119E-05
2650.00 -.320764588E-05
2700.00 -.325497594E-05
2750.00 -.331628199E-05
2800.00 -.333770543E-05
2850.00 -.343261098E-05
2900.00 -.345455181E-05
2950.00 -.349240081E-05
3000.00 -.365761857E-05
3050.00 -.376382397E-05
3100.00 -.385202423E-05
3150.00 -.389652726E-05
3200.00 -.392787213E-05
3250.00 -.385246698E-05
3300.00 -.374886091E-05
3350.00 -.376439263E-05
3400.00 -.384407297E-05
3450.00 -.389368648E-05
3500.00 -.392467263E-05
3550.00 -.399077354E-05
3600.00 -.401257109E-05
3650.00 -.401229741E-05
3700.00 -.409513465E-05
3750.00 -.427482652E-05
3800.00 -.447491104E-05
3850.00 -.466047936E-05
3900.00 -.480062675E-05
3950.00 -.482730323E-05
4000.00 -.481832035E-05
4050.00 -.484057351E-05
4100.00 -.496736894E-05
4150.00 -.510400482E-05
4200.00 -.521529658E-05
4250.00 -.529165547E-05
4300.00 -.523878461E-05
4350.00 -.525642115E-05
4400.00 -.536714574E-05
4450.00 -.546052707E-05
4500.00 -.553802264E-05
4550.00 -.566471304E-05
4600.00 -.571479050E-05
4650.00 -.573679011E-05
4700.00 -.582119806E-05
4750.00 -.586589485E-05
4800.00 -.589495484E-05
4850.00 -.593611900E-05
4900.00 -.600263995E-05
4950.00 -.606241924E-05
5000.00 -.609343560E-05
5050.00 -.608813455E-05
5100.00 -.607266746E-05
5150.00 -.610249720E-05
5200.00 -.619575158E-05
5250.00 -.629348457E-05
5300.00 -.630328501E-05
5350.00 -.624988488E-05
5400.00 -.626267982E-05
5450.00 -.638028987E-05
5500.00 -.653330407E-05
5550.00 -.657030469E-05
5600.00 -.662694416E-05
5650.00 -.670041280E-05
5700.00 -.670131771E-05
5750.00 -.677879097E-05
5800.00 -.685533710E-05
5850.00 -.695576891E-05
5900.00 -.705105587E-05
5950.00 -.707871450E-05
6000.00 -.711855860E-05
6050.00 -.715104398E-05
6100.00 -.719241329E-05
6150.00 -.722894402E-05
6200.00 -.720346793E-05
6250.00 -.723722252E-05
6300.00 -.729561715E-05
6350.00 -.727846592E-05
6400.00 -.729414531E-05
6450.00 -.730401674E-05
6500.00 -.731749334E-05
6550.00 -.738118410E-05
6600.00 -.742389855E-05
6650.00 -.753976129E-05
6700.00 -.762752967E-05
6750.00 -.765257978E-05
6800.00 -.773213313E-05
6850.00 -.772349095E-05
6900.00 -.764388624E-05
6950.00 -.765276406E-05
7000.00 -.774288960E-05
7050.00 -.780035051E-05
7100.00 -.781385300E-05
7150.00 -.780218917E-05
7200.00 -.786337849E-05
7250.00 -.795889438E-05
7300.00 -.801597950E-05
7350.00 -.812358003E-05
7400.00 -.821647765E-05
7450.00 -.824303892E-05
7500.00 -.824894029E-05
7550.00 -.824991576E-05
7600.00 -.826463303E-05
7650.00 -.831906131E-05
7700.00 -.842727272E-05
7750.00 -.854814833E-05
7800.00 -.861741256E-05
7850.00 -.863854460E-05
7900.00 -.868055828E-05
7950.00 -.879416303E-05
8000.00 -.890325255E-05
8050.00 -.888393169E-05
8100.00 -.890038761E-05
8150.00 -.898703331E-05
8200.00 -.900919643E-05
8250.00 -.903741412E-05
8300.00 -.909992599E-05
8350.00 -.916109397E-05
8400.00 -.917301966E-05
8450.00 -.925101336E-05
8500.00 -.940169578E-05
8550.00 -.946814768E-05
8600.00 -.945684331E-05
8650.00 -.944381091E-05
8700.00 -.943974911E-05
8750.00 -.951233720E-05
8800.00 -.957634484E-05
8850.00 -.956071845E-05
8900.00 -.961102002E-05
8950.00 -.969540084E-05
9000.00 -.971073724E-05
9050.00 -.978940865E-05
9100.00 -.982044872E-05
9150.00 -.982886710E-05
9200.00 -.994960022E-05
9250.00 -.100270380E-04
9300.00 -.100337330E-04
9350.00 -.101054301E-04
9400.00 -.103276218E-04
9450.00 -.105096161E-04
9500.00 -.105946873E-04
9550.00 -.107331469E-04
9600.00 -.108363614E-04
9650.00 -.108226806E-04
9700.00 -.107771703E-04
9750.00 -.108278866E-04
9800.00 -.109130144E-04
9850.00 -.109475218E-04
9900.00 -.110057040E-04
9950.00 -.111468485E-04
10000.00 -.112941619E-04
10050.00 -.114106937E-04
10100.00 -.114609056E-04
10150.00 -.114537868E-04
10200.00 -.114980638E-04
10250.00 -.115621538E-04
10300.00 -.116649922E-04
10350.00 -.116939605E-04
10400.00 -.116991295E-04
10450.00 -.117266833E-04
10500.00 -.118174876E-04
10550.00 -.120459921E-04
10600.00 -.121798708E-04
10650.00 -.121686174E-04
10700.00 -.121982872E-04
10750.00 -.123652068E-04
10800.00 -.125533055E-04
10850.00 -.126241053E-04
10900.00 -.127096464E-04
10950.00 -.128629848E-04
11000.00 -.130025649E-04
11050.00 -.131545935E-04
11100.00 -.133159696E-04
11150.00 -.134207617E-04
11200.00 -.136556673E-04
11250.00 -.139175141E-04
11300.00 -.140375879E-04
11350.00 -.140873652E-04
11400.00 -.140924394E-04
11450.00 -.140985761E-04
11500.00 -.142117325E-04
11550.00 -.143556759E-04
11600.00 -.144925342E-04
11650.00 -.146398756E-04
11700.00 -.146669636E-04
11750.00 -.147446545E-04
11800.00 -.148616594E-04
11850.00 -.148942781E-04
11900.00 -.149752044E-04
11950.00 -.150098092E-04
12000.00 -.149837845E-04
12050.00 -.151129624E-04
12100.00 -.152824502E-04
12150.00 -.153197951E-04
12200.00 -.152922050E-04
12250.00 -.153444279E-04
12300.00 -.154301397E-04
12350.00 -.154911697E-04
12400.00 -.155527119E-04
12450.00 -.156240440E-04
12500.00 -.157015389E-04
12550.00 -.157752135E-04
12600.00 -.158149871E-04
12650.00 -.158545007E-04
12700.00 -.159017712E-04
12750.00 -.159312789E-04
12800.00 -.160293488E-04
12850.00 -.161645629E-04
12900.00 -.162661580E-04
12950.00 -.163941579E-04
13000.00 -.165077383E-04
13050.00 -.165958018E-04
13100.00 -.166174739E-04
13150.00 -.165449978E-04
13200.00 -.165607824E-04
13250.00 -.167381220E-04
13300.00 -.168908724E-04
13350.00 -.169875388E-04
13400.00 -.170433617E-04
13450.00 -.170978522E-04
13500.00 -.172086334E-04
13550.00 -.172849256E-04
13600.00 -.174484306E-04
13650.00 -.176305037E-04
13700.00 -.176547719E-04
13750.00 -.175900267E-04
13800.00 -.176375686E-04
13850.00 -.178012746E-04
13900.00 -.179574560E-04
13950.00 -.181262277E-04
14000.00 -.182982721E-04
14050.00 -.184304811E-04
14100.00 -.185018267E-04
14150.00 -.185273520E-04
14200.00 -.186088906E-04
14250.00 -.187367675E-04
14300.00 -.187806522E-04
14350.00 -.187295830E-04
14400.00 -.187327782E-04
14450.00 -.188336994E-04
14500.00 -.188908993E-04
14550.00 -.189538728E-04
14600.00 -.189150899E-04
14650.00 -.189252545E-04
14700.00 -.191388272E-04
14750.00 -.193009593E-04
14800.00 -.193829943E-04
14850.00 -.194479000E-04
14900.00 -.194798703E-04
14950.00 -.195315387E-04
15000.00 -.195727652E-04
15050.00 -.195640164E-04
15100.00 -.195921296E-04
15150.00 -.196950538E-04
15200.00 -.197515233E-04
15250.00 -.198604111E-04
15300.00 -.200539218E-04
15350.00 -.201067159E-04
15400.00 -.201478319E-04
15450.00 -.202420453E-04
15500.00 -.203351985E-04
15550.00 -.203539274E-04
15600.00 -.203830615E-04
15650.00 -.204818972E-04
15700.00 -.205410582E-04
15750.00 -.206459079E-04
15800.00 -.208042458E-04
15850.00 -.209448096E-04
15900.00 -.210934269E-04
15950.00 -.212899558E-04
16000.00 -.214190978E-04
16050.00 -.214324262E-04
16100.00 -.215065243E-04
16150.00 -.216372346E-04
16200.00 -.216853613E-04
16250.00 -.217743419E-04
16300.00 -.218800516E-04
16350.00 -.219099793E-04
16400.00 -.218988194E-04
16450.00 -.219011681E-04
16500.00 -.220199645E-04
16550.00 -.221533046E-04
16600.00 -.222472708E-04
16650.00 -.222381779E-04
16700.00 -.221663841E-04
16750.00 -.221394501E-04
16800.00 -.221809638E-04
16850.00 -.222885759E-04
16900.00 -.223647559E-04
16950.00 -.225277994E-04
17000.00 -.227335669E-04
17050.00 -.228129773E-04
17100.00 -.228511244E-04
17150.00 -.229329917E-04
17200.00 -.230125197E-04
17250.00 -.230620448E-04
17300.00 -.231529805E-04
17350.00 -.231828515E-04
17400.00 -.231508648E-04
17450.00 -.231870349E-04
17500.00 -.232227620E-04
17550.00 -.233013318E-04
17600.00 -.234345960E-04
17650.00 -.235545435E-04
17700.00 -.236739372E-04
17750.00 -.237614109E-04
17800.00 -.238682668E-04
17850.00 -.238354416E-04
17900.00 -.237107503E-04
17950.00 -.237416622E-04
18000.00 -.238559786E-04
18050.00 -.239108132E-04
18100.00 -.240112855E-04
18150.00 -.241124028E-04
18200.00 -.240574430E-04
18250.00 -.240367159E-04
18300.00 -.240743243E-04
18350.00 -.240794061E-04
18400.00 -.241625125E-04
18450.00 -.242557757E-04
18500.00 -.243204684E-04
18550.00 -.243779377E-04
18600.00 -.244343632E-04
18650.00 -.244696183E-04
18700.00 -.245086405E-04
18750.00 -.245867532E-04
18800.00 -.246900823E-04
18850.00 -.248021408E-04
18900.00 -.248704624E-04
18950.00 -.249690977E-04
19000.00 -.250173882E-04
19050.00 -.249769127E-04
19100.00 -.249409353E-04
19150.00 -.249986136E-04
19200.00 -.251100421E-04
19250.00 -.251310552E-04
19300.00 -.250760375E-04
19350.00 -.250822850E-04
19400.00 -.250846319E-04
19450.00 -.250046180E-04
19500.00 -.249709528E-04
19550.00 -.249643737E-04
19600.00 -.250779384E-04
19650.00 -.252907023E-04
19700.00 -.253376554E-04
19750.00 -.253953629E-04
19800.00 -.254834615E-04
19850.00 -.254895230E-04
19900.00 -.254281179E-04
19950.00 -.254024116E-04
20000.00 -.254808018E-04
20050.00 -.255614328E-04
20100.00 -.256402267E-04
20150.00 -.257089168E-04
20200.00 -.257263071E-04
20250.00 -.257097038E-04
20300.00 -.257413652E-04
20350.00 -.257516191E-04
20400.00 -.257105565E-04
20450.00 -.257416057E-04
20500.00 -.258127190E-04
20550.00 -.258769921E-04
20600.00 -.259515728E-04
20650.00 -.260232709E-04
20700.00 -.259951726E-04
20750.00 -.259476836E-04
20800.00 -.260015919E-04
20850.00 -.259779079E-04
20900.00 -.259771280E-04
20950.00 -.260749511E-04
21000.00 -.261355103E-04
21050.00 -.261125421E-04
21100.00 -.261093103E-04
21150.00 -.261595775E-04
21200.00 -.262085344E-04
21250.00 -.262484268E-04
21300.00 -.262310461E-04
21350.00 -.262579445E-04
21400.00 -.263722736E-04
21450.00 -.264798954E-04
21500.00 -.264561511E-04
21550.00 -.264958228E-04
21600.00 -.266474553E-04
21650.00 -.267596614E-04
21700.00 -.268653294E-04
21750.00 -.269614671E-04
21800.00 -.270534946E-04
21850.00 -.270947164E-04
21900.00 -.271590429E-04
21950.00 -.273054757E-04
22000.00 -.274253890E-04
22050.00 -.274318568E-04
22100.00 -.274309326E-04
22150.00 -.274411375E-04
22200.00 -.274194740E-04
22250.00 -.274427089E-04
22300.00 -.274853944E-04
22350.00 -.274790746E-04
22400.00 -.275378748E-04
22450.00 -.276304707E-04
22500.00 -.276285946E-04
22550.00 -.276489619E-04
22600.00 -.277176649E-04
22650.00 -.277433762E-04
22700.00 -.277556735E-04
22750.00 -.279194928E-04
22800.00 -.280505890E-04
22850.00 -.280279745E-04
22900.00 -.281196404E-04
22950.00 -.282516235E-04
23000.00 -.283598039E-04
23050.00 -.285003981E-04
23100.00 -.285302125E-04
23150.00 -.285352140E-04
23200.00 -.286018733E-04
23250.00 -.286971127E-04
23300.00 -.288195190E-04
23350.00 -.288613707E-04
23400.00 -.288402400E-04
23450.00 -.288990571E-04
23500.00 -.289451944E-04
23550.00 -.288753830E-04
23600.00 -.289139042E-04
23650.00 -.290393461E-04
23700.00 -.291019612E-04
23750.00 -.290933855E-04
23800.00 -.291417671E-04
23850.00 -.291883175E-04
23900.00 -.291455604E-04
23950.00 -.291847539E-04
24000.00 -.292226849E-04
24050.00 -.292338011E-04
24100.00 -.291950520E-04
24150.00 -.291234881E-04
24200.00 -.290698994E-04
24250.00 -.290974829E-04
24300.00 -.291759321E-04
24350.00 -.292023979E-04
24400.00 -.292139578E-04
24450.00 -.292040115E-04
24500.00 -.292498965E-04
24550.00 -.292748906E-04
24600.00 -.292164394E-04
24650.00 -.291640279E-04
24700.00 -.291917998E-04
24750.00 -.292465261E-04
24800.00 -.293102565E-04
24850.00 -.293894129E-04
24900.00 -.293991485E-04
24950.00 -.293857137E-04
25000.00 -.293996331E-04
25050.00 -.293647970E-04
25100.00 -.293228490E-04
25150.00 -.293447684E-04
25200.00 -.294406232E-04
25250.00 -.294791063E-04
25300.00 -.294731436E-04
25350.00 -.296170211E-04
25400.00 -.296752653E-04
25450.00 -.297144422E-04
25500.00 -.298357289E-04
25550.00 -.299359391E-04
25600.00 -.299779670E-04
25650.00 -.298440099E-04
25700.00 -.297819084E-04
25750.00 -.299073418E-04
25800.00 -.299915066E-04
25850.00 -.299942764E-04
25900.00 -.299959205E-04
25950.00 -.300163550E-04
26000.00 -.300987641E-04
26050.00 -.302427836E-04
26100.00 -.303235570E-04
26150.00 -.302833581E-04
26200.00 -.302663728E-04
26250.00 -.303285423E-04
26300.00 -.303401194E-04
26350.00 -.303664975E-04
26400.00 -.304222829E-04
26450.00 -.305182192E-04
26500.00 -.306010037E-04
26550.00 -.305770332E-04
26600.00 -.305472890E-04
26650.00 -.305939334E-04
26700.00 -.306197992E-04
26750.00 -.305639583E-04
26800.00 -.305826604E-04
26850.00 -.306656675E-04
26900.00 -.307155679E-04
26950.00 -.308886314E-04
27000.00 -.310607049E-04
27050.00 -.310146182E-04
27100.00 -.310948507E-04
27150.00 -.312031170E-04
27200.00 -.312016933E-04
27250.00 -.313326991E-04
27300.00 -.314497147E-04
27350.00 -.314402869E-04
27400.00 -.313484068E-04
27450.00 -.312695992E-04
27500.00 -.313515331E-04
27550.00 -.313963732E-04
27600.00 -.313242632E-04
27650.00 -.313856123E-04
27700.00 -.314988156E-04
27750.00 -.316135096E-04
27800.00 -.316925613E-04
27850.00 -.316470112E-04
27900.00 -.316710072E-04
27950.00 -.317864792E-04
28000.00 -.317353904E-04
28050.00 -.315798037E-04
28100.00 -.316603188E-04
28150.00 -.318361672E-04
28200.00 -.318506313E-04
28250.00 -.317711973E-04
28300.00 -.316984762E-04
28350.00 -.318035639E-04
28400.00 -.319808956E-04
28450.00 -.320353811E-04
28500.00 -.320304759E-04
28550.00 -.320619482E-04
28600.00 -.321599134E-04
28650.00 -.323072979E-04
28700.00 -.323950620E-04
28750.00 -.323421554E-04
28800.00 -.323075704E-04
28850.00 -.323303536E-04
28900.00 -.324161461E-04
28950.00 -.325712621E-04
29000.00 -.326362699E-04
29050.00 -.326542917E-04
29100.00 -.327242906E-04
29150.00 -.327714786E-04
29200.00 -.327938508E-04
29250.00 -.328400988E-04
29300.00 -.328967272E-04
29350.00 -.329624489E-04
29400.00 -.330278334E-04
29450.00 -.330412256E-04
29500.00 -.330520636E-04
29550.00 -.331433300E-04
29600.00 -.332294347E-04
29650.00 -.332706910E-04
29700.00 -.333247367E-04
29750.00 -.333657544E-04
29800.00 -.334220577E-04
29850.00 -.335020624E-04
29900.00 -.335400257E-04
29950.00 -.335874714E-04
30000.00 -.336992257E-04
30050.00 -.338660257E-04
30100.00 -.339783074E-04
30150.00 -.340592605E-04
30200.00 -.341260845E-04
30250.00 -.341977464E-04
30300.00 -.343205756E-04
30350.00 -.343573802E-04
30400.00 -.343521900E-04
30450.00 -.343290887E-04
30500.00 -.343394523E-04
30550.00 -.344279161E-04
30600.00 -.345014773E-04
30650.00 -.345489472E-04
30700.00 -.346336061E-04
30750.00 -.347142886E-04
30800.00 -.347997654E-04
30850.00 -.348924711E-04
30900.00 -.348525232E-04
30950.00 -.348178308E-04
31000.00 -.349045220E-04
31050.00 -.349396568E-04
31100.00 -.350390845E-04
31150.00 -.351624682E-04
31200.00 -.351925749E-04
31250.00 -.351816370E-04
31300.00 -.351334039E-04
31350.00 -.351975534E-04
31400.00 -.353502356E-04
31450.00 -.353978240E-04
31500.00 -.353807863E-04
31550.00 -.354308706E-04
31600.00 -.355032548E-04
31650.00 -.355970148E-04
31700.00 -.356989895E-04
31750.00 -.357355788E-04
31800.00 -.358314913E-04
31850.00 -.359198216E-04
31900.00 -.359827175E-04
31950.00 -.360551689E-04
32000.00 -.361349651E-04
32050.00 -.362000783E-04
32100.00 -.361966728E-04
32150.00 -.362130875E-04
32200.00 -.361965593E-04
32250.00 -.362117330E-04
32300.00 -.363229576E-04
32350.00 -.364968480E-04
32400.00 -.366597761E-04
32450.00 -.368156185E-04
32500.00 -.369173020E-04
32550.00 -.369576352E-04
32600.00 -.370301744E-04
32650.00 -.371132315E-04
32700.00 -.370929991E-04
32750.00 -.371492929E-04
32800.00 -.372902643E-04
32850.00 -.373647065E-04
32900.00 -.374907689E-04
32950.00 -.376638855E-04
33000.00 -.377548329E-04
33050.00 -.377236501E-04
33100.00 -.376585656E-04
33150.00 -.376601711E-04
33200.00 -.377575161E-04
33250.00 -.378329551E-04
33300.00 -.379213711E-04
33350.00 -.380313532E-04
33400.00 -.380971672E-04
33450.00 -.381206917E-04
33500.00 -.381006412E-04
33550.00 -.381105851E-04
33600.00 -.381842097E-04
33650.00 -.383251845E-04
33700.00 -.384251733E-04
33750.00 -.384000640E-04
33800.00 -.384787174E-04
33850.00 -.387047740E-04
33900.00 -.388219658E-04
33950.00 -.388858136E-04
34000.00 -.389480869E-04
34050.00 -.389915722E-04
34100.00 -.391445864E-04
34150.00 -.393478648E-04
34200.00 -.394233681E-04
34250.00 -.394522319E-04
34300.00 -.396200374E-04
34350.00 -.398095030E-04
34400.00 -.399154250E-04
34450.00 -.399811590E-04
34500.00 -.400363526E-04
34550.00 -.400942141E-04
34600.00 -.401761171E-04
34650.00 -.403011403E-04
34700.00 -.403743157E-04
34750.00 -.404443355E-04
34800.00 -.405549412E-04
34850.00 -.406242206E-04
34900.00 -.406797786E-04
34950.00 -.407251887E-04
35000.00 -.407695262E-04
35050.00 -.408426939E-04
35100.00 -.409411605E-04
35150.00 -.410297703E-04
35200.00 -.412201445E-04
35250.00 -.413666993E-04
35300.00 -.414134271E-04
35350.00 -.415086907E-04
35400.00 -.416311931E-04
35450.00 -.417030078E-04
35500.00 -.417506702E-04
35550.00 -.418565914E-04
35600.00 -.419443740E-04
35650.00 -.420026647E-04
35700.00 -.421219970E-04
35750.00 -.422604343E-04
35800.00 -.423243133E-04
35850.00 -.423405621E-04
35900.00 -.423113855E-04
35950.00 -.423300751E-04
36000.00 -.423663304E-04
36050.00 -.423952188E-04
36100.00 -.424613994E-04
36150.00 -.425059164E-04
36200.00 -.425780935E-04
36250.00 -.426694646E-04
36300.00 -.426916588E-04
36350.00 -.427028287E-04
36400.00 -.427265680E-04
36450.00 -.427280202E-04
36500.00 -.427550466E-04
36550.00 -.428218341E-04
36600.00 -.428806518E-04
36650.00 -.429304063E-04
36700.00 -.429228325E-04
36750.00 -.429563118E-04
36800.00 -.430435032E-04
36850.00 -.430417441E-04
36900.00 -.430885070E-04
36950.00 -.431775594E-04
37000.00 -.432502403E-04
37050.00 -.433820710E-04
37100.00 -.434406705E-04
37150.00 -.434579964E-04
37200.00 -.435331986E-04
37250.00 -.436411097E-04
37300.00 -.437243455E-04
37350.00 -.437437560E-04
37400.00 -.438101789E-04
37450.00 -.438142745E-04
37500.00 -.438098809E-04
37550.00 -.438706158E-04
37600.00 -.439247603E-04
37650.00 -.438984788E-04
37700.00 -.438950064E-04
37750.00 -.440441843E-04
37800.00 -.441491127E-04
37850.00 -.441534437E-04
37900.00 -.441151562E-04
37950.00 -.442188675E-04
38000.00 -.442968593E-04
38050.00 -.442957871E-04
38100.00 -.443773237E-04
38150.00 -.444242640E-04
38200.00 -.443589428E-04
38250.00 -.443108449E-04
38300.00 -.444312271E-04
38350.00 -.446003699E-04
38400.00 -.447261178E-04
38450.00 -.448177280E-04
38500.00 -.448593139E-04
38550.00 -.449243250E-04
38600.00 -.450669551E-04
38650.00 -.451008078E-04
38700.00 -.451017051E-04
38750.00 -.451935556E-04
38800.00 -.452564074E-04
38850.00 -.452525327E-04
38900.00 -.453234432E-04
38950.00 -.454048832E-04
39000.00 -.454533704E-04
39050.00 -.455513417E-04
39100.00 -.456052707E-04
39150.00 -.457160901E-04
39200.00 -.458735310E-04
39250.00 -.459022864E-04
39300.00 -.459366934E-04
39350.00 -.460558614E-04
39400.00 -.461205192E-04
39450.00 -.461863019E-04
39500.00 -.462658821E-04
39550.00 -.462337438E-04
39600.00 -.462505893E-04
39650.00 -.463214129E-04
39700.00 -.463520397E-04
39750.00 -.464059854E-04
39800.00 -.464817013E-04
39850.00 -.465946554E-04
39900.00 -.467726491E-04
39950.00 -.469132803E-04
40000.00 -.469619123E-04
40050.00 -.468741133E-04
40100.00 -.467819937E-04
40150.00 -.468637346E-04
40200.00 -.470103771E-04
40250.00 -.471069921E-04
40300.00 -.471366543E-04
40350.00 -.471285970E-04
40400.00 -.471634732E-04
40450.00 -.472520290E-04
40500.00 -.473325922E-04
40550.00 -.473716475E-04
40600.00 -.473560134E-04
40650.00 -.474368574E-04
40700.00 -.476059998E-04
40750.00 -.476826944E-04
40800.00 -.477808535E-04
40850.00 -.479231150E-04
40900.00 -.478843811E-04
40950.00 -.478595721E-04
41000.00 -.478842960E-04
41050.00 -.479064666E-04
41100.00 -.480273626E-04
41150.00 -.481575014E-04
41200.00 -.482925620E-04
41250.00 -.483646168E-04
41300.00 -.484017843E-04
41350.00 -.484602088E-04
41400.00 -.485731191E-04
41450.00 -.486720747E-04
41500.00 -.486603929E-04
41550.00 -.486881170E-04
41600.00 -.486746154E-04
41650.00 -.486554440E-04
41700.00 -.487614531E-04
41750.00 -.488536513E-04
41800.00 -.489846285E-04
41850.00 -.490597160E-04
41900.00 -.491362111E-04
41950.00 -.493367464E-04
42000.00 -.494315517E-04
42050.00 -.494894341E-04
42100.00 -.495980139E-04
42150.00 -.497973281E-04
42200.00 -.500147102E-04
42250.00 -.501516712E-04
42300.00 -.502241679E-04
42350.00 -.503114048E-04
42400.00 -.503542320E-04
42450.00 -.503145880E-04
42500.00 -.503117761E-04
42550.00 -.503870656E-04
42600.00 -.504747673E-04
42650.00 -.505462107E-04
42700.00 -.506762042E-04
42750.00 -.506793051E-04
42800.00 -.506167530E-04
42850.00 -.506516322E-04
42900.00 -.507237864E-04
42950.00 -.508531137E-04
43000.00 -.509976047E-04
43050.00 -.510445130E-04
43100.00 -.510449718E-04
43150.00 -.511108418E-04
43200.00 -.512036899E-04
43250.00 -.513085332E-04
43300.00 -.514055334E-04
43350.00 -.514442588E-04
43400.00 -.514621617E-04
43450.00 -.514131714E-04
43500.00 -.513279093E-04
43550.00 -.514036466E-04
43600.00 -.515664185E-04
43650.00 -.516925933E-04
43700.00 -.518105019E-04
43750.00 -.519623756E-04
43800.00 -.521001176E-04
43850.00 -.522035399E-04
43900.00 -.522969829E-04
43950.00 -.523411919E-04
44000.00 -.524172580E-04
44050.00 -.524904620E-04
44100.00 -.525243405E-04
44150.00 -.525985839E-04
44200.00 -.526906459E-04
44250.00 -.527564170E-04
44300.00 -.527721906E-04
44350.00 -.527551946E-04
44400.00 -.527568323E-04
44450.00 -.527384553E-04
44500.00 -.527413026E-04
44550.00 -.528121058E-04
44600.00 -.528724084E-04
44650.00 -.529555600E-04
44700.00 -.530467768E-04
44750.00 -.530316006E-04
44800.00 -.530211490E-04
44850.00 -.530911802E-04
44900.00 -.532415892E-04
44950.00 -.533466965E-04
45000.00 -.534347412E-04
45050.00 -.535622629E-04
45100.00 -.534891408E-04
45150.00 -.534505928E-04
45200.00 -.535161708E-04
45250.00 -.535795373E-04
45300.00 -.537358591E-04
45350.00 -.537809894E-04
45400.00 -.538340295E-04
45450.00 -.540202425E-04
45500.00 -.541679975E-04
45550.00 -.543338983E-04
45600.00 -.545434308E-04
45650.00 -.546398081E-04
45700.00 -.545731566E-04
45750.00 -.545344257E-04
45800.00 -.546175974E-04
45850.00 -.546813873E-04
45900.00 -.546990162E-04
45950.00 -.547250346E-04
46000.00 -.547407989E-04
46050.00 -.548528036E-04
46100.00 -.548868686E-04
46150.00 -.549193285E-04
46200.00 -.550375112E-04
46250.00 -.550805783E-04
46300.00 -.550872817E-04
46350.00 -.550551459E-04
46400.00 -.550686310E-04
46450.00 -.551701703E-04
46500.00 -.553471848E-04
46550.00 -.554845639E-04
46600.00 -.555551285E-04
46650.00 -.555966116E-04
46700.00 -.555787885E-04
46750.00 -.556373948E-04
46800.00 -.558129301E-04
46850.00 -.558926893E-04
46900.00 -.558536493E-04
46950.00 -.558935659E-04
47000.00 -.559893453E-04
47050.00 -.560807921E-04
47100.00 -.561764452E-04
47150.00 -.562647413E-04
47200.00 -.563339807E-04
47250.00 -.563778462E-04
47300.00 -.564630400E-04
47350.00 -.565639654E-04
47400.00 -.566620727E-04
47450.00 -.567967597E-04
47500.00 -.568333592E-04
47550.00 -.568063118E-04
47600.00 -.568977571E-04
47650.00 -.569949883E-04
47700.00 -.570487206E-04
47750.00 -.570684324E-04
47800.00 -.571121865E-04
47850.00 -.572475145E-04
47900.00 -.573482329E-04
47950.00 -.573627414E-04
48000.00 -.574153086E-04
48050.00 -.574831466E-04
48100.00 -.575806668E-04
48150.00 -.576599930E-04
48200.00 -.576649037E-04
48250.00 -.577146545E-04
48300.00 -.577609707E-04
48350.00 -.578232388E-04
48400.00 -.579356985E-04
48450.00 -.580257281E-04
48500.00 -.581543727E-04
48550.00 -.582445467E-04
48600.00 -.582497760E-04
48650.00 -.583387130E-04
48700.00 -.583973598E-04
48750.00 -.584043512E-04
48800.00 -.584549846E-04
48850.00 -.585425301E-04
48900.00 -.587594098E-04
48950.00 -.588612361E-04
49000.00 -.588412402E-04
49050.00 -.589687639E-04
49100.00 -.590784764E-04
49150.00 -.591431714E-04
49200.00 -.592133162E-04
49250.00 -.592666901E-04
49300.00 -.592740235E-04
49350.00 -.592465235E-04
49400.00 -.592547902E-04
49450.00 -.592780151E-04
49500.00 -.592841223E-04
49550.00 -.593116836E-04
49600.00 -.594095168E-04
49650.00 -.594916362E-04
49700.00 -.594957601E-04
49750.00 -.594715707E-04
49800.00 -.594186897E-04
49850.00 -.594054666E-04
49900.00 -.595122419E-04
49950.00 -.595869088E-04
50000.00 -.597505018E-04
50050.00 -.599066645E-04
50100.00 -.599951073E-04
50150.00 -.601592643E-04
50200.00 -.602576477E-04
50250.00 -.603740848E-04
50300.00 -.605381777E-04
50350.00 -.606753261E-04
50400.00 -.606663333E-04
50450.00 -.606287041E-04
50500.00 -.606752113E-04
50550.00 -.606766739E-04
50600.00 -.607166201E-04
50650.00 -.607333009E-04
50700.00 -.607209508E-04
50750.00 -.608025746E-04
50800.00 -.608900763E-04
50850.00 -.609685221E-04
50900.00 -.610007490E-04
50950.00 -.610804903E-04
51000.00 -.611462991E-04
51050.00 -.611741374E-04
51100.00 -.612206509E-04
51150.00 -.612946665E-04
51200.00 -.613470335E-04
51250.00 -.613216199E-04
51300.00 -.613415016E-04
51350.00 -.613645763E-04
51400.00 -.614538257E-04
51450.00 -.616397415E-04
51500.00 -.617132887E-04
51550.00 -.617042644E-04
51600.00 -.617740127E-04
51650.00 -.618501587E-04
51700.00 -.619201056E-04
51750.00 -.619796963E-04
51800.00 -.619899056E-04
51850.00 -.620289097E-04
51900.00 -.620794133E-04
51950.00 -.620770133E-04
52000.00 -.621005362E-04
52050.00 -.621682286E-04
52100.00 -.622360020E-04
52150.00 -.622576598E-04
52200.00 -.622921660E-04
52250.00 -.623741791E-04
52300.00 -.623831340E-04
52350.00 -.624122686E-04
52400.00 -.625543616E-04
52450.00 -.625683800E-04
52500.00 -.625243105E-04
52550.00 -.626575409E-04
52600.00 -.628850955E-04
52650.00 -.630635720E-04
52700.00 -.631141306E-04
52750.00 -.630810995E-04
52800.00 -.630467433E-04
52850.00 -.630452856E-04
52900.00 -.630916041E-04
52950.00 -.631726554E-04
53000.00 -.632992137E-04
53050.00 -.634392680E-04
53100.00 -.635686166E-04
53150.00 -.637148684E-04
53200.00 -.638847970E-04
53250.00 -.640351588E-04
53300.00 -.641725346E-04
53350.00 -.642378383E-04
53400.00 -.641882420E-04
53450.00 -.641129178E-04
53500.00 -.641762081E-04
53550.00 -.643072584E-04
53600.00 -.643906165E-04
53650.00 -.644741486E-04
53700.00 -.645632147E-04
53750.00 -.646405979E-04
53800.00 -.647378098E-04
53850.00 -.647428524E-04
53900.00 -.647666402E-04
53950.00 -.649337745E-04
54000.00 -.649885693E-04
54050.00 -.649833152E-04
54100.00 -.649588987E-04
54150.00 -.649937001E-04
54200.00 -.651198129E-04
54250.00 -.652129382E-04
54300.00 -.652626252E-04
54350.00 -.653713897E-04
54400.00 -.655076130E-04
54450.00 -.654849183E-04
54500.00 -.654737380E-04
54550.00 -.655536511E-04
54600.00 -.656363465E-04
54650.00 -.657321864E-04
54700.00 -.658076594E-04
54750.00 -.658516096E-04
54800.00 -.659139754E-04
54850.00 -.659745172E-04
54900.00 -.660486735E-04
54950.00 -.661193208E-04
55000.00 -.661637406E-04
55050.00 -.662607805E-04
55100.00 -.663372354E-04
55150.00 -.663530018E-04
55200.00 -.664080227E-04
55250.00 -.664622422E-04
55300.00 -.665406119E-04
55350.00 -.667252310E-04
55400.00 -.668340846E-04
55450.00 -.669210961E-04
55500.00 -.670735442E-04
55550.00 -.671730792E-04
55600.00 -.672228749E-04
55650.00 -.673189972E-04
55700.00 -.674015264E-04
55750.00 -.674733400E-04
55800.00 -.675565237E-04
55850.00 -.676248598E-04
55900.00 -.677214828E-04
55950.00 -.677897763E-04
56000.00 -.678301832E-04
56050.00 -.678114651E-04
56100.00 -.678183058E-04
56150.00 -.680223508E-04
56200.00 -.682556030E-04
56250.00 -.683583743E-04
56300.00 -.684165608E-04
56350.00 -.684614580E-04
56400.00 -.685651757E-04
56450.00 -.687077688E-04
56500.00 -.688141014E-04
56550.00 -.688907452E-04
56600.00 -.689075939E-04
56650.00 -.689704202E-04
56700.00 -.690818101E-04
56750.00 -.690930113E-04
56800.00 -.690850209E-04
56850.00 -.691562610E-04
56900.00 -.693054514E-04
56950.00 -.695553427E-04
57000.00 -.697653979E-04
57050.00 -.698197898E-04
57100.00 -.699350804E-04
57150.00 -.701756307E-04
57200.00 -.703352757E-04
57250.00 -.703858019E-04
57300.00 -.704986263E-04
57350.00 -.706378581E-04
57400.00 -.707233987E-04
57450.00 -.708739555E-04
57500.00 -.709691439E-04
57550.00 -.709851414E-04
57600.00 -.711474379E-04
57650.00 -.712808476E-04
57700.00 -.712511232E-04
57750.00 -.712870358E-04
57800.00 -.714232865E-04
57850.00 -.715495176E-04
57900.00 -.716929615E-04
57950.00 -.719184068E-04
58000.00 -.720807042E-04
58050.00 -.722751468E-04
58100.00 -.724681541E-04
58150.00 -.725547108E-04
58200.00 -.727264810E-04
58250.00 -.728494995E-04
58300.00 -.729171149E-04
58350.00 -.731323850E-04
58400.00 -.732379238E-04
58450.00 -.732283768E-04
58500.00 -.733313391E-04
58550.00 -.734711852E-04
58600.00 -.735637072E-04
58650.00 -.736556190E-04
58700.00 -.737406069E-04
58750.00 -.738907624E-04
58800.00 -.740559394E-04
58850.00 -.740923574E-04
58900.00 -.740893152E-04
58950.00 -.740348702E-04
59000.00 -.740537678E-04
59050.00 -.741073186E-04
59100.00 -.741374926E-04
59150.00 -.742043717E-04
59200.00 -.742797804E-04
59250.00 -.743687630E-04
59300.00 -.743976734E-04
59350.00 -.743893330E-04
59400.00 -.745135871E-04
59450.00 -.746294578E-04
59500.00 -.746392424E-04
59550.00 -.747541381E-04
59600.00 -.747563981E-04
59650.00 -.747272717E-04
59700.00 -.748401607E-04
59750.00 -.749682733E-04
59800.00 -.751342590E-04
59850.00 -.752291218E-04
59900.00 -.752466069E-04
59950.00 -.752984141E-04
60000.00 -.753235413E-04
60050.00 -.752961525E-04
60100.00 -.753824199E-04
60150.00 -.755496172E-04
60200.00 -.756938353E-04
60250.00 -.757962062E-04
60300.00 -.758586424E-04
60350.00 -.759543388E-04
60400.00 -.760909971E-04
60450.00 -.762211796E-04
60500.00 -.763059036E-04
60550.00 -.764278518E-04
60600.00 -.766299966E-04
60650.00 -.767082940E-04
60700.00 -.766869941E-04
60750.00 -.766880005E-04
60800.00 -.767104838E-04
60850.00 -.767820862E-04
60900.00 -.769245360E-04
60950.00 -.770661621E-04
61000.00 -.771406276E-04
61050.00 -.772132955E-04
61100.00 -.773863033E-04
61150.00 -.775267829E-04
61200.00 -.776649586E-04
61250.00 -.778875902E-04
61300.00 -.780623717E-04
61350.00 -.781587336E-04
61400.00 -.782542883E-04
61450.00 -.784229172E-04
61500.00 -.785613505E-04
61550.00 -.786918211E-04
61600.00 -.788846457E-04
61650.00 -.790384287E-04
61700.00 -.792085712E-04
61750.00 -.793618963E-04
61800.00 -.793800313E-04
61850.00 -.794176357E-04
61900.00 -.795016219E-04
61950.00 -.795071996E-04
62000.00 -.795097513E-04
62050.00 -.796174190E-04
62100.00 -.797401953E-04
62150.00 -.798734864E-04
62200.00 -.800482146E-04
62250.00 -.801781867E-04
62300.00 -.802598937E-04
62350.00 -.803163412E-04
62400.00 -.802955096E-04
62450.00 -.802286025E-04
62500.00 -.802333021E-04
62550.00 -.803202088E-04
62600.00 -.804207969E-04
62650.00 -.805410678E-04
62700.00 -.806612745E-04
62750.00 -.808133927E-04
62800.00 -.809613283E-04
62850.00 -.810315168E-04
62900.00 -.810100469E-04
62950.00 -.810401872E-04
63000.00 -.811358335E-04
63050.00 -.811967306E-04
63100.00 -.813369061E-04
63150.00 -.814300756E-04
63200.00 -.814711709E-04
63250.00 -.814989383E-04
63300.00 -.814437257E-04
63350.00 -.814163605E-04
63400.00 -.815116970E-04
63450.00 -.815977374E-04
63500.00 -.816194643E-04
63550.00 -.816301823E-04
63600.00 -.816689027E-04
63650.00 -.817688329E-04
63700.00 -.819411804E-04
63750.00 -.821163800E-04
63800.00 -.822732616E-04
63850.00 -.823815954E-04
63900.00 -.823895790E-04
63950.00 -.824320808E-04
64000.00 -.825428608E-04
64050.00 -.826365690E-04
64100.00 -.827343578E-04
64150.00 -.829065308E-04
64200.00 -.830093760E-04
64250.00 -.830612973E-04
64300.00 -.832257584E-04
64350.00 -.833648419E-04
64400.00 -.833317310E-04
64450.00 -.834028072E-04
64500.00 -.835893062E-04
64550.00 -.836878075E-04
64600.00 -.837535291E-04
64650.00 -.838101765E-04
64700.00 -.838988430E-04
64750.00 -.840391848E-04
64800.00 -.841358950E-04
64850.00 -.841375492E-04
64900.00 -.840943389E-04
64950.00 -.841393042E-04
65000.00 -.843275753E-04
65050.00 -.845261859E-04
65100.00 -.846825091E-04
65150.00 -.847694017E-04
65200.00 -.847924527E-04
65250.00 -.848890564E-04
65300.00 -.849765056E-04
65350.00 -.850335484E-04
65400.00 -.851522764E-04
65450.00 -.852535069E-04
65500.00 -.853275561E-04
65550.00 -.853299418E-04
65600.00 -.852881995E-04
65650.00 -.853088503E-04
65700.00 -.853985189E-04
65750.00 -.855078712E-04
65800.00 -.855193938E-04
65850.00 -.854756984E-04
65900.00 -.855174912E-04
65950.00 -.856158749E-04
66000.00 -.856472045E-04
66050.00 -.856916084E-04
66100.00 -.858292452E-04
66150.00 -.859275579E-04
66200.00 -.860534177E-04
66250.00 -.862163290E-04
66300.00 -.863347244E-04
66350.00 -.864593747E-04
66400.00 -.865621820E-04
66450.00 -.866391813E-04
66500.00 -.867122672E-04
66550.00 -.868275306E-04
66600.00 -.870016013E-04
66650.00 -.872008684E-04
66700.00 -.874203162E-04
66750.00 -.875853435E-04
66800.00 -.877271128E-04
66850.00 -.878841673E-04
66900.00 -.879764736E-04
66950.00 -.880023246E-04
67000.00 -.881388336E-04
67050.00 -.883428367E-04
67100.00 -.884259621E-04
67150.00 -.885459157E-04
67200.00 -.887121905E-04
67250.00 -.887428768E-04
67300.00 -.887426525E-04
67350.00 -.888047429E-04
67400.00 -.888306123E-04
67450.00 -.889001050E-04
67500.00 -.890230110E-04
67550.00 -.890812193E-04
67600.00 -.891064720E-04
67650.00 -.892076976E-04
67700.00 -.892634422E-04
67750.00 -.892767452E-04
67800.00 -.894044411E-04
67850.00 -.895015838E-04
67900.00 -.895385306E-04
67950.00 -.895687014E-04
68000.00 -.896008511E-04
68050.00 -.897115183E-04
68100.00 -.898726871E-04
68150.00 -.900278550E-04
68200.00 -.901336410E-04
68250.00 -.902333776E-04
68300.00 -.902905548E-04
68350.00 -.902851465E-04
68400.00 -.902700189E-04
68450.00 -.902781937E-04
68500.00 -.903240061E-04
68550.00 -.904239289E-04
68600.00 -.905166697E-04
68650.00 -.906093632E-04
68700.00 -.907314916E-04
68750.00 -.908166019E-04
68800.00 -.909028716E-04
68850.00 -.910142827E-04
68900.00 -.911250091E-04
68950.00 -.911622355E-04
69000.00 -.912172335E-04
69050.00 -.913449787E-04
69100.00 -.914633281E-04
69150.00 -.914512133E-04
69200.00 -.914512849E-04
69250.00 -.915544771E-04
69300.00 -.916323926E-04
69350.00 -.916947620E-04
69400.00 -.917250455E-04
69450.00 -.917958188E-04
69500.00 -.918633241E-04
69550.00 -.919178664E-04
69600.00 -.919360240E-04
69650.00 -.919497810E-04
69700.00 -.920304561E-04
69750.00 -.921508175E-04
69800.00 -.922170097E-04
69850.00 -.922202380E-04
69900.00 -.922446084E-04
69950.00 -.922779001E-04
70000.00 -.922920223E-04
70050.00 -.922819648E-04
70100.00 -.923696878E-04
70150.00 -.923676860E-04
70200.00 -.922990581E-04
70250.00 -.924094933E-04
70300.00 -.925171943E-04
70350.00 -.925006463E-04
70400.00 -.925168037E-04
70450.00 -.925987630E-04
70500.00 -.926014284E-04
70550.00 -.925540129E-04
70600.00 -.926426172E-04
70650.00 -.927234181E-04
70700.00 -.927327415E-04
70750.00 -.927342440E-04
70800.00 -.927728442E-04
70850.00 -.929356123E-04
70900.00 -.930642008E-04
70950.00 -.931262490E-04
71000.00 -.931958393E-04
71050.00 -.933076876E-04
71100.00 -.933417529E-04
71150.00 -.933550553E-04
71200.00 -.934719737E-04
71250.00 -.935295453E-04
71300.00 -.934829499E-04
71350.00 -.935609632E-04
71400.00 -.936927608E-04
71450.00 -.936931425E-04
71500.00 -.937246108E-04
71550.00 -.937736814E-04
71600.00 -.938379897E-04
71650.00 -.939545072E-04
71700.00 -.939655850E-04
71750.00 -.939262543E-04
71800.00 -.939458041E-04
71850.00 -.939968760E-04
71900.00 -.941260020E-04
71950.00 -.942580589E-04
72000.00 -.943120997E-04
72050.00 -.943449909E-04
72100.00 -.944450029E-04
72150.00 -.945708288E-04
72200.00 -.946961419E-04
72250.00 -.948024612E-04
72300.00 -.948555879E-04
72350.00 -.949212666E-04
72400.00 -.949839739E-04
72450.00 -.950859063E-04
72500.00 -.951439062E-04
72550.00 -.951599750E-04
72600.00 -.952578653E-04
72650.00 -.953775819E-04
72700.00 -.955137893E-04
72750.00 -.956185886E-04
72800.00 -.957189814E-04
72850.00 -.958683184E-04
72900.00 -.959383211E-04
72950.00 -.959036596E-04
73000.00 -.959332463E-04
73050.00 -.960199493E-04
73100.00 -.961098800E-04
73150.00 -.961946395E-04
73200.00 -.962253361E-04
73250.00 -.963130462E-04
73300.00 -.964423904E-04
73350.00 -.965188196E-04
73400.00 -.965688417E-04
73450.00 -.965845882E-04
73500.00 -.966303880E-04
73550.00 -.966609958E-04
73600.00 -.967185219E-04
73650.00 -.968619405E-04
73700.00 -.969207046E-04
73750.00 -.969639613E-04
73800.00 -.971081180E-04
73850.00 -.971904412E-04
73900.00 -.972748670E-04
73950.00 -.974097863E-04
74000.00 -.975016081E-04
74050.00 -.975569625E-04
74100.00 -.975920934E-04
74150.00 -.976713206E-04
74200.00 -.977771780E-04
74250.00 -.978076068E-04
74300.00 -.978058181E-04
74350.00 -.978047407E-04
74400.00 -.979072164E-04
74450.00 -.979997863E-04
74500.00 -.979923410E-04
74550.00 -.981009156E-04
74600.00 -.982035061E-04
74650.00 -.981656278E-04
74700.00 -.980977225E-04
74750.00 -.981491525E-04
74800.00 -.981759501E-04
74850.00 -.981779449E-04
74900.00 -.982159116E-04
74950.00 -.982556481E-04
75000.00 -.983015286E-04
75050.00 -.983089511E-04
75100.00 -.983968729E-04
75150.00 -.985149316E-04
75200.00 -.985099075E-04
75250.00 -.984922836E-04
75300.00 -.985012790E-04
75350.00 -.985274754E-04
75400.00 -.985907021E-04
75450.00 -.986394994E-04
75500.00 -.987617045E-04
75550.00 -.989098139E-04
75600.00 -.989515122E-04
75650.00 -.989616391E-04
75700.00 -.989821349E-04
75750.00 -.989717126E-04
75800.00 -.990361786E-04
75850.00 -.991578896E-04
75900.00 -.992727632E-04
75950.00 -.993374828E-04
76000.00 -.993863461E-04
76050.00 -.994882537E-04
76100.00 -.994475865E-04
76150.00 -.994754302E-04
76200.00 -.996265513E-04
76250.00 -.996601096E-04
76300.00 -.995659528E-04
76350.00 -.995321719E-04
76400.00 -.995583317E-04
76450.00 -.996174555E-04
76500.00 -.997501400E-04
76550.00 -.998266248E-04
76600.00 -.999355142E-04
76650.00 -.100072175E-03
76700.00 -.100152642E-03
76750.00 -.100185671E-03
76800.00 -.100221884E-03
76850.00 -.100332970E-03
76900.00 -.100467621E-03
76950.00 -.100464026E-03
77000.00 -.100473979E-03
77050.00 -.100541850E-03
77100.00 -.100538819E-03
77150.00 -.100611048E-03
77200.00 -.100684633E-03
77250.00 -.100762310E-03
77300.00 -.100919282E-03
77350.00 -.101037097E-03
77400.00 -.101121266E-03
77450.00 -.101249901E-03
77500.00 -.101401767E-03
77550.00 -.101504334E-03
77600.00 -.101520312E-03
77650.00 -.101541686E-03
77700.00 -.101647425E-03
77750.00 -.101706154E-03
77800.00 -.101679046E-03
77850.00 -.101608883E-03
77900.00 -.101618941E-03
77950.00 -.101788587E-03
78000.00 -.101972059E-03
78050.00 -.102007184E-03
78100.00 -.102024072E-03
78150.00 -.102107709E-03
78200.00 -.102218096E-03
78250.00 -.102310790E-03
78300.00 -.102355621E-03
78350.00 -.102458331E-03
78400.00 -.102502931E-03
78450.00 -.102549261E-03
78500.00 -.102744217E-03
78550.00 -.102926205E-03
78600.00 -.102921357E-03
78650.00 -.102981115E-03
78700.00 -.103159144E-03
78750.00 -.103212879E-03
78800.00 -.103380546E-03
78850.00 -.103503548E-03
78900.00 -.103470644E-03
78950.00 -.103452359E-03
79000.00 -.103464896E-03
79050.00 -.103636591E-03
79100.00 -.103767358E-03
79150.00 -.103792259E-03
79200.00 -.103810875E-03
79250.00 -.103821461E-03
79300.00 -.103856193E-03
79350.00 -.103971270E-03
79400.00 -.104117813E-03
79450.00 -.104121944E-03
79500.00 -.104012840E-03
79550.00 -.104056013E-03
79600.00 -.104264170E-03
79650.00 -.104404965E-03
79700.00 -.104428120E-03
79750.00 -.104368320E-03
79800.00 -.104368225E-03
79850.00 -.104406349E-03
79900.00 -.104439616E-03
79950.00 -.104476159E-03
80000.00 -.104507854E-03
80050.00 -.104580409E-03
80100.00 -.104653647E-03
80150.00 -.104721532E-03
80200.00 -.104824359E-03
80250.00 -.104864314E-03
80300.00 -.104872276E-03
80350.00 -.104925106E-03
80400.00 -.104931163E-03
80450.00 -.104899327E-03
80500.00 -.104929427E-03
80550.00 -.104995805E-03
80600.00 -.105046332E-03
80650.00 -.105143493E-03
80700.00 -.105170892E-03
80750.00 -.105133601E-03
80800.00 -.105146144E-03
80850.00 -.105197038E-03
80900.00 -.105245669E-03
80950.00 -.105272856E-03
81000.00 -.105322625E-03
81050.00 -.105403141E-03
81100.00 -.105433178E-03
81150.00 -.105507568E-03
81200.00 -.105718514E-03
81250.00 -.105862757E-03
81300.00 -.105800321E-03
81350.00 -.105817186E-03
81400.00 -.105961446E-03
81450.00 -.105990589E-03
81500.00 -.106027563E-03
81550.00 -.106136476E-03
81600.00 -.106219323E-03
81650.00 -.106296788E-03
81700.00 -.106417985E-03
81750.00 -.106449888E-03
81800.00 -.106482133E-03
81850.00 -.106595911E-03
81900.00 -.106711655E-03
81950.00 -.106786800E-03
82000.00 -.106922215E-03
82050.00 -.106982028E-03
82100.00 -.106895704E-03
82150.00 -.106927671E-03
82200.00 -.107053145E-03
82250.00 -.107132807E-03
82300.00 -.107165382E-03
82350.00 -.107281878E-03
82400.00 -.107394367E-03
82450.00 -.107446042E-03
82500.00 -.107511105E-03
82550.00 -.107601357E-03
82600.00 -.107684527E-03
82650.00 -.107720093E-03
82700.00 -.107720183E-03
82750.00 -.107724311E-03
82800.00 -.107720848E-03
82850.00 -.107790779E-03
82900.00 -.107946633E-03
82950.00 -.108056381E-03
83000.00 -.108121315E-03
83050.00 -.108159124E-03
83100.00 -.108169793E-03
83150.00 -.108267128E-03
83200.00 -.108400162E-03
83250.00 -.108482461E-03
83300.00 -.108519902E-03
83350.00 -.108576632E-03
83400.00 -.108701794E-03
83450.00 -.108784801E-03
83500.00 -.108794362E-03
83550.00 -.108788243E-03
83600.00 -.108770482E-03
83650.00 -.108816218E-03
83700.00 -.108929255E-03
83750.00 -.109088756E-03
83800.00 -.109244800E-03
83850.00 -.109336557E-03
83900.00 -.109441458E-03
83950.00 -.109481695E-03
84000.00 -.109601759E-03
84050.00 -.109684714E-03
84100.00 -.109668683E-03
84150.00 -.109777142E-03
84200.00 -.109771829E-03
84250.00 -.109755107E-03
84300.00 -.109876368E-03
84350.00 -.109983612E-03
84400.00 -.110071162E-03
84450.00 -.110192555E-03
84500.00 -.110315257E-03
84550.00 -.110361444E-03
84600.00 -.110388233E-03
84650.00 -.110452699E-03
84700.00 -.110562308E-03
84750.00 -.110614177E-03
84800.00 -.110592814E-03
84850.00 -.110666007E-03
84900.00 -.110789971E-03
84950.00 -.110877846E-03
85000.00 -.110926543E-03
85050.00 -.110968911E-03
85100.00 -.111065982E-03
85150.00 -.111145518E-03
85200.00 -.111279219E-03
85250.00 -.111390815E-03
85300.00 -.111379766E-03
85350.00 -.111332318E-03
85400.00 -.111338082E-03
85450.00 -.111469640E-03
85500.00 -.111540995E-03
85550.00 -.111579356E-03
85600.00 -.111646272E-03
85650.00 -.111615082E-03
85700.00 -.111574493E-03
85750.00 -.111535023E-03
85800.00 -.111511731E-03
85850.00 -.111474744E-03
85900.00 -.111417208E-03
85950.00 -.111426424E-03
86000.00 -.111554123E-03
86050.00 -.111584874E-03
86100.00 -.111483991E-03
86150.00 -.111522561E-03
86200.00 -.111564979E-03
86250.00 -.111656826E-03
86300.00 -.111743514E-03
86350.00 -.111730989E-03
86400.00 -.111745936E-03
86450.00 -.111777089E-03
86500.00 -.111867758E-03
86550.00 -.111932768E-03
86600.00 -.111961120E-03
86650.00 -.112016629E-03
86700.00 -.112056540E-03
86750.00 -.112047797E-03
86800.00 -.112064063E-03
86850.00 -.112125551E-03
86900.00 -.112148145E-03
86950.00 -.112158289E-03
87000.00 -.112236548E-03
87050.00 -.112341246E-03
87100.00 -.112383683E-03
87150.00 -.112422776E-03
87200.00 -.112515843E-03
87250.00 -.112578447E-03
87300.00 -.112568194E-03
87350.00 -.112560837E-03
87400.00 -.112630048E-03
87450.00 -.112751087E-03
87500.00 -.112837312E-03
87550.00 -.112903915E-03
87600.00 -.112969780E-03
87650.00 -.113037237E-03
87700.00 -.113049702E-03
87750.00 -.113007073E-03
87800.00 -.112967213E-03
87850.00 -.112919439E-03
87900.00 -.112899877E-03
87950.00 -.112923514E-03
88000.00 -.112949937E-03
88050.00 -.113045691E-03
88100.00 -.113070670E-03
88150.00 -.113023662E-03
88200.00 -.113148643E-03
88250.00 -.113207643E-03
88300.00 -.113241095E-03
88350.00 -.113307459E-03
88400.00 -.113281666E-03
88450.00 -.113271720E-03
88500.00 -.113331653E-03
88550.00 -.113379197E-03
88600.00 -.113365221E-03
88650.00 -.113385751E-03
88700.00 -.113397633E-03
88750.00 -.113451865E-03
88800.00 -.113498006E-03
88850.00 -.113550382E-03
88900.00 -.113626377E-03
88950.00 -.113605144E-03
89000.00 -.113613371E-03
89050.00 -.113600818E-03
89100.00 -.113512271E-03
89150.00 -.113525487E-03
89200.00 -.113632968E-03
89250.00 -.113759155E-03
89300.00 -.113856613E-03
89350.00 -.113873909E-03
89400.00 -.113908173E-03
89450.00 -.113956071E-03
89500.00 -.113955649E-03
89550.00 -.113988465E-03
89600.00 -.113945821E-03
89650.00 -.113864790E-03
89700.00 -.113851170E-03
89750.00 -.113889848E-03
89800.00 -.113919799E-03
89850.00 -.113928591E-03
89900.00 -.113928797E-03
89950.00 -.113985229E-03
90000.00 -.114063783E-03
90050.00 -.114096476E-03
90100.00 -.114222088E-03
90150.00 -.114330428E-03
90200.00 -.114335978E-03
90250.00 -.114337134E-03
90300.00 -.114342040E-03
90350.00 -.114288840E-03
90400.00 -.114310958E-03
90450.00 -.114436715E-03
90500.00 -.114560925E-03
90550.00 -.114639448E-03
90600.00 -.114651296E-03
90650.00 -.114628940E-03
90700.00 -.114706555E-03
90750.00 -.114859939E-03
90800.00 -.114990225E-03
90850.00 -.115037289E-03
90900.00 -.115031040E-03
90950.00 -.115017527E-03
91000.00 -.114984739E-03
91050.00 -.115017291E-03
91100.00 -.115113110E-03
91150.00 -.115147409E-03
91200.00 -.115070056E-03
91250.00 -.115120120E-03
91300.00 -.115236585E-03
91350.00 -.115311772E-03
91400.00 -.115444374E-03
91450.00 -.115487168E-03
91500.00 -.115467692E-03
91550.00 -.115512516E-03
91600.00 -.115624026E-03
91650.00 -.115718578E-03
91700.00 -.115687344E-03
91750.00 -.115630376E-03
91800.00 -.115607958E-03
91850.00 -.115624019E-03
91900.00 -.115662000E-03
91950.00 -.115701144E-03
92000.00 -.115748934E-03
92050.00 -.115784524E-03
92100.00 -.115771484E-03
92150.00 -.115794081E-03
92200.00 -.115853363E-03
92250.00 -.115846786E-03
92300.00 -.115845438E-03
92350.00 -.115817724E-03
92400.00 -.115822844E-03
92450.00 -.115941913E-03
92500.00 -.116153766E-03
92550.00 -.116323540E-03
92600.00 -.116354511E-03
92650.00 -.116366095E-03
92700.00 -.116381196E-03
92750.00 -.116379465E-03
92800.00 -.116322967E-03
92850.00 -.116293252E-03
92900.00 -.116372777E-03
92950.00 -.116414008E-03
93000.00 -.116318904E-03
93050.00 -.116235076E-03
93100.00 -.116269028E-03
93150.00 -.116315732E-03
93200.00 -.116380326E-03
93250.00 -.116416878E-03
93300.00 -.116404595E-03
93350.00 -.116462555E-03
93400.00 -.116532493E-03
93450.00 -.116545384E-03
93500.00 -.116548652E-03
93550.00 -.116599184E-03
93600.00 -.116656907E-03
93650.00 -.116666510E-03
93700.00 -.116746788E-03
93750.00 -.116831733E-03
93800.00 -.116800614E-03
93850.00 -.116823527E-03
93900.00 -.116905306E-03
93950.00 -.116933832E-03
94000.00 -.116872369E-03
94050.00 -.116851575E-03
94100.00 -.116880691E-03
94150.00 -.116921089E-03
94200.00 -.116959809E-03
94250.00 -.116952795E-03
94300.00 -.117024213E-03
94350.00 -.117075029E-03
94400.00 -.117096121E-03
94450.00 -.117145554E-03
94500.00 -.117146987E-03
94550.00 -.117139017E-03
94600.00 -.117117579E-03
94650.00 -.117149588E-03
94700.00 -.117259276E-03
94750.00 -.117364184E-03
94800.00 -.117384538E-03
94850.00 -.117374970E-03
94900.00 -.117515016E-03
94950.00 -.117619381E-03
95000.00 -.117682728E-03
95050.00 -.117745655E-03
95100.00 -.117756829E-03
95150.00 -.117866898E-03
95200.00 -.117930255E-03
95250.00 -.117909692E-03
95300.00 -.117907873E-03
95350.00 -.117913504E-03
95400.00 -.117985014E-03
95450.00 -.118062389E-03
95500.00 -.118101018E-03
95550.00 -.118185453E-03
95600.00 -.118242369E-03
95650.00 -.118194872E-03
95700.00 -.118184837E-03
95750.00 -.118250981E-03
95800.00 -.118206868E-03
95850.00 -.118175181E-03
95900.00 -.118190125E-03
95950.00 -.118174283E-03
96000.00 -.118179544E-03
96050.00 -.118154080E-03
96100.00 -.118129480E-03
96150.00 -.118098602E-03
96200.00 -.118120310E-03
96250.00 -.118202520E-03
96300.00 -.118256349E-03
96350.00 -.118282609E-03
96400.00 -.118203927E-03
96450.00 -.118131835E-03
96500.00 -.118239051E-03
96550.00 -.118355395E-03
96600.00 -.118348815E-03
96650.00 -.118393651E-03
96700.00 -.118448281E-03
96750.00 -.118501374E-03
96800.00 -.118605700E-03
96850.00 -.118655794E-03
96900.00 -.118762617E-03
96950.00 -.118900602E-03
97000.00 -.119027939E-03
97050.00 -.119155905E-03
97100.00 -.119291374E-03
97150.00 -.119342288E-03
97200.00 -.119378105E-03
97250.00 -.119513575E-03
97300.00 -.119611956E-03
97350.00 -.119663522E-03
97400.00 -.119717302E-03
97450.00 -.119747706E-03
97500.00 -.119777490E-03
97550.00 -.119799396E-03
97600.00 -.119728503E-03
97650.00 -.119731669E-03
97700.00 -.119801723E-03
97750.00 -.119866683E-03
97800.00 -.119917130E-03
97850.00 -.119861033E-03
97900.00 -.119920281E-03
97950.00 -.120022739E-03
98000.00 -.119995399E-03
98050.00 -.120026412E-03
98100.00 -.120223213E-03
98150.00 -.120417214E-03
98200.00 -.120422020E-03
98250.00 -.120328904E-03
98300.00 -.120342695E-03
98350.00 -.120453462E-03
98400.00 -.120572569E-03
98450.00 -.120602760E-03
98500.00 -.120555551E-03
98550.00 -.120660520E-03
98600.00 -.120800701E-03
98650.00 -.120818723E-03
98700.00 -.120825252E-03
98750.00 -.120877387E-03
98800.00 -.120944737E-03
98850.00 -.120915773E-03
98900.00 -.120886287E-03
98950.00 -.120930010E-03
99000.00 -.120989512E-03
99050.00 -.121164575E-03
99100.00 -.121224464E-03
99150.00 -.121190504E-03
99200.00 -.121198894E-03
99250.00 -.121120446E-03
99300.00 -.121111420E-03
99350.00 -.121115621E-03
99400.00 -.121054781E-03
99450.00 -.121077714E-03
99500.00 -.121187713E-03
99550.00 -.121333172E-03
99600.00 -.121491694E-03
99650.00 -.121643768E-03
99700.00 -.121689541E-03
99750.00 -.121679828E-03
99800.00 -.121774329E-03
99850.00 -.121904879E-03
99900.00 -.122034874E-03
