          96   8.0000000000000000     
          96   3.0000000000000000     
          97   3.0000000000000000     
          97   2.0000000000000000     
          97   17.000000000000000     
          97   8.0000000000000000     
          97   28.000000000000000     
          98   7.0000000000000000     
          98   5.0000000000000000     
          98   1.0000000000000000     
          99   13.000000000000000     
          99   1.0000000000000000     
          99   2.0000000000000000     
          99   10.000000000000000     
          99   3.0000000000000000     
         100   9.0000000000000000     
         100   7.0000000000000000     
         100   4.0000000000000000     
         100   7.0000000000000000     
         100   4.0000000000000000     
         101   3.0000000000000000     
         101   10.000000000000000     
         101   25.000000000000000     
         101   3.0000000000000000     
         101   1.0000000000000000     
         101   6.0000000000000000     
         102   20.000000000000000     
         102   3.0000000000000000     
         103   3.0000000000000000     
         103   6.0000000000000000     
         103   5.0000000000000000     
         103   2.0000000000000000     
         104   7.0000000000000000     
         104   10.000000000000000     
         104   7.0000000000000000     
         104   14.000000000000000     
         105   8.0000000000000000     
         105   7.0000000000000000     
         105   5.0000000000000000     
         106   9.0000000000000000     
         106   4.0000000000000000     
         106   7.0000000000000000     
         106   5.0000000000000000     
         107   3.0000000000000000     
         107   10.000000000000000     
         107   4.0000000000000000     
         107   4.0000000000000000     
         107   12.000000000000000     
         107   6.0000000000000000     
         108   7.0000000000000000     
         108   26.000000000000000     
         109   4.0000000000000000     
         109   8.0000000000000000     
         109   5.0000000000000000     
         110   3.0000000000000000     
         110   28.000000000000000     
         110   4.0000000000000000     
         110   6.0000000000000000     
         110   9.0000000000000000     
         110   4.0000000000000000     
         111   4.0000000000000000     
         111   9.0000000000000000     
         111   5.0000000000000000     
         112   11.000000000000000     
         112   8.0000000000000000     
         113   5.0000000000000000     
         113   4.0000000000000000     
         113   4.0000000000000000     
         113   9.0000000000000000     
         113   3.0000000000000000     
         114   4.0000000000000000     
         114   5.0000000000000000     
         114   5.0000000000000000     
         114   4.0000000000000000     
         115   6.0000000000000000     
         115   14.000000000000000     
         115   6.0000000000000000     
         116   5.0000000000000000     
         116   5.0000000000000000     
         116   7.0000000000000000     
         116   10.000000000000000     
         116   28.000000000000000     
         117   5.0000000000000000     
         117   7.0000000000000000     
         117   2.0000000000000000     
         117   6.0000000000000000     
         117   8.0000000000000000     
         117   3.0000000000000000     
         117   6.0000000000000000     
         118   3.0000000000000000     
         118   4.0000000000000000     
         118   5.0000000000000000     
         118   7.0000000000000000     
         118   26.000000000000000     
         119   1.0000000000000000     
         119   7.0000000000000000     
         119   5.0000000000000000     
         120   7.0000000000000000     
         120   9.0000000000000000     
         120   4.0000000000000000     
         121   10.000000000000000     
         121   4.0000000000000000     
         121   10.000000000000000     
         121   3.0000000000000000     
         122   2.0000000000000000     
         122   4.0000000000000000     
         122   16.000000000000000     
         122   8.0000000000000000     
         122   40.000000000000000     
         122   18.000000000000000     
         123   5.0000000000000000     
         123   2.0000000000000000     
         123   10.000000000000000     
         123   4.0000000000000000     
         123   90.000000000000000     
         124   4.0000000000000000     
         124   10.000000000000000     
         124   5.0000000000000000     
         124   18.000000000000000     
         124   24.000000000000000     
         124   3.0000000000000000     
         125   3.0000000000000000     
         125   5.0000000000000000     
         125   5.0000000000000000     
         126   6.0000000000000000     
         126   7.0000000000000000     
         127   2.0000000000000000     
         127   5.0000000000000000     
         127   11.000000000000000     
         127   7.0000000000000000     
         128   15.000000000000000     
         128   17.000000000000000     
         128   42.000000000000000     
         129   11.000000000000000     
         129   105.00000000000000     
         129   8.0000000000000000     
         129   2.0000000000000000     
         129   6.0000000000000000     
         130   9.0000000000000000     
         130   3.0000000000000000     
         130   3.0000000000000000     
         130   9.0000000000000000     
         130   2.0000000000000000     
         131   1.0000000000000000     
         131   3.0000000000000000     
         131   15.000000000000000     
         132   6.0000000000000000     
         132   2.0000000000000000     
         132   11.000000000000000     
         132   4.0000000000000000     
         132   7.0000000000000000     
         132   11.000000000000000     
         132   124.00000000000000     
         133   5.0000000000000000     
         133   10.000000000000000     
         133   4.0000000000000000     
         133   8.0000000000000000     
         133   4.0000000000000000     
         133   7.0000000000000000     
         133   4.0000000000000000     
         133   6.0000000000000000     
         134   3.0000000000000000     
         134   4.0000000000000000     
         134   7.0000000000000000     
         134   4.0000000000000000     
         135   5.0000000000000000     
         135   14.000000000000000     
         135   3.0000000000000000     
         135   8.0000000000000000     
         135   20.000000000000000     
         135   11.000000000000000     
         136   2.0000000000000000     
         136   12.000000000000000     
         136   9.0000000000000000     
         136   8.0000000000000000     
         136   6.0000000000000000     
         136   54.000000000000000     
         136   6.0000000000000000     
         137   2.0000000000000000     
         137   12.000000000000000     
         137   6.0000000000000000     
         138   7.0000000000000000     
         138   6.0000000000000000     
         138   2.0000000000000000     
         138   2.0000000000000000     
         138   4.0000000000000000     
         138   10.000000000000000     
         138   10.000000000000000     
         139   3.0000000000000000     
         139   11.000000000000000     
         139   7.0000000000000000     
         139   7.0000000000000000     
         140   9.0000000000000000     
         140   27.000000000000000     
         140   6.0000000000000000     
         140   8.0000000000000000     
         140   4.0000000000000000     
         140   9.0000000000000000     
         140   2.0000000000000000     
         140   7.0000000000000000     
         141   9.0000000000000000     
         141   21.000000000000000     
         141   8.0000000000000000     
         141   14.000000000000000     
         141   2.0000000000000000     
         141   5.0000000000000000     
         141   6.0000000000000000     
         141   3.0000000000000000     
         142   5.0000000000000000     
         142   2.0000000000000000     
         142   14.000000000000000     
         142   4.0000000000000000     
         142   4.0000000000000000     
         143   8.0000000000000000     
         143   12.000000000000000     
         143   3.0000000000000000     
         143   4.0000000000000000     
         143   2.0000000000000000     
         144   3.0000000000000000     
         144   12.000000000000000     
         144   5.0000000000000000     
         144   5.0000000000000000     
         144   5.0000000000000000     
         144   6.0000000000000000     
         144   14.000000000000000     
         144   33.000000000000000     
         145   7.0000000000000000     
         145   4.0000000000000000     
         145   4.0000000000000000     
         145   7.0000000000000000     
         145   6.0000000000000000     
         145   23.000000000000000     
         146   4.0000000000000000     
         146   2.0000000000000000     
         146   3.0000000000000000     
         146   1.0000000000000000     
         147   16.000000000000000     
         147   9.0000000000000000     
         147   6.0000000000000000     
         147   7.0000000000000000     
         147   11.000000000000000     
         148   7.0000000000000000     
         149   3.0000000000000000     
         149   5.0000000000000000     
         149   12.000000000000000     
         149   3.0000000000000000     
         149   17.000000000000000     
         150   6.0000000000000000     
         150   7.0000000000000000     
         150   4.0000000000000000     
         151   5.0000000000000000     
         151   3.0000000000000000     
         151   1.0000000000000000     
         151   7.0000000000000000     
         151   6.0000000000000000     
         152   5.0000000000000000     
         152   3.0000000000000000     
         152   12.000000000000000     
         152   25.000000000000000     
         152   2.0000000000000000     
         152   8.0000000000000000     
         153   13.000000000000000     
         153   4.0000000000000000     
         153   6.0000000000000000     
         153   4.0000000000000000     
         153   34.000000000000000     
         154   4.0000000000000000     
         154   2.0000000000000000     
         154   6.0000000000000000     
         155   8.0000000000000000     
         155   4.0000000000000000     
         155   3.0000000000000000     
         155   12.000000000000000     
         155   16.000000000000000     
         155   3.0000000000000000     
         155   3.0000000000000000     
         156   3.0000000000000000     
         156   15.000000000000000     
         156   13.000000000000000     
         156   3.0000000000000000     
         156   10.000000000000000     
         156   2.0000000000000000     
         157   44.000000000000000     
         157   3.0000000000000000     
         157   8.0000000000000000     
         157   9.0000000000000000     
         157   7.0000000000000000     
