           1   9.0000000000000000     
           1   7.0000000000000000     
           1   16.000000000000000     
           1   5.0000000000000000     
           2   8.0000000000000000     
           2   9.0000000000000000     
           2   4.0000000000000000     
           2   5.0000000000000000     
           2   10.000000000000000     
           3   4.0000000000000000     
           3   15.000000000000000     
           3   4.0000000000000000     
           3   10.000000000000000     
           5   16.000000000000000     
           5   11.000000000000000     
           5   16.000000000000000     
           5   8.0000000000000000     
           5   8.0000000000000000     
           5   6.0000000000000000     
           5   7.0000000000000000     
           5   67.000000000000000     
           6   10.000000000000000     
           6   3.0000000000000000     
           6   18.000000000000000     
           6   9.0000000000000000     
           6   115.00000000000000     
           6   9.0000000000000000     
           7   20.000000000000000     
           7   1.0000000000000000     
           7   6.0000000000000000     
           7   22.000000000000000     
           7   19.000000000000000     
           8   6.0000000000000000     
           8   9.0000000000000000     
           8   8.0000000000000000     
           8   30.000000000000000     
           9   4.0000000000000000     
           9   4.0000000000000000     
           9   11.000000000000000     
           9   4.0000000000000000     
           9   21.000000000000000     
           9   11.000000000000000     
           9   4.0000000000000000     
           9   1.0000000000000000     
          10   5.0000000000000000     
          10   3.0000000000000000     
          10   6.0000000000000000     
          10   10.000000000000000     
          10   16.000000000000000     
          11   2.0000000000000000     
          11   20.000000000000000     
          11   16.000000000000000     
          11   12.000000000000000     
          11   8.0000000000000000     
          11   80.000000000000000     
          12   5.0000000000000000     
          12   13.000000000000000     
          12   11.000000000000000     
          12   17.000000000000000     
          12   46.000000000000000     
          12   20.000000000000000     
          12   17.000000000000000     
          12   16.000000000000000     
          12   6.0000000000000000     
          12   14.000000000000000     
          12   4.0000000000000000     
          13   823.00000000000000     
          13   11.000000000000000     
          13   88.000000000000000     
          13   43.000000000000000     
          14   11.000000000000000     
          14   13.000000000000000     
          14   27.000000000000000     
          14   7.0000000000000000     
          14   7.0000000000000000     
          14   24.000000000000000     
          14   7.0000000000000000     
          15   15.000000000000000     
          15   5.0000000000000000     
          15   3.0000000000000000     
          15   36.000000000000000     
          15   89.000000000000000     
          15   19.000000000000000     
          15   7.0000000000000000     
          15   6.0000000000000000     
          15   5.0000000000000000     
          15   4.0000000000000000     
          16   828.00000000000000     
          16   5.0000000000000000     
          17   14.000000000000000     
          17   8.0000000000000000     
          17   7.0000000000000000     
          17   42.000000000000000     
          17   8.0000000000000000     
          17   5.0000000000000000     
          18   4.0000000000000000     
          18   15.000000000000000     
          18   16.000000000000000     
          18   20.000000000000000     
          18   12.000000000000000     
          19   3.0000000000000000     
          21   7.0000000000000000     
          21   24.000000000000000     
          21   5.0000000000000000     
          21   97.000000000000000     
          22   9.0000000000000000     
          22   19.000000000000000     
          22   7.0000000000000000     
          23   8.0000000000000000     
          23   4.0000000000000000     
          23   6.0000000000000000     
          23   14.000000000000000     
          24   31.000000000000000     
          24   13.000000000000000     
          24   15.000000000000000     
          25   22.000000000000000     
          25   27.000000000000000     
          25   9.0000000000000000     
          25   7.0000000000000000     
          25   11.000000000000000     
          25   8.0000000000000000     
          26   14.000000000000000     
          26   7.0000000000000000     
          26   8.0000000000000000     
          26   19.000000000000000     
          27   9.0000000000000000     
          27   18.000000000000000     
          27   8.0000000000000000     
          28   5.0000000000000000     
          28   16.000000000000000     
          28   29.000000000000000     
          29   11.000000000000000     
          29   15.000000000000000     
          29   4.0000000000000000     
          29   22.000000000000000     
          29   25.000000000000000     
          30   12.000000000000000     
          30   13.000000000000000     
          30   129.00000000000000     
          30   8.0000000000000000     
          31   8.0000000000000000     
          31   36.000000000000000     
          31   4.0000000000000000     
          31   66.000000000000000     
          31   72.000000000000000     
          32   8.0000000000000000     
          32   4.0000000000000000     
          32   9.0000000000000000     
          32   8.0000000000000000     
          32   24.000000000000000     
          32   12.000000000000000     
          32   9.0000000000000000     
          32   11.000000000000000     
          32   18.000000000000000     
          33   22.000000000000000     
          33   8.0000000000000000     
          33   17.000000000000000     
          33   9.0000000000000000     
          33   8.0000000000000000     
          33   28.000000000000000     
          33   14.000000000000000     
          33   12.000000000000000     
          34   24.000000000000000     
          34   6.0000000000000000     
          34   8.0000000000000000     
          34   11.000000000000000     
          34   22.000000000000000     
          34   4.0000000000000000     
          35   5.0000000000000000     
          35   7.0000000000000000     
          35   15.000000000000000     
          35   10.000000000000000     
          35   20.000000000000000     
          35   8.0000000000000000     
          36   28.000000000000000     
          36   9.0000000000000000     
          36   11.000000000000000     
          37   27.000000000000000     
          37   3.0000000000000000     
          37   3.0000000000000000     
          37   4.0000000000000000     
          37   10.000000000000000     
          37   14.000000000000000     
          37   11.000000000000000     
          37   6.0000000000000000     
          37   8.0000000000000000     
          37   14.000000000000000     
          37   5.0000000000000000     
          38   75.000000000000000     
          38   28.000000000000000     
          38   13.000000000000000     
          38   15.000000000000000     
          38   18.000000000000000     
          38   4.0000000000000000     
          39   9.0000000000000000     
          40   63.000000000000000     
          40   10.000000000000000     
          40   17.000000000000000     
          40   42.000000000000000     
          40   4.0000000000000000     
          41   4.0000000000000000     
          41   25.000000000000000     
          41   84.000000000000000     
          41   8.0000000000000000     
          41   8.0000000000000000     
          42   14.000000000000000     
          42   15.000000000000000     
          42   22.000000000000000     
          42   10.000000000000000     
          43   81.000000000000000     
          43   4.0000000000000000     
          43   14.000000000000000     
          43   8.0000000000000000     
          44   22.000000000000000     
          44   66.000000000000000     
          45   7.0000000000000000     
          45   7.0000000000000000     
          45   6.0000000000000000     
          45   5.0000000000000000     
          45   2.0000000000000000     
          45   13.000000000000000     
          45   4.0000000000000000     
          46   10.000000000000000     
          46   21.000000000000000     
          46   14.000000000000000     
          46   5.0000000000000000     
          47   5.0000000000000000     
          47   8.0000000000000000     
          47   36.000000000000000     
          47   21.000000000000000     
          47   51.000000000000000     
          48   2.0000000000000000     
          48   7.0000000000000000     
          48   4.0000000000000000     
          48   6.0000000000000000     
          48   57.000000000000000     
          48   5.0000000000000000     
          49   39.000000000000000     
          49   6.0000000000000000     
          50   6.0000000000000000     
          50   8.0000000000000000     
          50   4.0000000000000000     
          50   8.0000000000000000     
          50   22.000000000000000     
          50   13.000000000000000     
          50   10.000000000000000     
          50   33.000000000000000     
          50   22.000000000000000     
          51   35.000000000000000     
          51   11.000000000000000     
          51   7.0000000000000000     
          51   8.0000000000000000     
          51   30.000000000000000     
          52   8.0000000000000000     
          52   4.0000000000000000     
          52   2.0000000000000000     
          52   12.000000000000000     
          52   7.0000000000000000     
          52   10.000000000000000     
          53   18.000000000000000     
          53   11.000000000000000     
          53   12.000000000000000     
          53   7.0000000000000000     
          53   26.000000000000000     
          53   14.000000000000000     
          54   9.0000000000000000     
          54   4.0000000000000000     
          54   9.0000000000000000     
          54   21.000000000000000     
          54   9.0000000000000000     
          55   7.0000000000000000     
          55   27.000000000000000     
          56   37.000000000000000     
          56   3.0000000000000000     
          56   8.0000000000000000     
          57   7.0000000000000000     
          57   16.000000000000000     
          57   6.0000000000000000     
          57   7.0000000000000000     
          57   4.0000000000000000     
          57   19.000000000000000     
          58   5.0000000000000000     
          58   21.000000000000000     
          58   2.0000000000000000     
          58   2.0000000000000000     
          58   6.0000000000000000     
          58   7.0000000000000000     
          58   42.000000000000000     
          58   9.0000000000000000     
          59   7.0000000000000000     
          59   18.000000000000000     
          59   7.0000000000000000     
          59   10.000000000000000     
          60   14.000000000000000     
          60   4.0000000000000000     
          60   9.0000000000000000     
          60   8.0000000000000000     
          60   6.0000000000000000     
          60   8.0000000000000000     
          60   12.000000000000000     
          60   51.000000000000000     
          61   29.000000000000000     
          61   16.000000000000000     
          61   8.0000000000000000     
          61   12.000000000000000     
          62   8.0000000000000000     
          62   24.000000000000000     
          62   21.000000000000000     
          62   6.0000000000000000     
          62   1.0000000000000000     
          63   13.000000000000000     
          63   3.0000000000000000     
          63   10.000000000000000     
          63   6.0000000000000000     
          64   20.000000000000000     
          64   7.0000000000000000     
          64   17.000000000000000     
          64   8.0000000000000000     
          64   19.000000000000000     
          64   5.0000000000000000     
          65   8.0000000000000000     
          65   34.000000000000000     
          65   3.0000000000000000     
          65   6.0000000000000000     
          65   3.0000000000000000     
          65   9.0000000000000000     
          65   1.0000000000000000     
          65   4.0000000000000000     
          65   12.000000000000000     
          66   7.0000000000000000     
          67   18.000000000000000     
          67   21.000000000000000     
          67   17.000000000000000     
          67   6.0000000000000000     
          67   15.000000000000000     
          67   8.0000000000000000     
          68   21.000000000000000     
          68   11.000000000000000     
          68   20.000000000000000     
          69   8.0000000000000000     
          69   9.0000000000000000     
          69   15.000000000000000     
          69   10.000000000000000     
          70   11.000000000000000     
          70   23.000000000000000     
          70   53.000000000000000     
          70   62.000000000000000     
          70   11.000000000000000     
          70   9.0000000000000000     
          71   11.000000000000000     
          71   9.0000000000000000     
          71   50.000000000000000     
          71   19.000000000000000     
          71   8.0000000000000000     
          72   8.0000000000000000     
          72   2.0000000000000000     
          72   57.000000000000000     
          72   5.0000000000000000     
          73   3.0000000000000000     
          73   16.000000000000000     
          73   9.0000000000000000     
          73   14.000000000000000     
          73   6.0000000000000000     
          73   5.0000000000000000     
          74   3.0000000000000000     
          74   16.000000000000000     
          74   10.000000000000000     
          75   12.000000000000000     
          75   4.0000000000000000     
          75   10.000000000000000     
          75   9.0000000000000000     
          77   10.000000000000000     
          77   7.0000000000000000     
          78   26.000000000000000     
          78   9.0000000000000000     
          78   10.000000000000000     
          78   4.0000000000000000     
          78   14.000000000000000     
          79   3.0000000000000000     
          79   7.0000000000000000     
          79   10.000000000000000     
          79   21.000000000000000     
          79   4.0000000000000000     
          80   12.000000000000000     
          80   27.000000000000000     
          80   13.000000000000000     
          80   4.0000000000000000     
          80   7.0000000000000000     
          81   12.000000000000000     
          81   4.0000000000000000     
          81   16.000000000000000     
          81   11.000000000000000     
          81   34.000000000000000     
          82   9.0000000000000000     
          82   12.000000000000000     
          82   9.0000000000000000     
          82   11.000000000000000     
          82   8.0000000000000000     
          82   12.000000000000000     
          82   8.0000000000000000     
          82   9.0000000000000000     
          83   20.000000000000000     
          83   10.000000000000000     
          83   14.000000000000000     
          83   9.0000000000000000     
          83   10.000000000000000     
          83   20.000000000000000     
          84   28.000000000000000     
          84   4.0000000000000000     
          84   19.000000000000000     
          84   14.000000000000000     
          85   21.000000000000000     
          85   11.000000000000000     
          85   18.000000000000000     
          86   2.0000000000000000     
          86   9.0000000000000000     
          86   7.0000000000000000     
          86   7.0000000000000000     
          86   17.000000000000000     
          87   15.000000000000000     
          87   23.000000000000000     
          87   3.0000000000000000     
          88   8.0000000000000000     
          88   8.0000000000000000     
          88   18.000000000000000     
          88   10.000000000000000     
          88   8.0000000000000000     
          88   35.000000000000000     
          88   8.0000000000000000     
          89   12.000000000000000     
          89   13.000000000000000     
          90   28.000000000000000     
          90   10.000000000000000     
          90   18.000000000000000     
          90   24.000000000000000     
          90   5.0000000000000000     
          90   8.0000000000000000     
          90   7.0000000000000000     
          90   97.000000000000000     
          91   8.0000000000000000     
          91   9.0000000000000000     
          91   5.0000000000000000     
          91   10.000000000000000     
          92   6.0000000000000000     
          92   4.0000000000000000     
          92   8.0000000000000000     
          92   22.000000000000000     
          92   4.0000000000000000     
          92   16.000000000000000     
          92   2.0000000000000000     
          92   35.000000000000000     
          92   4.0000000000000000     
          93   11.000000000000000     
          93   6.0000000000000000     
          93   9.0000000000000000     
          93   31.000000000000000     
          93   3.0000000000000000     
          94   24.000000000000000     
          94   8.0000000000000000     
          94   4.0000000000000000     
          94   18.000000000000000     
          95   14.000000000000000     
          95   12.000000000000000     
          95   8.0000000000000000     
          95   59.000000000000000     
          95   8.0000000000000000     
          95   14.000000000000000     
