50.00 1.80999e-07
100.00 4.47336e-07
150.00 6.0929e-07
200.00 6.41044e-07
250.00 6.04928e-07
300.00 6.56914e-08
350.00 -1.70159e-07
400.00 -6.03352e-07
450.00 -6.13397e-07
500.00 -3.42612e-07
550.00 -2.61487e-07
600.00 -2.00291e-07
650.00 -4.43643e-07
700.00 -3.90305e-07
750.00 -2.58476e-07
800.00 -1.21306e-07
850.00 -2.99447e-07
900.00 -1.00113e-06
950.00 -1.72743e-06
1000.00 -1.9119e-06
1050.00 -1.86895e-06
1100.00 -1.82028e-06
1150.00 -1.80086e-06
1200.00 -2.10189e-06
1250.00 -2.59353e-06
1300.00 -2.95436e-06
1350.00 -2.64533e-06
1400.00 -2.14054e-06
1450.00 -2.04278e-06
1500.00 -1.97832e-06
1550.00 -1.84076e-06
1600.00 -1.77278e-06
1650.00 -1.96289e-06
1700.00 -2.28377e-06
1750.00 -2.62226e-06
1800.00 -2.42883e-06
1850.00 -2.0779e-06
1900.00 -2.05677e-06
1950.00 -2.23103e-06
2000.00 -2.36488e-06
2050.00 -2.06296e-06
2100.00 -2.0433e-06
2150.00 -2.15769e-06
2200.00 -2.23824e-06
2250.00 -2.30594e-06
2300.00 -2.01351e-06
2350.00 -2.01001e-06
2400.00 -2.41447e-06
2450.00 -2.96102e-06
2500.00 -3.10354e-06
2550.00 -3.17027e-06
2600.00 -3.32567e-06
2650.00 -3.19851e-06
2700.00 -3.15355e-06
2750.00 -3.04929e-06
2800.00 -2.9696e-06
2850.00 -3.03947e-06
2900.00 -2.78673e-06
2950.00 -2.40049e-06
3000.00 -2.50423e-06
3050.00 -2.39105e-06
3100.00 -2.66649e-06
3150.00 -3.01963e-06
3200.00 -3.15813e-06
3250.00 -3.30313e-06
3300.00 -3.07295e-06
3350.00 -2.92323e-06
3400.00 -2.70413e-06
3450.00 -2.49609e-06
3500.00 -2.60015e-06
3550.00 -2.6566e-06
3600.00 -2.49909e-06
3650.00 -2.29391e-06
3700.00 -2.45494e-06
3750.00 -2.51343e-06
3800.00 -2.4503e-06
3850.00 -2.82177e-06
3900.00 -3.18608e-06
3950.00 -3.35307e-06
4000.00 -3.801e-06
4050.00 -4.43998e-06
4100.00 -4.52351e-06
4150.00 -4.72099e-06
4200.00 -5.07109e-06
4250.00 -5.06901e-06
4300.00 -4.92114e-06
4350.00 -4.44517e-06
4400.00 -4.27518e-06
4450.00 -4.40291e-06
4500.00 -4.39596e-06
4550.00 -4.46334e-06
4600.00 -4.41742e-06
4650.00 -4.2667e-06
4700.00 -4.40898e-06
4750.00 -4.57721e-06
4800.00 -4.20681e-06
4850.00 -3.80155e-06
4900.00 -3.39834e-06
4950.00 -3.2745e-06
5000.00 -3.71684e-06
5050.00 -3.99403e-06
5100.00 -3.37297e-06
5150.00 -2.91576e-06
5200.00 -3.25148e-06
5250.00 -3.37613e-06
5300.00 -3.18201e-06
5350.00 -3.21391e-06
5400.00 -3.39568e-06
5450.00 -3.1837e-06
5500.00 -3.32841e-06
5550.00 -3.59578e-06
5600.00 -3.40035e-06
5650.00 -3.37478e-06
5700.00 -3.30887e-06
5750.00 -3.41796e-06
5800.00 -4.05814e-06
5850.00 -4.03294e-06
5900.00 -3.76752e-06
5950.00 -3.87858e-06
6000.00 -3.89407e-06
6050.00 -4.2109e-06
6100.00 -4.69348e-06
6150.00 -4.97137e-06
6200.00 -5.56853e-06
6250.00 -5.96446e-06
6300.00 -5.6117e-06
6350.00 -5.07411e-06
6400.00 -4.55498e-06
6450.00 -4.53954e-06
6500.00 -4.7523e-06
6550.00 -4.71455e-06
6600.00 -4.42819e-06
6650.00 -4.1157e-06
6700.00 -4.10134e-06
6750.00 -4.61736e-06
6800.00 -4.58051e-06
6850.00 -4.00784e-06
6900.00 -4.26798e-06
6950.00 -5.2069e-06
7000.00 -5.49673e-06
7050.00 -4.87697e-06
7100.00 -4.43665e-06
7150.00 -4.44037e-06
7200.00 -4.70775e-06
7250.00 -4.64166e-06
7300.00 -4.51945e-06
7350.00 -4.53668e-06
7400.00 -4.53665e-06
7450.00 -4.37569e-06
7500.00 -4.57353e-06
7550.00 -5.11766e-06
7600.00 -5.2512e-06
7650.00 -5.2218e-06
7700.00 -5.40935e-06
7750.00 -5.74021e-06
7800.00 -5.7186e-06
7850.00 -5.69055e-06
7900.00 -5.63293e-06
7950.00 -5.66057e-06
8000.00 -5.89463e-06
8050.00 -6.10598e-06
8100.00 -6.08906e-06
8150.00 -6.22989e-06
8200.00 -6.37434e-06
8250.00 -6.07035e-06
8300.00 -5.68292e-06
8350.00 -5.41593e-06
8400.00 -5.38276e-06
8450.00 -5.69922e-06
8500.00 -6.18794e-06
8550.00 -6.31619e-06
8600.00 -6.29386e-06
8650.00 -6.65771e-06
8700.00 -6.73455e-06
8750.00 -6.67984e-06
8800.00 -6.88449e-06
8850.00 -7.12777e-06
8900.00 -7.24299e-06
8950.00 -6.86991e-06
9000.00 -6.57856e-06
9050.00 -6.93472e-06
9100.00 -7.41987e-06
9150.00 -7.15502e-06
9200.00 -7.13166e-06
9250.00 -7.51544e-06
9300.00 -7.25437e-06
9350.00 -6.8914e-06
9400.00 -6.68309e-06
9450.00 -6.84843e-06
9500.00 -7.12084e-06
9550.00 -7.12677e-06
9600.00 -7.11216e-06
9650.00 -6.63025e-06
9700.00 -6.27852e-06
9750.00 -6.30945e-06
9800.00 -6.34609e-06
9850.00 -6.73733e-06
9900.00 -7.07962e-06
9950.00 -6.71574e-06
10000.00 -6.44321e-06
10050.00 -6.77784e-06
10100.00 -6.61385e-06
10150.00 -6.83443e-06
10200.00 -7.5343e-06
10250.00 -7.72663e-06
10300.00 -8.19605e-06
10350.00 -8.46352e-06
10400.00 -8.46064e-06
10450.00 -8.23478e-06
10500.00 -7.78915e-06
10550.00 -7.72354e-06
10600.00 -7.91473e-06
10650.00 -7.76663e-06
10700.00 -7.56416e-06
10750.00 -7.8631e-06
10800.00 -8.24057e-06
10850.00 -8.7477e-06
10900.00 -8.76264e-06
10950.00 -8.30306e-06
11000.00 -8.10273e-06
11050.00 -8.63973e-06
11100.00 -9.26214e-06
11150.00 -9.303e-06
11200.00 -9.71131e-06
11250.00 -1.00087e-05
11300.00 -9.86186e-06
11350.00 -9.62752e-06
11400.00 -9.32668e-06
11450.00 -9.26429e-06
11500.00 -9.14208e-06
11550.00 -8.81811e-06
11600.00 -8.67113e-06
11650.00 -8.72068e-06
11700.00 -8.95631e-06
11750.00 -8.75147e-06
11800.00 -8.97008e-06
11850.00 -9.35104e-06
11900.00 -8.93945e-06
11950.00 -8.88635e-06
12000.00 -8.85363e-06
12050.00 -8.80555e-06
12100.00 -9.50387e-06
12150.00 -9.80536e-06
12200.00 -9.17414e-06
12250.00 -8.82326e-06
12300.00 -8.75934e-06
12350.00 -8.79754e-06
12400.00 -8.77069e-06
12450.00 -8.74942e-06
12500.00 -9.1178e-06
12550.00 -9.90819e-06
12600.00 -1.05471e-05
12650.00 -1.06372e-05
12700.00 -1.04974e-05
12750.00 -1.03561e-05
12800.00 -1.07093e-05
12850.00 -1.08486e-05
12900.00 -1.04956e-05
12950.00 -1.02511e-05
13000.00 -9.97624e-06
13050.00 -1.00302e-05
13100.00 -1.03299e-05
13150.00 -1.06093e-05
13200.00 -1.04734e-05
13250.00 -1.019e-05
13300.00 -1.026e-05
13350.00 -1.00293e-05
13400.00 -1.00641e-05
13450.00 -1.04649e-05
13500.00 -1.07155e-05
13550.00 -1.0836e-05
13600.00 -1.05853e-05
13650.00 -1.02406e-05
13700.00 -1.01877e-05
13750.00 -1.07691e-05
13800.00 -1.12425e-05
13850.00 -1.11417e-05
13900.00 -1.09198e-05
13950.00 -1.05554e-05
14000.00 -1.04764e-05
14050.00 -1.06215e-05
14100.00 -1.08036e-05
14150.00 -1.12825e-05
14200.00 -1.19103e-05
14250.00 -1.21416e-05
14300.00 -1.21581e-05
14350.00 -1.21553e-05
14400.00 -1.22446e-05
14450.00 -1.25634e-05
14500.00 -1.27473e-05
14550.00 -1.26173e-05
14600.00 -1.22333e-05
14650.00 -1.20953e-05
14700.00 -1.24815e-05
14750.00 -1.28178e-05
14800.00 -1.26805e-05
14850.00 -1.25439e-05
14900.00 -1.29608e-05
14950.00 -1.27917e-05
15000.00 -1.23238e-05
15050.00 -1.207e-05
15100.00 -1.17669e-05
15150.00 -1.17815e-05
15200.00 -1.18838e-05
15250.00 -1.19803e-05
15300.00 -1.19633e-05
15350.00 -1.22254e-05
15400.00 -1.23756e-05
15450.00 -1.22639e-05
15500.00 -1.22579e-05
15550.00 -1.21234e-05
15600.00 -1.23084e-05
15650.00 -1.26456e-05
15700.00 -1.2213e-05
15750.00 -1.1681e-05
15800.00 -1.19146e-05
15850.00 -1.24792e-05
15900.00 -1.28505e-05
15950.00 -1.29327e-05
16000.00 -1.2863e-05
16050.00 -1.32796e-05
16100.00 -1.35568e-05
16150.00 -1.31972e-05
16200.00 -1.3239e-05
16250.00 -1.3095e-05
16300.00 -1.26814e-05
16350.00 -1.24875e-05
16400.00 -1.26614e-05
16450.00 -1.29653e-05
16500.00 -1.29727e-05
16550.00 -1.28511e-05
16600.00 -1.24015e-05
16650.00 -1.20097e-05
16700.00 -1.18066e-05
16750.00 -1.15782e-05
16800.00 -1.17671e-05
16850.00 -1.20077e-05
16900.00 -1.19842e-05
16950.00 -1.21731e-05
17000.00 -1.24329e-05
17050.00 -1.25366e-05
17100.00 -1.28992e-05
17150.00 -1.29521e-05
17200.00 -1.29847e-05
17250.00 -1.37278e-05
17300.00 -1.38194e-05
17350.00 -1.33393e-05
17400.00 -1.2982e-05
17450.00 -1.3274e-05
17500.00 -1.38459e-05
17550.00 -1.41429e-05
17600.00 -1.39763e-05
17650.00 -1.33489e-05
17700.00 -1.30368e-05
17750.00 -1.32963e-05
17800.00 -1.34037e-05
17850.00 -1.33684e-05
17900.00 -1.33194e-05
17950.00 -1.28475e-05
18000.00 -1.30897e-05
18050.00 -1.34487e-05
18100.00 -1.32243e-05
18150.00 -1.34489e-05
18200.00 -1.36109e-05
18250.00 -1.38043e-05
18300.00 -1.39042e-05
18350.00 -1.382e-05
18400.00 -1.35964e-05
18450.00 -1.34741e-05
18500.00 -1.38867e-05
18550.00 -1.44648e-05
18600.00 -1.47579e-05
18650.00 -1.4506e-05
18700.00 -1.4546e-05
18750.00 -1.48036e-05
18800.00 -1.48985e-05
18850.00 -1.54304e-05
18900.00 -1.58785e-05
18950.00 -1.57537e-05
19000.00 -1.54926e-05
19050.00 -1.4967e-05
19100.00 -1.51547e-05
19150.00 -1.53178e-05
19200.00 -1.46685e-05
19250.00 -1.43853e-05
19300.00 -1.43659e-05
19350.00 -1.43217e-05
19400.00 -1.47609e-05
19450.00 -1.55628e-05
19500.00 -1.57654e-05
19550.00 -1.5628e-05
19600.00 -1.52731e-05
19650.00 -1.49836e-05
19700.00 -1.53411e-05
19750.00 -1.57004e-05
19800.00 -1.55829e-05
19850.00 -1.53414e-05
19900.00 -1.52394e-05
19950.00 -1.50457e-05
20000.00 -1.49664e-05
20050.00 -1.49277e-05
20100.00 -1.47228e-05
20150.00 -1.50581e-05
20200.00 -1.53022e-05
20250.00 -1.46614e-05
20300.00 -1.43581e-05
20350.00 -1.4504e-05
20400.00 -1.45827e-05
20450.00 -1.47087e-05
20500.00 -1.50405e-05
20550.00 -1.52874e-05
20600.00 -1.51529e-05
20650.00 -1.55388e-05
20700.00 -1.60851e-05
20750.00 -1.60668e-05
20800.00 -1.60428e-05
20850.00 -1.62443e-05
20900.00 -1.63996e-05
20950.00 -1.62497e-05
21000.00 -1.59426e-05
21050.00 -1.60395e-05
21100.00 -1.65054e-05
21150.00 -1.67276e-05
21200.00 -1.69979e-05
21250.00 -1.69618e-05
21300.00 -1.67712e-05
21350.00 -1.69294e-05
21400.00 -1.72962e-05
21450.00 -1.74928e-05
21500.00 -1.71274e-05
21550.00 -1.68502e-05
21600.00 -1.67566e-05
21650.00 -1.62604e-05
21700.00 -1.58389e-05
21750.00 -1.62114e-05
21800.00 -1.66373e-05
21850.00 -1.65322e-05
21900.00 -1.65285e-05
21950.00 -1.70236e-05
22000.00 -1.77163e-05
22050.00 -1.8139e-05
22100.00 -1.83802e-05
22150.00 -1.84421e-05
22200.00 -1.81601e-05
22250.00 -1.78879e-05
22300.00 -1.77415e-05
22350.00 -1.73807e-05
22400.00 -1.71077e-05
22450.00 -1.72998e-05
22500.00 -1.74782e-05
22550.00 -1.74534e-05
22600.00 -1.69291e-05
22650.00 -1.64361e-05
22700.00 -1.65656e-05
22750.00 -1.70503e-05
22800.00 -1.73559e-05
22850.00 -1.75018e-05
22900.00 -1.80583e-05
22950.00 -1.83822e-05
23000.00 -1.82916e-05
23050.00 -1.8043e-05
23100.00 -1.78332e-05
23150.00 -1.78498e-05
23200.00 -1.77644e-05
23250.00 -1.7769e-05
23300.00 -1.80876e-05
23350.00 -1.84443e-05
23400.00 -1.89052e-05
23450.00 -1.91331e-05
23500.00 -1.91203e-05
23550.00 -1.9477e-05
23600.00 -1.97659e-05
23650.00 -1.95481e-05
23700.00 -1.93062e-05
23750.00 -1.93708e-05
23800.00 -1.94949e-05
23850.00 -1.92525e-05
23900.00 -1.86108e-05
23950.00 -1.83675e-05
24000.00 -1.90531e-05
24050.00 -1.97276e-05
24100.00 -1.94946e-05
24150.00 -1.92994e-05
24200.00 -1.95957e-05
24250.00 -1.98112e-05
24300.00 -1.97249e-05
24350.00 -1.97188e-05
24400.00 -1.98712e-05
24450.00 -1.95094e-05
24500.00 -1.94092e-05
24550.00 -1.95394e-05
24600.00 -1.94784e-05
24650.00 -1.96446e-05
24700.00 -2.00784e-05
24750.00 -2.04298e-05
24800.00 -2.01482e-05
24850.00 -1.99347e-05
24900.00 -2.01834e-05
24950.00 -2.038e-05
25000.00 -2.04871e-05
25050.00 -2.07828e-05
25100.00 -2.09267e-05
25150.00 -2.08658e-05
25200.00 -2.08832e-05
25250.00 -2.10871e-05
25300.00 -2.10823e-05
25350.00 -2.16684e-05
25400.00 -2.23494e-05
25450.00 -2.25753e-05
25500.00 -2.26249e-05
25550.00 -2.22306e-05
25600.00 -2.2306e-05
25650.00 -2.25759e-05
25700.00 -2.22091e-05
25750.00 -2.1654e-05
25800.00 -2.17524e-05
25850.00 -2.20116e-05
25900.00 -2.17306e-05
25950.00 -2.16136e-05
26000.00 -2.17799e-05
26050.00 -2.17085e-05
26100.00 -2.15464e-05
26150.00 -2.18707e-05
26200.00 -2.20633e-05
26250.00 -2.18072e-05
26300.00 -2.16023e-05
26350.00 -2.11756e-05
26400.00 -2.13099e-05
26450.00 -2.21586e-05
26500.00 -2.24922e-05
26550.00 -2.21851e-05
26600.00 -2.18836e-05
26650.00 -2.20199e-05
26700.00 -2.25639e-05
26750.00 -2.29844e-05
26800.00 -2.30369e-05
26850.00 -2.31299e-05
26900.00 -2.31925e-05
26950.00 -2.29874e-05
27000.00 -2.28644e-05
27050.00 -2.23332e-05
27100.00 -2.21225e-05
27150.00 -2.24873e-05
27200.00 -2.26825e-05
27250.00 -2.30422e-05
27300.00 -2.33317e-05
27350.00 -2.3334e-05
27400.00 -2.34079e-05
27450.00 -2.35219e-05
27500.00 -2.37244e-05
27550.00 -2.37454e-05
27600.00 -2.36985e-05
27650.00 -2.36645e-05
27700.00 -2.34807e-05
27750.00 -2.35577e-05
27800.00 -2.33695e-05
27850.00 -2.35179e-05
27900.00 -2.40971e-05
27950.00 -2.44788e-05
28000.00 -2.44784e-05
28050.00 -2.43798e-05
28100.00 -2.43258e-05
28150.00 -2.3911e-05
28200.00 -2.34396e-05
28250.00 -2.33427e-05
28300.00 -2.3202e-05
28350.00 -2.31376e-05
28400.00 -2.35274e-05
28450.00 -2.36549e-05
28500.00 -2.39541e-05
28550.00 -2.42366e-05
28600.00 -2.4186e-05
28650.00 -2.43343e-05
28700.00 -2.41672e-05
28750.00 -2.39828e-05
28800.00 -2.43484e-05
28850.00 -2.44848e-05
28900.00 -2.47147e-05
28950.00 -2.50387e-05
29000.00 -2.53983e-05
29050.00 -2.60675e-05
29100.00 -2.63753e-05
29150.00 -2.6239e-05
29200.00 -2.61793e-05
29250.00 -2.59765e-05
29300.00 -2.58152e-05
29350.00 -2.57778e-05
29400.00 -2.59082e-05
29450.00 -2.60685e-05
29500.00 -2.62982e-05
29550.00 -2.65965e-05
29600.00 -2.64355e-05
29650.00 -2.62021e-05
29700.00 -2.61451e-05
29750.00 -2.61919e-05
29800.00 -2.63421e-05
29850.00 -2.66668e-05
29900.00 -2.66789e-05
29950.00 -2.68555e-05
30000.00 -2.69756e-05
30050.00 -2.68031e-05
30100.00 -2.68133e-05
30150.00 -2.70119e-05
30200.00 -2.7152e-05
30250.00 -2.72161e-05
30300.00 -2.74452e-05
30350.00 -2.71513e-05
30400.00 -2.6803e-05
30450.00 -2.6743e-05
30500.00 -2.69142e-05
30550.00 -2.69715e-05
30600.00 -2.67231e-05
30650.00 -2.72125e-05
30700.00 -2.71924e-05
30750.00 -2.65137e-05
30800.00 -2.64466e-05
30850.00 -2.65512e-05
30900.00 -2.69158e-05
30950.00 -2.70967e-05
31000.00 -2.71185e-05
31050.00 -2.75122e-05
31100.00 -2.77874e-05
31150.00 -2.79393e-05
31200.00 -2.79055e-05
31250.00 -2.81931e-05
31300.00 -2.88768e-05
31350.00 -2.93518e-05
31400.00 -2.93882e-05
31450.00 -2.91426e-05
31500.00 -2.88228e-05
31550.00 -2.85283e-05
31600.00 -2.80147e-05
31650.00 -2.78849e-05
31700.00 -2.82766e-05
31750.00 -2.84558e-05
31800.00 -2.87611e-05
31850.00 -2.87905e-05
31900.00 -2.87836e-05
31950.00 -2.89185e-05
32000.00 -2.8934e-05
32050.00 -2.88832e-05
32100.00 -2.88305e-05
32150.00 -2.86923e-05
32200.00 -2.86825e-05
32250.00 -2.92754e-05
32300.00 -2.94655e-05
32350.00 -2.9181e-05
32400.00 -2.93424e-05
32450.00 -2.96404e-05
32500.00 -2.96943e-05
32550.00 -2.94225e-05
32600.00 -2.89736e-05
32650.00 -2.86306e-05
32700.00 -2.89139e-05
32750.00 -2.93205e-05
32800.00 -2.92995e-05
32850.00 -2.93756e-05
32900.00 -2.96724e-05
32950.00 -2.97922e-05
33000.00 -2.97112e-05
33050.00 -2.98844e-05
33100.00 -3.02215e-05
33150.00 -3.01726e-05
33200.00 -2.99234e-05
33250.00 -2.96607e-05
33300.00 -2.95884e-05
33350.00 -2.98628e-05
33400.00 -2.98508e-05
33450.00 -2.96153e-05
33500.00 -2.96806e-05
33550.00 -2.98924e-05
33600.00 -2.97844e-05
33650.00 -2.97784e-05
33700.00 -3.00563e-05
33750.00 -3.02562e-05
33800.00 -3.02494e-05
33850.00 -3.05799e-05
33900.00 -3.08525e-05
33950.00 -3.12328e-05
34000.00 -3.16032e-05
34050.00 -3.16745e-05
34100.00 -3.16077e-05
34150.00 -3.15571e-05
34200.00 -3.18051e-05
34250.00 -3.19049e-05
34300.00 -3.18679e-05
34350.00 -3.20932e-05
34400.00 -3.28457e-05
34450.00 -3.32146e-05
34500.00 -3.29437e-05
34550.00 -3.24591e-05
34600.00 -3.18187e-05
34650.00 -3.16657e-05
34700.00 -3.17161e-05
34750.00 -3.19156e-05
34800.00 -3.25081e-05
34850.00 -3.28056e-05
34900.00 -3.26042e-05
34950.00 -3.19297e-05
35000.00 -3.19516e-05
35050.00 -3.23894e-05
35100.00 -3.26285e-05
35150.00 -3.29916e-05
35200.00 -3.30652e-05
35250.00 -3.28114e-05
35300.00 -3.28255e-05
35350.00 -3.29182e-05
35400.00 -3.29748e-05
35450.00 -3.30468e-05
35500.00 -3.29582e-05
35550.00 -3.32537e-05
35600.00 -3.36614e-05
35650.00 -3.35898e-05
35700.00 -3.34461e-05
35750.00 -3.32207e-05
35800.00 -3.3515e-05
35850.00 -3.37911e-05
35900.00 -3.36113e-05
35950.00 -3.33132e-05
36000.00 -3.30453e-05
36050.00 -3.34169e-05
36100.00 -3.38288e-05
36150.00 -3.42945e-05
36200.00 -3.4561e-05
36250.00 -3.46252e-05
36300.00 -3.45001e-05
36350.00 -3.42847e-05
36400.00 -3.45903e-05
36450.00 -3.48696e-05
36500.00 -3.49089e-05
36550.00 -3.54699e-05
36600.00 -3.54461e-05
36650.00 -3.50941e-05
36700.00 -3.51429e-05
36750.00 -3.46138e-05
36800.00 -3.40619e-05
36850.00 -3.40217e-05
36900.00 -3.42342e-05
36950.00 -3.42898e-05
37000.00 -3.4094e-05
37050.00 -3.39803e-05
37100.00 -3.41115e-05
37150.00 -3.43625e-05
37200.00 -3.46808e-05
37250.00 -3.47622e-05
37300.00 -3.46082e-05
37350.00 -3.44606e-05
37400.00 -3.42216e-05
37450.00 -3.41292e-05
37500.00 -3.4076e-05
37550.00 -3.41183e-05
37600.00 -3.42588e-05
37650.00 -3.41371e-05
37700.00 -3.42362e-05
37750.00 -3.43964e-05
37800.00 -3.42091e-05
37850.00 -3.43535e-05
37900.00 -3.4501e-05
37950.00 -3.4307e-05
38000.00 -3.44279e-05
38050.00 -3.45219e-05
38100.00 -3.44064e-05
38150.00 -3.443e-05
38200.00 -3.47223e-05
38250.00 -3.48176e-05
38300.00 -3.45215e-05
38350.00 -3.47253e-05
38400.00 -3.46806e-05
38450.00 -3.47177e-05
38500.00 -3.50168e-05
38550.00 -3.51661e-05
38600.00 -3.52614e-05
38650.00 -3.50346e-05
38700.00 -3.48672e-05
38750.00 -3.47539e-05
38800.00 -3.49809e-05
38850.00 -3.50228e-05
38900.00 -3.51076e-05
38950.00 -3.52589e-05
39000.00 -3.50592e-05
39050.00 -3.47639e-05
39100.00 -3.4917e-05
39150.00 -3.59071e-05
39200.00 -3.63832e-05
39250.00 -3.59629e-05
39300.00 -3.59608e-05
39350.00 -3.57769e-05
39400.00 -3.4999e-05
39450.00 -3.46173e-05
39500.00 -3.45719e-05
39550.00 -3.44686e-05
39600.00 -3.48184e-05
39650.00 -3.53417e-05
39700.00 -3.5485e-05
39750.00 -3.56744e-05
39800.00 -3.54458e-05
39850.00 -3.5386e-05
39900.00 -3.55429e-05
39950.00 -3.56686e-05
40000.00 -3.61395e-05
40050.00 -3.6463e-05
40100.00 -3.68328e-05
40150.00 -3.70085e-05
40200.00 -3.67124e-05
40250.00 -3.62882e-05
40300.00 -3.59524e-05
40350.00 -3.57379e-05
40400.00 -3.59001e-05
40450.00 -3.60432e-05
40500.00 -3.61967e-05
40550.00 -3.65439e-05
40600.00 -3.6681e-05
40650.00 -3.64434e-05
40700.00 -3.62344e-05
40750.00 -3.6392e-05
40800.00 -3.69741e-05
40850.00 -3.70106e-05
40900.00 -3.64005e-05
40950.00 -3.62709e-05
41000.00 -3.6483e-05
41050.00 -3.68976e-05
41100.00 -3.74364e-05
41150.00 -3.76414e-05
41200.00 -3.75891e-05
41250.00 -3.76321e-05
41300.00 -3.76304e-05
41350.00 -3.78425e-05
41400.00 -3.79887e-05
41450.00 -3.79215e-05
41500.00 -3.74321e-05
41550.00 -3.67956e-05
41600.00 -3.66499e-05
41650.00 -3.68586e-05
41700.00 -3.72007e-05
41750.00 -3.73349e-05
41800.00 -3.70657e-05
41850.00 -3.70001e-05
41900.00 -3.68723e-05
41950.00 -3.65505e-05
42000.00 -3.6724e-05
42050.00 -3.69861e-05
42100.00 -3.69655e-05
42150.00 -3.72813e-05
42200.00 -3.77492e-05
42250.00 -3.81929e-05
42300.00 -3.84226e-05
42350.00 -3.82416e-05
42400.00 -3.81407e-05
42450.00 -3.82533e-05
42500.00 -3.85891e-05
42550.00 -3.89226e-05
42600.00 -3.90961e-05
42650.00 -3.92612e-05
42700.00 -3.98628e-05
42750.00 -4.0044e-05
42800.00 -3.99335e-05
42850.00 -3.98355e-05
42900.00 -3.99468e-05
42950.00 -4.0567e-05
43000.00 -4.04787e-05
43050.00 -4.00409e-05
43100.00 -3.99561e-05
43150.00 -3.92933e-05
43200.00 -3.87129e-05
43250.00 -3.84384e-05
43300.00 -3.81153e-05
43350.00 -3.81161e-05
43400.00 -3.81615e-05
43450.00 -3.8359e-05
43500.00 -3.88479e-05
43550.00 -3.91831e-05
43600.00 -3.92889e-05
43650.00 -3.95424e-05
43700.00 -3.96939e-05
43750.00 -3.99056e-05
43800.00 -4.00016e-05
43850.00 -3.99956e-05
43900.00 -4.02008e-05
43950.00 -4.00973e-05
44000.00 -3.99368e-05
44050.00 -3.99905e-05
44100.00 -4.00733e-05
44150.00 -4.0206e-05
44200.00 -4.00787e-05
44250.00 -3.94323e-05
44300.00 -3.9123e-05
44350.00 -3.92754e-05
44400.00 -3.95365e-05
44450.00 -3.98674e-05
44500.00 -4.01149e-05
44550.00 -4.02282e-05
44600.00 -3.99426e-05
44650.00 -3.96378e-05
44700.00 -3.97252e-05
44750.00 -3.99472e-05
44800.00 -4.00877e-05
44850.00 -4.01601e-05
44900.00 -4.04801e-05
44950.00 -4.0943e-05
45000.00 -4.08026e-05
45050.00 -4.06953e-05
45100.00 -4.02775e-05
45150.00 -3.97028e-05
45200.00 -3.94823e-05
45250.00 -3.95755e-05
45300.00 -4.03678e-05
45350.00 -4.08335e-05
45400.00 -4.10204e-05
45450.00 -4.08522e-05
45500.00 -4.05342e-05
45550.00 -4.0348e-05
45600.00 -4.02474e-05
45650.00 -4.03054e-05
45700.00 -4.03098e-05
45750.00 -4.01113e-05
45800.00 -4.00147e-05
45850.00 -4.03959e-05
45900.00 -4.04611e-05
45950.00 -4.05093e-05
46000.00 -4.08375e-05
46050.00 -4.13137e-05
46100.00 -4.14003e-05
46150.00 -4.10951e-05
46200.00 -4.11465e-05
46250.00 -4.04889e-05
46300.00 -4.03161e-05
46350.00 -4.04894e-05
46400.00 -4.01814e-05
46450.00 -3.98975e-05
46500.00 -3.94105e-05
46550.00 -3.93936e-05
46600.00 -3.96176e-05
46650.00 -3.9773e-05
46700.00 -4.00513e-05
46750.00 -4.04474e-05
46800.00 -4.09652e-05
46850.00 -4.10578e-05
46900.00 -4.06268e-05
46950.00 -4.09751e-05
47000.00 -4.12106e-05
47050.00 -4.12851e-05
47100.00 -4.15018e-05
47150.00 -4.11847e-05
47200.00 -4.05857e-05
47250.00 -4.06216e-05
47300.00 -4.115e-05
47350.00 -4.10737e-05
47400.00 -4.1074e-05
47450.00 -4.15339e-05
47500.00 -4.15496e-05
47550.00 -4.13147e-05
47600.00 -4.1218e-05
47650.00 -4.14154e-05
47700.00 -4.15532e-05
47750.00 -4.15337e-05
47800.00 -4.17811e-05
47850.00 -4.20234e-05
47900.00 -4.19129e-05
47950.00 -4.16714e-05
48000.00 -4.14272e-05
48050.00 -4.14842e-05
48100.00 -4.2178e-05
48150.00 -4.24459e-05
48200.00 -4.23103e-05
48250.00 -4.24251e-05
48300.00 -4.27751e-05
48350.00 -4.27639e-05
48400.00 -4.24137e-05
48450.00 -4.23728e-05
48500.00 -4.22539e-05
48550.00 -4.25716e-05
48600.00 -4.31925e-05
48650.00 -4.32222e-05
48700.00 -4.30961e-05
48750.00 -4.30977e-05
48800.00 -4.34861e-05
48850.00 -4.35753e-05
48900.00 -4.37124e-05
48950.00 -4.38899e-05
49000.00 -4.36266e-05
49050.00 -4.36183e-05
49100.00 -4.39516e-05
49150.00 -4.42153e-05
49200.00 -4.40555e-05
49250.00 -4.3875e-05
49300.00 -4.38412e-05
49350.00 -4.40118e-05
49400.00 -4.42238e-05
49450.00 -4.41003e-05
49500.00 -4.38292e-05
49550.00 -4.38636e-05
49600.00 -4.42123e-05
49650.00 -4.4415e-05
49700.00 -4.41026e-05
49750.00 -4.4002e-05
49800.00 -4.42477e-05
49850.00 -4.42896e-05
49900.00 -4.46425e-05
49950.00 -4.47598e-05
50000.00 -4.48469e-05
50050.00 -4.49363e-05
50100.00 -4.48636e-05
50150.00 -4.45364e-05
50200.00 -4.39941e-05
50250.00 -4.36947e-05
50300.00 -4.35938e-05
50350.00 -4.36001e-05
50400.00 -4.38061e-05
50450.00 -4.44799e-05
50500.00 -4.47532e-05
50550.00 -4.47157e-05
50600.00 -4.46258e-05
50650.00 -4.46295e-05
50700.00 -4.45e-05
50750.00 -4.46606e-05
50800.00 -4.49274e-05
50850.00 -4.48099e-05
50900.00 -4.51495e-05
50950.00 -4.51822e-05
51000.00 -4.45921e-05
51050.00 -4.47014e-05
51100.00 -4.49018e-05
51150.00 -4.48949e-05
51200.00 -4.5049e-05
51250.00 -4.52127e-05
51300.00 -4.54915e-05
51350.00 -4.56529e-05
51400.00 -4.56836e-05
51450.00 -4.59089e-05
51500.00 -4.63245e-05
51550.00 -4.63915e-05
51600.00 -4.62197e-05
51650.00 -4.62424e-05
51700.00 -4.64704e-05
51750.00 -4.65847e-05
51800.00 -4.61966e-05
51850.00 -4.59771e-05
51900.00 -4.61834e-05
51950.00 -4.60863e-05
52000.00 -4.58739e-05
52050.00 -4.55539e-05
52100.00 -4.51662e-05
52150.00 -4.55243e-05
52200.00 -4.60763e-05
52250.00 -4.64368e-05
52300.00 -4.66641e-05
52350.00 -4.6541e-05
52400.00 -4.63419e-05
52450.00 -4.65406e-05
52500.00 -4.67076e-05
52550.00 -4.70445e-05
52600.00 -4.77212e-05
52650.00 -4.77471e-05
52700.00 -4.74889e-05
52750.00 -4.73513e-05
52800.00 -4.73801e-05
52850.00 -4.7272e-05
52900.00 -4.70463e-05
52950.00 -4.71359e-05
53000.00 -4.70617e-05
53050.00 -4.70717e-05
53100.00 -4.75945e-05
53150.00 -4.80843e-05
53200.00 -4.82797e-05
53250.00 -4.80269e-05
53300.00 -4.77496e-05
53350.00 -4.77185e-05
53400.00 -4.73746e-05
53450.00 -4.7028e-05
53500.00 -4.76728e-05
53550.00 -4.81691e-05
53600.00 -4.78035e-05
53650.00 -4.75303e-05
53700.00 -4.75909e-05
53750.00 -4.80291e-05
53800.00 -4.83571e-05
53850.00 -4.82006e-05
53900.00 -4.79267e-05
53950.00 -4.77177e-05
54000.00 -4.75357e-05
54050.00 -4.75871e-05
54100.00 -4.76072e-05
54150.00 -4.72684e-05
54200.00 -4.70386e-05
54250.00 -4.70596e-05
54300.00 -4.72296e-05
54350.00 -4.75798e-05
54400.00 -4.79164e-05
54450.00 -4.8081e-05
54500.00 -4.80231e-05
54550.00 -4.77396e-05
54600.00 -4.75485e-05
54650.00 -4.77117e-05
54700.00 -4.79821e-05
54750.00 -4.78011e-05
54800.00 -4.7503e-05
54850.00 -4.78839e-05
54900.00 -4.81786e-05
54950.00 -4.79982e-05
55000.00 -4.83733e-05
55050.00 -4.83923e-05
55100.00 -4.81203e-05
55150.00 -4.82084e-05
55200.00 -4.83139e-05
55250.00 -4.82309e-05
55300.00 -4.82904e-05
55350.00 -4.84201e-05
55400.00 -4.82623e-05
55450.00 -4.79544e-05
55500.00 -4.79452e-05
55550.00 -4.83092e-05
55600.00 -4.82737e-05
55650.00 -4.83648e-05
55700.00 -4.86649e-05
55750.00 -4.8968e-05
55800.00 -4.91445e-05
55850.00 -4.88701e-05
55900.00 -4.8973e-05
55950.00 -4.96302e-05
56000.00 -4.99373e-05
56050.00 -5.00239e-05
56100.00 -5.01363e-05
56150.00 -5.03431e-05
56200.00 -5.06089e-05
56250.00 -5.09302e-05
56300.00 -5.09563e-05
56350.00 -5.07518e-05
56400.00 -5.08427e-05
56450.00 -5.10928e-05
56500.00 -5.11434e-05
56550.00 -5.10414e-05
56600.00 -5.12274e-05
56650.00 -5.12894e-05
56700.00 -5.13609e-05
56750.00 -5.11318e-05
56800.00 -5.09765e-05
56850.00 -5.12153e-05
56900.00 -5.13819e-05
56950.00 -5.11921e-05
57000.00 -5.08355e-05
57050.00 -5.07296e-05
57100.00 -5.11403e-05
57150.00 -5.15483e-05
57200.00 -5.11463e-05
57250.00 -5.04642e-05
57300.00 -5.0557e-05
57350.00 -5.10456e-05
57400.00 -5.09817e-05
57450.00 -5.08465e-05
57500.00 -5.07341e-05
57550.00 -5.07319e-05
57600.00 -5.07705e-05
57650.00 -5.07851e-05
57700.00 -5.14915e-05
57750.00 -5.21792e-05
57800.00 -5.19425e-05
57850.00 -5.17686e-05
57900.00 -5.19605e-05
57950.00 -5.22767e-05
58000.00 -5.23356e-05
58050.00 -5.19856e-05
58100.00 -5.17837e-05
58150.00 -5.2006e-05
58200.00 -5.21976e-05
58250.00 -5.21172e-05
58300.00 -5.1837e-05
58350.00 -5.17687e-05
58400.00 -5.18895e-05
58450.00 -5.1924e-05
58500.00 -5.2201e-05
58550.00 -5.24557e-05
58600.00 -5.23176e-05
58650.00 -5.19247e-05
58700.00 -5.23608e-05
58750.00 -5.34658e-05
58800.00 -5.37168e-05
58850.00 -5.37415e-05
58900.00 -5.42001e-05
58950.00 -5.46153e-05
59000.00 -5.45955e-05
59050.00 -5.4759e-05
59100.00 -5.5012e-05
59150.00 -5.51515e-05
59200.00 -5.51231e-05
59250.00 -5.44397e-05
59300.00 -5.39682e-05
59350.00 -5.38621e-05
59400.00 -5.37642e-05
59450.00 -5.39361e-05
59500.00 -5.41045e-05
59550.00 -5.37848e-05
59600.00 -5.37561e-05
59650.00 -5.38777e-05
59700.00 -5.38871e-05
59750.00 -5.40152e-05
59800.00 -5.41029e-05
59850.00 -5.40408e-05
59900.00 -5.36335e-05
59950.00 -5.34177e-05
60000.00 -5.36264e-05
60050.00 -5.38925e-05
60100.00 -5.40281e-05
60150.00 -5.41635e-05
60200.00 -5.41189e-05
60250.00 -5.4102e-05
60300.00 -5.43235e-05
60350.00 -5.44236e-05
60400.00 -5.45056e-05
60450.00 -5.45326e-05
60500.00 -5.41971e-05
60550.00 -5.40721e-05
60600.00 -5.41757e-05
60650.00 -5.41819e-05
60700.00 -5.46453e-05
60750.00 -5.52251e-05
60800.00 -5.5052e-05
60850.00 -5.45713e-05
60900.00 -5.46277e-05
60950.00 -5.43759e-05
61000.00 -5.43683e-05
61050.00 -5.46925e-05
61100.00 -5.48132e-05
61150.00 -5.46071e-05
61200.00 -5.45047e-05
61250.00 -5.45495e-05
61300.00 -5.42177e-05
61350.00 -5.41936e-05
61400.00 -5.44806e-05
61450.00 -5.45873e-05
61500.00 -5.43215e-05
61550.00 -5.4098e-05
61600.00 -5.36283e-05
61650.00 -5.31803e-05
61700.00 -5.34098e-05
61750.00 -5.42441e-05
61800.00 -5.48851e-05
61850.00 -5.45877e-05
61900.00 -5.43725e-05
61950.00 -5.49109e-05
62000.00 -5.54926e-05
62050.00 -5.56907e-05
62100.00 -5.52202e-05
62150.00 -5.48014e-05
62200.00 -5.48192e-05
62250.00 -5.49072e-05
62300.00 -5.48055e-05
62350.00 -5.47125e-05
62400.00 -5.50763e-05
62450.00 -5.54211e-05
62500.00 -5.54453e-05
62550.00 -5.5408e-05
62600.00 -5.51269e-05
62650.00 -5.48562e-05
62700.00 -5.49007e-05
62750.00 -5.48007e-05
62800.00 -5.47196e-05
62850.00 -5.47707e-05
62900.00 -5.44588e-05
62950.00 -5.44226e-05
63000.00 -5.46994e-05
63050.00 -5.45004e-05
63100.00 -5.43359e-05
63150.00 -5.43931e-05
63200.00 -5.47164e-05
63250.00 -5.49677e-05
63300.00 -5.49008e-05
63350.00 -5.52722e-05
63400.00 -5.57056e-05
63450.00 -5.55104e-05
63500.00 -5.49161e-05
63550.00 -5.47838e-05
63600.00 -5.49905e-05
63650.00 -5.50665e-05
63700.00 -5.52703e-05
63750.00 -5.55287e-05
63800.00 -5.54673e-05
63850.00 -5.52504e-05
63900.00 -5.56378e-05
63950.00 -5.62576e-05
64000.00 -5.63507e-05
64050.00 -5.60946e-05
64100.00 -5.61809e-05
64150.00 -5.65235e-05
64200.00 -5.64546e-05
64250.00 -5.60529e-05
64300.00 -5.57382e-05
64350.00 -5.60268e-05
64400.00 -5.65767e-05
64450.00 -5.65926e-05
64500.00 -5.66298e-05
64550.00 -5.68653e-05
64600.00 -5.69226e-05
64650.00 -5.67171e-05
64700.00 -5.61776e-05
64750.00 -5.60191e-05
64800.00 -5.59043e-05
64850.00 -5.58436e-05
64900.00 -5.61143e-05
64950.00 -5.64927e-05
65000.00 -5.74098e-05
65050.00 -5.78644e-05
65100.00 -5.75337e-05
65150.00 -5.72674e-05
65200.00 -5.69195e-05
65250.00 -5.66271e-05
65300.00 -5.67659e-05
65350.00 -5.68268e-05
65400.00 -5.7006e-05
65450.00 -5.70631e-05
65500.00 -5.72668e-05
65550.00 -5.73458e-05
65600.00 -5.7211e-05
65650.00 -5.7101e-05
65700.00 -5.70094e-05
65750.00 -5.71311e-05
65800.00 -5.73777e-05
65850.00 -5.7831e-05
65900.00 -5.8164e-05
65950.00 -5.83082e-05
66000.00 -5.87981e-05
66050.00 -5.92722e-05
66100.00 -5.89461e-05
66150.00 -5.85089e-05
66200.00 -5.81944e-05
66250.00 -5.7959e-05
66300.00 -5.75943e-05
66350.00 -5.74433e-05
66400.00 -5.76935e-05
66450.00 -5.78981e-05
66500.00 -5.76692e-05
66550.00 -5.73449e-05
66600.00 -5.75709e-05
66650.00 -5.79888e-05
66700.00 -5.81947e-05
66750.00 -5.81478e-05
66800.00 -5.79299e-05
66850.00 -5.77602e-05
66900.00 -5.80104e-05
66950.00 -5.85596e-05
67000.00 -5.88883e-05
67050.00 -5.91441e-05
67100.00 -5.94724e-05
67150.00 -5.97728e-05
67200.00 -5.97848e-05
67250.00 -5.95298e-05
67300.00 -5.94159e-05
67350.00 -5.91423e-05
67400.00 -5.88541e-05
67450.00 -5.90945e-05
67500.00 -5.94755e-05
67550.00 -5.94808e-05
67600.00 -5.93106e-05
67650.00 -5.93563e-05
67700.00 -5.89578e-05
67750.00 -5.84165e-05
67800.00 -5.87384e-05
67850.00 -5.92652e-05
67900.00 -5.94578e-05
67950.00 -5.96035e-05
68000.00 -5.95897e-05
68050.00 -5.91677e-05
68100.00 -5.88748e-05
68150.00 -5.91973e-05
68200.00 -5.9978e-05
68250.00 -6.01962e-05
68300.00 -6.00454e-05
68350.00 -6.01359e-05
68400.00 -6.01389e-05
68450.00 -6.00287e-05
68500.00 -5.97993e-05
68550.00 -5.95026e-05
68600.00 -5.96157e-05
68650.00 -5.99039e-05
68700.00 -5.9715e-05
68750.00 -5.96271e-05
68800.00 -5.9716e-05
68850.00 -5.95364e-05
68900.00 -5.96433e-05
68950.00 -5.97488e-05
69000.00 -5.9156e-05
69050.00 -5.86472e-05
69100.00 -5.85534e-05
69150.00 -5.86912e-05
69200.00 -5.9041e-05
69250.00 -5.95612e-05
69300.00 -5.97187e-05
69350.00 -5.91702e-05
69400.00 -5.88734e-05
69450.00 -5.90253e-05
69500.00 -5.9103e-05
69550.00 -5.93973e-05
69600.00 -5.96756e-05
69650.00 -5.97608e-05
69700.00 -5.9646e-05
69750.00 -5.96711e-05
69800.00 -6.03678e-05
69850.00 -6.03588e-05
69900.00 -5.9986e-05
69950.00 -5.99136e-05
70000.00 -5.97959e-05
70050.00 -6.01647e-05
70100.00 -6.06677e-05
70150.00 -6.0631e-05
70200.00 -6.03496e-05
70250.00 -6.01575e-05
70300.00 -6.00548e-05
70350.00 -6.02431e-05
70400.00 -6.05981e-05
70450.00 -6.09364e-05
70500.00 -6.12726e-05
70550.00 -6.13965e-05
70600.00 -6.13258e-05
70650.00 -6.13853e-05
70700.00 -6.14814e-05
70750.00 -6.18861e-05
70800.00 -6.23809e-05
70850.00 -6.28612e-05
70900.00 -6.3124e-05
70950.00 -6.29865e-05
71000.00 -6.26449e-05
71050.00 -6.25163e-05
71100.00 -6.25675e-05
71150.00 -6.21092e-05
71200.00 -6.18176e-05
71250.00 -6.18234e-05
71300.00 -6.18719e-05
71350.00 -6.18251e-05
71400.00 -6.18703e-05
71450.00 -6.21029e-05
71500.00 -6.23405e-05
71550.00 -6.25323e-05
71600.00 -6.23881e-05
71650.00 -6.25406e-05
71700.00 -6.27717e-05
71750.00 -6.23168e-05
71800.00 -6.20944e-05
71850.00 -6.25116e-05
71900.00 -6.24932e-05
71950.00 -6.26437e-05
72000.00 -6.27318e-05
72050.00 -6.3039e-05
72100.00 -6.3478e-05
72150.00 -6.29858e-05
72200.00 -6.25879e-05
72250.00 -6.27737e-05
72300.00 -6.292e-05
72350.00 -6.29151e-05
72400.00 -6.29135e-05
72450.00 -6.28163e-05
72500.00 -6.25406e-05
72550.00 -6.23668e-05
72600.00 -6.27812e-05
72650.00 -6.31916e-05
72700.00 -6.32354e-05
72750.00 -6.33565e-05
72800.00 -6.37253e-05
72850.00 -6.43051e-05
72900.00 -6.4495e-05
72950.00 -6.44037e-05
73000.00 -6.44514e-05
73050.00 -6.45921e-05
73100.00 -6.45721e-05
73150.00 -6.43203e-05
73200.00 -6.44467e-05
73250.00 -6.44705e-05
73300.00 -6.4387e-05
73350.00 -6.44588e-05
73400.00 -6.44191e-05
73450.00 -6.41055e-05
73500.00 -6.43066e-05
73550.00 -6.45691e-05
73600.00 -6.46828e-05
73650.00 -6.48831e-05
73700.00 -6.45453e-05
73750.00 -6.43536e-05
73800.00 -6.42732e-05
73850.00 -6.44897e-05
73900.00 -6.49278e-05
73950.00 -6.50124e-05
74000.00 -6.49475e-05
74050.00 -6.47751e-05
74100.00 -6.46644e-05
74150.00 -6.48361e-05
74200.00 -6.50816e-05
74250.00 -6.50331e-05
74300.00 -6.47586e-05
74350.00 -6.45103e-05
74400.00 -6.43414e-05
74450.00 -6.43143e-05
74500.00 -6.44192e-05
74550.00 -6.47632e-05
74600.00 -6.49853e-05
74650.00 -6.48799e-05
74700.00 -6.49929e-05
74750.00 -6.55937e-05
74800.00 -6.57596e-05
74850.00 -6.5567e-05
74900.00 -6.56184e-05
74950.00 -6.55855e-05
75000.00 -6.54438e-05
75050.00 -6.5387e-05
75100.00 -6.55243e-05
75150.00 -6.59323e-05
75200.00 -6.61458e-05
75250.00 -6.62647e-05
75300.00 -6.63431e-05
75350.00 -6.62498e-05
75400.00 -6.61074e-05
75450.00 -6.57543e-05
75500.00 -6.57782e-05
75550.00 -6.60646e-05
75600.00 -6.61252e-05
75650.00 -6.58503e-05
75700.00 -6.57632e-05
75750.00 -6.61282e-05
75800.00 -6.6375e-05
75850.00 -6.62421e-05
75900.00 -6.65659e-05
75950.00 -6.67073e-05
76000.00 -6.65345e-05
76050.00 -6.67048e-05
76100.00 -6.70285e-05
76150.00 -6.7366e-05
76200.00 -6.74446e-05
76250.00 -6.78669e-05
76300.00 -6.82175e-05
76350.00 -6.82182e-05
76400.00 -6.79327e-05
76450.00 -6.76349e-05
76500.00 -6.78938e-05
76550.00 -6.82235e-05
76600.00 -6.80039e-05
76650.00 -6.76698e-05
76700.00 -6.77341e-05
76750.00 -6.76589e-05
76800.00 -6.78881e-05
76850.00 -6.80147e-05
76900.00 -6.74874e-05
76950.00 -6.70613e-05
77000.00 -6.68088e-05
77050.00 -6.68229e-05
77100.00 -6.73461e-05
77150.00 -6.79652e-05
77200.00 -6.8396e-05
77250.00 -6.82955e-05
77300.00 -6.84349e-05
77350.00 -6.8718e-05
77400.00 -6.84528e-05
77450.00 -6.84632e-05
77500.00 -6.84254e-05
77550.00 -6.81622e-05
77600.00 -6.79778e-05
77650.00 -6.81939e-05
77700.00 -6.84951e-05
77750.00 -6.82541e-05
77800.00 -6.81773e-05
77850.00 -6.85471e-05
77900.00 -6.89681e-05
77950.00 -6.89868e-05
78000.00 -6.84267e-05
78050.00 -6.82258e-05
78100.00 -6.82193e-05
78150.00 -6.83915e-05
78200.00 -6.88972e-05
78250.00 -6.87974e-05
78300.00 -6.8471e-05
78350.00 -6.88534e-05
78400.00 -6.93571e-05
78450.00 -6.94276e-05
78500.00 -6.8983e-05
78550.00 -6.89039e-05
78600.00 -6.94166e-05
78650.00 -6.93959e-05
78700.00 -6.94512e-05
78750.00 -6.95878e-05
78800.00 -6.88797e-05
78850.00 -6.82293e-05
78900.00 -6.80728e-05
78950.00 -6.81013e-05
79000.00 -6.78591e-05
79050.00 -6.76963e-05
79100.00 -6.77779e-05
79150.00 -6.8195e-05
79200.00 -6.87926e-05
79250.00 -6.84599e-05
79300.00 -6.83188e-05
79350.00 -6.86731e-05
79400.00 -6.91636e-05
79450.00 -6.95824e-05
79500.00 -6.98509e-05
79550.00 -6.98644e-05
79600.00 -6.95741e-05
79650.00 -6.91193e-05
79700.00 -6.91918e-05
79750.00 -6.94616e-05
79800.00 -6.9202e-05
79850.00 -6.90293e-05
79900.00 -6.91001e-05
79950.00 -6.90682e-05
80000.00 -6.89033e-05
80050.00 -6.87397e-05
80100.00 -6.85038e-05
80150.00 -6.83468e-05
80200.00 -6.80141e-05
80250.00 -6.81399e-05
80300.00 -6.87103e-05
80350.00 -6.88664e-05
80400.00 -6.87776e-05
80450.00 -6.86343e-05
80500.00 -6.86401e-05
80550.00 -6.8733e-05
80600.00 -6.87245e-05
80650.00 -6.89929e-05
80700.00 -6.92729e-05
80750.00 -6.91562e-05
80800.00 -6.90192e-05
80850.00 -6.89525e-05
80900.00 -6.89301e-05
80950.00 -6.91627e-05
81000.00 -6.94515e-05
81050.00 -7.00534e-05
81100.00 -7.04544e-05
81150.00 -7.01364e-05
81200.00 -7.02204e-05
81250.00 -7.05946e-05
81300.00 -7.04553e-05
81350.00 -7.04451e-05
81400.00 -7.02348e-05
81450.00 -6.95812e-05
81500.00 -6.93628e-05
81550.00 -6.95748e-05
81600.00 -6.92107e-05
81650.00 -6.8799e-05
81700.00 -6.91091e-05
81750.00 -6.92766e-05
81800.00 -6.9509e-05
81850.00 -6.97775e-05
81900.00 -6.97628e-05
81950.00 -6.97811e-05
82000.00 -7.01596e-05
82050.00 -7.03406e-05
82100.00 -7.0053e-05
82150.00 -6.98893e-05
82200.00 -6.99002e-05
82250.00 -7.02778e-05
82300.00 -7.09778e-05
82350.00 -7.11595e-05
82400.00 -7.10633e-05
82450.00 -7.10345e-05
82500.00 -7.09215e-05
82550.00 -7.12315e-05
82600.00 -7.15197e-05
82650.00 -7.18082e-05
82700.00 -7.18816e-05
82750.00 -7.20724e-05
82800.00 -7.25045e-05
82850.00 -7.24895e-05
82900.00 -7.22834e-05
82950.00 -7.22937e-05
83000.00 -7.24483e-05
83050.00 -7.24699e-05
83100.00 -7.21111e-05
83150.00 -7.16636e-05
83200.00 -7.15959e-05
83250.00 -7.1776e-05
83300.00 -7.19382e-05
83350.00 -7.19402e-05
83400.00 -7.19573e-05
83450.00 -7.22285e-05
83500.00 -7.26858e-05
83550.00 -7.28126e-05
83600.00 -7.30099e-05
83650.00 -7.27993e-05
83700.00 -7.25979e-05
83750.00 -7.2539e-05
83800.00 -7.19408e-05
83850.00 -7.19232e-05
83900.00 -7.26812e-05
83950.00 -7.28955e-05
84000.00 -7.25757e-05
84050.00 -7.25209e-05
84100.00 -7.24343e-05
84150.00 -7.25554e-05
84200.00 -7.25359e-05
84250.00 -7.27598e-05
84300.00 -7.30695e-05
84350.00 -7.29442e-05
84400.00 -7.29895e-05
84450.00 -7.33139e-05
84500.00 -7.35557e-05
84550.00 -7.3338e-05
84600.00 -7.31722e-05
84650.00 -7.32484e-05
84700.00 -7.30511e-05
84750.00 -7.24706e-05
84800.00 -7.2353e-05
84850.00 -7.24824e-05
84900.00 -7.2379e-05
84950.00 -7.26912e-05
85000.00 -7.28448e-05
85050.00 -7.26378e-05
85100.00 -7.25575e-05
85150.00 -7.29164e-05
85200.00 -7.32727e-05
85250.00 -7.33988e-05
85300.00 -7.42407e-05
85350.00 -7.43979e-05
85400.00 -7.38418e-05
85450.00 -7.35367e-05
85500.00 -7.32562e-05
85550.00 -7.36617e-05
85600.00 -7.45837e-05
85650.00 -7.47011e-05
85700.00 -7.43363e-05
85750.00 -7.44507e-05
85800.00 -7.43829e-05
85850.00 -7.42112e-05
85900.00 -7.40354e-05
85950.00 -7.37306e-05
86000.00 -7.34913e-05
86050.00 -7.32533e-05
86100.00 -7.34602e-05
86150.00 -7.39366e-05
86200.00 -7.43518e-05
86250.00 -7.46081e-05
86300.00 -7.42225e-05
86350.00 -7.39318e-05
86400.00 -7.46318e-05
86450.00 -7.52932e-05
86500.00 -7.53316e-05
86550.00 -7.53719e-05
86600.00 -7.54592e-05
86650.00 -7.52485e-05
86700.00 -7.48129e-05
86750.00 -7.446e-05
86800.00 -7.43215e-05
86850.00 -7.46347e-05
86900.00 -7.51837e-05
86950.00 -7.52706e-05
87000.00 -7.5196e-05
87050.00 -7.51788e-05
87100.00 -7.53493e-05
87150.00 -7.54922e-05
87200.00 -7.5562e-05
87250.00 -7.55286e-05
87300.00 -7.52902e-05
87350.00 -7.53467e-05
87400.00 -7.52125e-05
87450.00 -7.49164e-05
87500.00 -7.51208e-05
87550.00 -7.55293e-05
87600.00 -7.56242e-05
87650.00 -7.60769e-05
87700.00 -7.65514e-05
87750.00 -7.64269e-05
87800.00 -7.63862e-05
87850.00 -7.63349e-05
87900.00 -7.59744e-05
87950.00 -7.57084e-05
88000.00 -7.57021e-05
88050.00 -7.5856e-05
88100.00 -7.59307e-05
88150.00 -7.59897e-05
88200.00 -7.63088e-05
88250.00 -7.63632e-05
88300.00 -7.61129e-05
88350.00 -7.60506e-05
88400.00 -7.64184e-05
88450.00 -7.69143e-05
88500.00 -7.74187e-05
88550.00 -7.77753e-05
88600.00 -7.75208e-05
88650.00 -7.70289e-05
88700.00 -7.69011e-05
88750.00 -7.66246e-05
88800.00 -7.67378e-05
88850.00 -7.70415e-05
88900.00 -7.72853e-05
88950.00 -7.76038e-05
89000.00 -7.76847e-05
89050.00 -7.80105e-05
89100.00 -7.79263e-05
89150.00 -7.77256e-05
89200.00 -7.78648e-05
89250.00 -7.76581e-05
89300.00 -7.73681e-05
89350.00 -7.74578e-05
89400.00 -7.77913e-05
89450.00 -7.82547e-05
89500.00 -7.85839e-05
89550.00 -7.84349e-05
89600.00 -7.80144e-05
89650.00 -7.81849e-05
89700.00 -7.87643e-05
89750.00 -7.8971e-05
89800.00 -7.92804e-05
89850.00 -7.9889e-05
89900.00 -7.99165e-05
89950.00 -7.95625e-05
90000.00 -7.9317e-05
90050.00 -7.90319e-05
90100.00 -7.90509e-05
90150.00 -7.93544e-05
90200.00 -7.94875e-05
90250.00 -7.94888e-05
90300.00 -7.92486e-05
90350.00 -7.91441e-05
90400.00 -7.96358e-05
90450.00 -8.00167e-05
90500.00 -8.00524e-05
90550.00 -7.99348e-05
90600.00 -7.98532e-05
90650.00 -7.95752e-05
90700.00 -7.92983e-05
90750.00 -7.92209e-05
90800.00 -7.93657e-05
90850.00 -7.96163e-05
90900.00 -7.94261e-05
90950.00 -7.9543e-05
91000.00 -7.98333e-05
91050.00 -7.97606e-05
91100.00 -7.99629e-05
91150.00 -8.06987e-05
91200.00 -8.07436e-05
91250.00 -8.02138e-05
91300.00 -8.00581e-05
91350.00 -8.01467e-05
91400.00 -8.0295e-05
91450.00 -8.04526e-05
91500.00 -8.03284e-05
91550.00 -8.01081e-05
91600.00 -8.01901e-05
91650.00 -8.02692e-05
91700.00 -8.04292e-05
91750.00 -8.07218e-05
91800.00 -8.08228e-05
91850.00 -8.08999e-05
91900.00 -8.1225e-05
91950.00 -8.14701e-05
92000.00 -8.15231e-05
92050.00 -8.15539e-05
92100.00 -8.16344e-05
92150.00 -8.18548e-05
92200.00 -8.2003e-05
92250.00 -8.18277e-05
92300.00 -8.18274e-05
92350.00 -8.23977e-05
92400.00 -8.26163e-05
92450.00 -8.27752e-05
92500.00 -8.32461e-05
92550.00 -8.3073e-05
92600.00 -8.28092e-05
92650.00 -8.30793e-05
92700.00 -8.31579e-05
92750.00 -8.31156e-05
92800.00 -8.30131e-05
92850.00 -8.28365e-05
92900.00 -8.31892e-05
92950.00 -8.37026e-05
93000.00 -8.39063e-05
93050.00 -8.38796e-05
93100.00 -8.33557e-05
93150.00 -8.28701e-05
93200.00 -8.26913e-05
93250.00 -8.27074e-05
93300.00 -8.27981e-05
93350.00 -8.29481e-05
93400.00 -8.31023e-05
93450.00 -8.33476e-05
93500.00 -8.35486e-05
93550.00 -8.3274e-05
93600.00 -8.30499e-05
93650.00 -8.30818e-05
93700.00 -8.32176e-05
93750.00 -8.34225e-05
93800.00 -8.36275e-05
93850.00 -8.35798e-05
93900.00 -8.32362e-05
93950.00 -8.32067e-05
94000.00 -8.32671e-05
94050.00 -8.31207e-05
94100.00 -8.30098e-05
94150.00 -8.30299e-05
94200.00 -8.34831e-05
94250.00 -8.35438e-05
94300.00 -8.31709e-05
94350.00 -8.27559e-05
94400.00 -8.23286e-05
94450.00 -8.22917e-05
94500.00 -8.2708e-05
94550.00 -8.32641e-05
94600.00 -8.33752e-05
94650.00 -8.29617e-05
94700.00 -8.3111e-05
94750.00 -8.3989e-05
94800.00 -8.46637e-05
94850.00 -8.45441e-05
94900.00 -8.37293e-05
94950.00 -8.2944e-05
95000.00 -8.31534e-05
95050.00 -8.36336e-05
95100.00 -8.37641e-05
95150.00 -8.3711e-05
95200.00 -8.32901e-05
95250.00 -8.31292e-05
95300.00 -8.33541e-05
95350.00 -8.36965e-05
95400.00 -8.38849e-05
95450.00 -8.34775e-05
95500.00 -8.35203e-05
95550.00 -8.34266e-05
95600.00 -8.2925e-05
95650.00 -8.27382e-05
95700.00 -8.27746e-05
95750.00 -8.29688e-05
95800.00 -8.2433e-05
95850.00 -8.23922e-05
95900.00 -8.27297e-05
95950.00 -8.27339e-05
96000.00 -8.2812e-05
96050.00 -8.28736e-05
96100.00 -8.26875e-05
96150.00 -8.22511e-05
96200.00 -8.21137e-05
96250.00 -8.248e-05
96300.00 -8.28929e-05
96350.00 -8.30208e-05
96400.00 -8.29781e-05
96450.00 -8.31814e-05
96500.00 -8.36051e-05
96550.00 -8.38031e-05
96600.00 -8.39526e-05
96650.00 -8.38999e-05
96700.00 -8.37429e-05
96750.00 -8.32954e-05
96800.00 -8.28607e-05
96850.00 -8.28946e-05
96900.00 -8.32784e-05
96950.00 -8.32779e-05
97000.00 -8.29739e-05
97050.00 -8.307e-05
97100.00 -8.28431e-05
97150.00 -8.26205e-05
97200.00 -8.28814e-05
97250.00 -8.31071e-05
97300.00 -8.3039e-05
97350.00 -8.32086e-05
97400.00 -8.35952e-05
97450.00 -8.37065e-05
97500.00 -8.35699e-05
97550.00 -8.35404e-05
97600.00 -8.38485e-05
97650.00 -8.36947e-05
97700.00 -8.314e-05
97750.00 -8.32886e-05
97800.00 -8.35315e-05
97850.00 -8.31937e-05
97900.00 -8.27274e-05
97950.00 -8.2835e-05
98000.00 -8.33153e-05
98050.00 -8.35714e-05
98100.00 -8.36979e-05
98150.00 -8.38731e-05
98200.00 -8.39036e-05
98250.00 -8.36484e-05
98300.00 -8.37016e-05
98350.00 -8.36769e-05
98400.00 -8.36553e-05
98450.00 -8.42249e-05
98500.00 -8.42622e-05
98550.00 -8.4307e-05
98600.00 -8.41143e-05
98650.00 -8.35951e-05
98700.00 -8.39289e-05
98750.00 -8.42873e-05
98800.00 -8.45066e-05
98850.00 -8.4458e-05
98900.00 -8.4314e-05
98950.00 -8.43367e-05
99000.00 -8.44197e-05
99050.00 -8.43484e-05
99100.00 -8.38346e-05
99150.00 -8.36821e-05
99200.00 -8.40491e-05
99250.00 -8.42871e-05
99300.00 -8.46064e-05
99350.00 -8.48195e-05
99400.00 -8.45122e-05
99450.00 -8.4006e-05
99500.00 -8.40998e-05
99550.00 -8.43228e-05
99600.00 -8.45753e-05
99650.00 -8.47532e-05
99700.00 -8.42199e-05
99750.00 -8.37283e-05
99800.00 -8.36506e-05
99850.00 -8.38983e-05
99900.00 -8.41964e-05
