50.00 1.72751e-07
100.00 -3.26688e-07
150.00 -7.05363e-07
200.00 -4.85143e-07
250.00 -3.58682e-07
300.00 -2.32134e-07
350.00 -4.28656e-08
400.00 4.22112e-08
450.00 3.83931e-07
500.00 5.93437e-07
550.00 1.038e-07
600.00 -2.49787e-07
650.00 -2.06771e-07
700.00 6.1755e-09
750.00 -2.1196e-08
800.00 -5.56058e-07
850.00 -6.58276e-07
900.00 -5.75605e-07
950.00 -6.96948e-07
1000.00 -1.0275e-06
1050.00 -1.34396e-06
1100.00 -1.33272e-06
1150.00 -1.22194e-06
1200.00 -8.74501e-07
1250.00 -1.00474e-06
1300.00 -1.58912e-06
1350.00 -1.76035e-06
1400.00 -1.84741e-06
1450.00 -1.4422e-06
1500.00 -6.78433e-07
1550.00 -7.19973e-07
1600.00 -1.4957e-06
1650.00 -2.04207e-06
1700.00 -2.32156e-06
1750.00 -2.39943e-06
1800.00 -1.98358e-06
1850.00 -1.32023e-06
1900.00 -9.29957e-07
1950.00 -1.01776e-06
2000.00 -9.95253e-07
2050.00 -1.35269e-06
2100.00 -2.24683e-06
2150.00 -2.49912e-06
2200.00 -2.28317e-06
2250.00 -2.25135e-06
2300.00 -2.02954e-06
2350.00 -1.86758e-06
2400.00 -1.85306e-06
2450.00 -1.91866e-06
2500.00 -1.94601e-06
2550.00 -1.90583e-06
2600.00 -2.11256e-06
2650.00 -2.12061e-06
2700.00 -1.90929e-06
2750.00 -1.98368e-06
2800.00 -2.40841e-06
2850.00 -2.61746e-06
2900.00 -2.28531e-06
2950.00 -1.96176e-06
3000.00 -2.0176e-06
3050.00 -2.22877e-06
3100.00 -2.17121e-06
3150.00 -1.97e-06
3200.00 -2.22202e-06
3250.00 -2.3728e-06
3300.00 -2.28557e-06
3350.00 -2.15862e-06
3400.00 -2.12776e-06
3450.00 -2.36216e-06
3500.00 -2.46523e-06
3550.00 -2.74656e-06
3600.00 -2.95659e-06
3650.00 -2.96839e-06
3700.00 -3.29038e-06
3750.00 -3.44144e-06
3800.00 -3.28526e-06
3850.00 -3.06999e-06
3900.00 -2.83525e-06
3950.00 -3.03938e-06
4000.00 -3.37704e-06
4050.00 -3.5504e-06
4100.00 -3.81614e-06
4150.00 -3.98304e-06
4200.00 -3.98289e-06
4250.00 -3.59726e-06
4300.00 -3.23168e-06
4350.00 -3.3734e-06
4400.00 -3.43431e-06
4450.00 -3.14994e-06
4500.00 -2.81244e-06
4550.00 -2.5332e-06
4600.00 -2.3694e-06
4650.00 -2.46908e-06
4700.00 -2.4584e-06
4750.00 -2.60593e-06
4800.00 -2.93223e-06
4850.00 -2.9749e-06
4900.00 -2.56531e-06
4950.00 -2.31012e-06
5000.00 -2.6147e-06
5050.00 -2.80216e-06
5100.00 -3.05766e-06
5150.00 -3.16187e-06
5200.00 -2.56005e-06
5250.00 -1.76064e-06
5300.00 -1.97196e-06
5350.00 -2.81085e-06
5400.00 -3.11929e-06
5450.00 -3.19453e-06
5500.00 -3.33853e-06
5550.00 -3.44733e-06
5600.00 -3.36402e-06
5650.00 -3.38667e-06
5700.00 -3.14212e-06
5750.00 -2.91393e-06
5800.00 -2.76211e-06
5850.00 -2.54609e-06
5900.00 -2.9787e-06
5950.00 -3.44183e-06
6000.00 -3.34069e-06
6050.00 -3.10502e-06
6100.00 -2.81814e-06
6150.00 -2.65208e-06
6200.00 -2.78459e-06
6250.00 -2.43548e-06
6300.00 -2.08675e-06
6350.00 -2.15178e-06
6400.00 -2.45591e-06
6450.00 -2.93087e-06
6500.00 -3.02581e-06
6550.00 -3.13356e-06
6600.00 -3.10006e-06
6650.00 -2.80245e-06
6700.00 -2.9883e-06
6750.00 -3.57462e-06
6800.00 -3.53112e-06
6850.00 -3.10444e-06
6900.00 -3.05808e-06
6950.00 -2.85225e-06
7000.00 -2.82724e-06
7050.00 -2.903e-06
7100.00 -2.64256e-06
7150.00 -2.67969e-06
7200.00 -2.50959e-06
7250.00 -2.63929e-06
7300.00 -3.57728e-06
7350.00 -3.95197e-06
7400.00 -3.80375e-06
7450.00 -3.64955e-06
7500.00 -3.34091e-06
7550.00 -3.48578e-06
7600.00 -4.0654e-06
7650.00 -4.12926e-06
7700.00 -4.16314e-06
7750.00 -4.31185e-06
7800.00 -4.25244e-06
7850.00 -4.21048e-06
7900.00 -4.14145e-06
7950.00 -4.18844e-06
8000.00 -4.19113e-06
8050.00 -3.71799e-06
8100.00 -3.63566e-06
8150.00 -4.12638e-06
8200.00 -4.64491e-06
8250.00 -5.18062e-06
8300.00 -5.00143e-06
8350.00 -4.45274e-06
8400.00 -4.49408e-06
8450.00 -4.31465e-06
8500.00 -3.62076e-06
8550.00 -3.39816e-06
8600.00 -3.35801e-06
8650.00 -3.32386e-06
8700.00 -3.3354e-06
8750.00 -3.68633e-06
8800.00 -4.42885e-06
8850.00 -4.70372e-06
8900.00 -5.0104e-06
8950.00 -5.32048e-06
9000.00 -5.457e-06
9050.00 -5.30171e-06
9100.00 -4.98874e-06
9150.00 -5.12972e-06
9200.00 -5.32772e-06
9250.00 -5.37589e-06
9300.00 -5.36014e-06
9350.00 -5.10501e-06
9400.00 -5.09103e-06
9450.00 -5.20156e-06
9500.00 -5.35562e-06
9550.00 -5.25551e-06
9600.00 -4.55693e-06
9650.00 -4.58327e-06
9700.00 -5.13795e-06
9750.00 -5.50334e-06
9800.00 -5.56854e-06
9850.00 -5.67992e-06
9900.00 -5.93791e-06
9950.00 -5.71321e-06
10000.00 -5.1754e-06
10050.00 -5.01357e-06
10100.00 -5.10855e-06
10150.00 -4.75985e-06
10200.00 -4.57226e-06
10250.00 -5.19668e-06
10300.00 -5.3998e-06
10350.00 -5.15219e-06
10400.00 -5.51353e-06
10450.00 -5.67716e-06
10500.00 -5.2238e-06
10550.00 -5.31002e-06
10600.00 -5.49515e-06
10650.00 -5.22082e-06
10700.00 -5.11913e-06
10750.00 -5.01721e-06
10800.00 -4.65317e-06
10850.00 -4.59473e-06
10900.00 -5.2965e-06
10950.00 -6.22537e-06
11000.00 -6.75041e-06
11050.00 -6.65334e-06
11100.00 -6.4409e-06
11150.00 -6.46317e-06
11200.00 -6.64041e-06
11250.00 -7.01112e-06
11300.00 -7.11763e-06
11350.00 -6.61968e-06
11400.00 -6.07636e-06
11450.00 -6.40344e-06
11500.00 -7.17175e-06
11550.00 -7.40568e-06
11600.00 -7.0235e-06
11650.00 -6.60245e-06
11700.00 -6.45108e-06
11750.00 -6.38435e-06
11800.00 -6.22483e-06
11850.00 -6.21269e-06
11900.00 -6.34587e-06
11950.00 -6.00176e-06
12000.00 -5.51836e-06
12050.00 -5.76362e-06
12100.00 -6.15776e-06
12150.00 -6.55069e-06
12200.00 -6.89303e-06
12250.00 -6.73399e-06
12300.00 -6.93836e-06
12350.00 -7.0577e-06
12400.00 -7.33473e-06
12450.00 -7.54373e-06
12500.00 -7.34554e-06
12550.00 -7.51458e-06
12600.00 -7.71072e-06
12650.00 -7.58768e-06
12700.00 -7.55674e-06
12750.00 -8.04077e-06
12800.00 -8.17154e-06
12850.00 -8.49666e-06
12900.00 -8.95402e-06
12950.00 -9.16092e-06
13000.00 -9.52648e-06
13050.00 -9.54911e-06
13100.00 -9.53432e-06
13150.00 -9.36238e-06
13200.00 -9.19446e-06
13250.00 -9.4198e-06
13300.00 -9.66145e-06
13350.00 -9.79738e-06
13400.00 -9.77433e-06
13450.00 -9.69971e-06
13500.00 -9.49351e-06
13550.00 -9.11354e-06
13600.00 -9.26943e-06
13650.00 -9.67014e-06
13700.00 -9.98954e-06
13750.00 -1.01196e-05
13800.00 -1.01646e-05
13850.00 -1.05378e-05
13900.00 -1.06491e-05
13950.00 -1.05438e-05
14000.00 -1.0991e-05
14050.00 -1.08833e-05
14100.00 -1.0272e-05
14150.00 -1.05278e-05
14200.00 -1.03892e-05
14250.00 -9.58673e-06
14300.00 -9.88349e-06
14350.00 -1.06565e-05
14400.00 -1.09809e-05
14450.00 -1.11002e-05
14500.00 -1.07254e-05
14550.00 -1.05148e-05
14600.00 -1.06862e-05
14650.00 -1.05427e-05
14700.00 -1.02751e-05
14750.00 -1.03759e-05
14800.00 -1.03433e-05
14850.00 -1.03484e-05
14900.00 -1.05405e-05
14950.00 -1.06659e-05
15000.00 -1.12971e-05
15050.00 -1.23315e-05
15100.00 -1.29728e-05
15150.00 -1.28079e-05
15200.00 -1.26867e-05
15250.00 -1.28596e-05
15300.00 -1.28473e-05
15350.00 -1.26233e-05
15400.00 -1.23894e-05
15450.00 -1.26046e-05
15500.00 -1.30435e-05
15550.00 -1.27911e-05
15600.00 -1.23255e-05
15650.00 -1.21194e-05
15700.00 -1.21654e-05
15750.00 -1.24669e-05
15800.00 -1.23624e-05
15850.00 -1.20612e-05
15900.00 -1.20961e-05
15950.00 -1.22831e-05
16000.00 -1.2507e-05
16050.00 -1.28126e-05
16100.00 -1.27787e-05
16150.00 -1.26607e-05
16200.00 -1.26734e-05
16250.00 -1.26986e-05
16300.00 -1.26294e-05
16350.00 -1.2674e-05
16400.00 -1.24442e-05
16450.00 -1.23158e-05
16500.00 -1.2574e-05
16550.00 -1.26605e-05
16600.00 -1.29169e-05
16650.00 -1.28619e-05
16700.00 -1.28208e-05
16750.00 -1.30022e-05
16800.00 -1.27392e-05
16850.00 -1.27227e-05
16900.00 -1.3108e-05
16950.00 -1.36329e-05
17000.00 -1.40272e-05
17050.00 -1.3798e-05
17100.00 -1.35795e-05
17150.00 -1.34491e-05
17200.00 -1.33684e-05
17250.00 -1.34508e-05
17300.00 -1.33429e-05
17350.00 -1.33087e-05
17400.00 -1.34559e-05
17450.00 -1.37006e-05
17500.00 -1.37438e-05
17550.00 -1.36207e-05
17600.00 -1.37361e-05
17650.00 -1.33225e-05
17700.00 -1.31945e-05
17750.00 -1.37578e-05
17800.00 -1.40182e-05
17850.00 -1.348e-05
17900.00 -1.31488e-05
17950.00 -1.34507e-05
18000.00 -1.33851e-05
18050.00 -1.33089e-05
18100.00 -1.33406e-05
18150.00 -1.38694e-05
18200.00 -1.41277e-05
18250.00 -1.39498e-05
18300.00 -1.41114e-05
18350.00 -1.44707e-05
18400.00 -1.42759e-05
18450.00 -1.39979e-05
18500.00 -1.41661e-05
18550.00 -1.40203e-05
18600.00 -1.39973e-05
18650.00 -1.42746e-05
18700.00 -1.42495e-05
18750.00 -1.38891e-05
18800.00 -1.32995e-05
18850.00 -1.30884e-05
18900.00 -1.3508e-05
18950.00 -1.36943e-05
19000.00 -1.3668e-05
19050.00 -1.39073e-05
19100.00 -1.38155e-05
19150.00 -1.35428e-05
19200.00 -1.35277e-05
19250.00 -1.32047e-05
19300.00 -1.32356e-05
19350.00 -1.37156e-05
19400.00 -1.38831e-05
19450.00 -1.3922e-05
19500.00 -1.41625e-05
19550.00 -1.41656e-05
19600.00 -1.39563e-05
19650.00 -1.40197e-05
19700.00 -1.45081e-05
19750.00 -1.47302e-05
19800.00 -1.45396e-05
19850.00 -1.45849e-05
19900.00 -1.45926e-05
19950.00 -1.45338e-05
20000.00 -1.45987e-05
20050.00 -1.48261e-05
20100.00 -1.54097e-05
20150.00 -1.544e-05
20200.00 -1.50755e-05
20250.00 -1.49188e-05
20300.00 -1.48147e-05
20350.00 -1.50178e-05
20400.00 -1.54735e-05
20450.00 -1.54692e-05
20500.00 -1.53111e-05
20550.00 -1.54064e-05
20600.00 -1.54721e-05
20650.00 -1.52052e-05
20700.00 -1.49324e-05
20750.00 -1.49145e-05
20800.00 -1.45696e-05
20850.00 -1.46255e-05
20900.00 -1.50061e-05
20950.00 -1.55074e-05
21000.00 -1.58818e-05
21050.00 -1.57119e-05
21100.00 -1.55394e-05
21150.00 -1.51645e-05
21200.00 -1.48748e-05
21250.00 -1.54226e-05
21300.00 -1.59241e-05
21350.00 -1.64551e-05
21400.00 -1.67436e-05
21450.00 -1.6813e-05
21500.00 -1.69838e-05
21550.00 -1.66354e-05
21600.00 -1.6379e-05
21650.00 -1.63895e-05
21700.00 -1.65112e-05
21750.00 -1.65652e-05
21800.00 -1.65503e-05
21850.00 -1.65774e-05
21900.00 -1.69302e-05
21950.00 -1.71057e-05
22000.00 -1.72294e-05
22050.00 -1.70901e-05
22100.00 -1.6617e-05
22150.00 -1.67214e-05
22200.00 -1.70688e-05
22250.00 -1.74377e-05
22300.00 -1.78701e-05
22350.00 -1.80697e-05
22400.00 -1.78393e-05
22450.00 -1.78597e-05
22500.00 -1.78509e-05
22550.00 -1.71611e-05
22600.00 -1.74172e-05
22650.00 -1.83634e-05
22700.00 -1.87954e-05
22750.00 -1.90801e-05
22800.00 -1.90371e-05
22850.00 -1.86774e-05
22900.00 -1.84086e-05
22950.00 -1.84532e-05
23000.00 -1.87854e-05
23050.00 -1.90565e-05
23100.00 -1.8625e-05
23150.00 -1.79999e-05
23200.00 -1.82042e-05
23250.00 -1.86674e-05
23300.00 -1.85056e-05
23350.00 -1.84114e-05
23400.00 -1.8403e-05
23450.00 -1.81218e-05
23500.00 -1.83125e-05
23550.00 -1.84922e-05
23600.00 -1.83956e-05
23650.00 -1.84901e-05
23700.00 -1.8379e-05
23750.00 -1.83596e-05
23800.00 -1.82066e-05
23850.00 -1.78972e-05
23900.00 -1.74635e-05
23950.00 -1.717e-05
24000.00 -1.75666e-05
24050.00 -1.80508e-05
24100.00 -1.81386e-05
24150.00 -1.79444e-05
24200.00 -1.81458e-05
24250.00 -1.84418e-05
24300.00 -1.85034e-05
24350.00 -1.83549e-05
24400.00 -1.82553e-05
24450.00 -1.83562e-05
24500.00 -1.81786e-05
24550.00 -1.79345e-05
24600.00 -1.7878e-05
24650.00 -1.79651e-05
24700.00 -1.8179e-05
24750.00 -1.84756e-05
24800.00 -1.81075e-05
24850.00 -1.80552e-05
24900.00 -1.83703e-05
24950.00 -1.83696e-05
25000.00 -1.88903e-05
25050.00 -1.91022e-05
25100.00 -1.87766e-05
25150.00 -1.85602e-05
25200.00 -1.88801e-05
25250.00 -1.94159e-05
25300.00 -1.95778e-05
25350.00 -1.97448e-05
25400.00 -1.93525e-05
25450.00 -1.88813e-05
25500.00 -1.93394e-05
25550.00 -1.99475e-05
25600.00 -2.02708e-05
25650.00 -2.04271e-05
25700.00 -2.02889e-05
25750.00 -2.01305e-05
25800.00 -1.99555e-05
25850.00 -1.97287e-05
25900.00 -1.93971e-05
25950.00 -1.93014e-05
26000.00 -1.9454e-05
26050.00 -1.93409e-05
26100.00 -1.89115e-05
26150.00 -1.8782e-05
26200.00 -1.88206e-05
26250.00 -1.8795e-05
26300.00 -1.92158e-05
26350.00 -1.95829e-05
26400.00 -2.00022e-05
26450.00 -2.01185e-05
26500.00 -2.01154e-05
26550.00 -2.01682e-05
26600.00 -2.00503e-05
26650.00 -2.00433e-05
26700.00 -2.01595e-05
26750.00 -2.03327e-05
26800.00 -2.0291e-05
26850.00 -2.01475e-05
26900.00 -2.0007e-05
26950.00 -2.0155e-05
27000.00 -2.01462e-05
27050.00 -2.00276e-05
27100.00 -2.0281e-05
27150.00 -2.01387e-05
27200.00 -2.0281e-05
27250.00 -2.04101e-05
27300.00 -2.04672e-05
27350.00 -2.05783e-05
27400.00 -2.0541e-05
27450.00 -2.06181e-05
27500.00 -2.04977e-05
27550.00 -2.10082e-05
27600.00 -2.09281e-05
27650.00 -2.05227e-05
27700.00 -2.06742e-05
27750.00 -2.04698e-05
27800.00 -2.02526e-05
27850.00 -2.04459e-05
27900.00 -2.04116e-05
27950.00 -2.02681e-05
28000.00 -2.02696e-05
28050.00 -2.03141e-05
28100.00 -2.02031e-05
28150.00 -1.99546e-05
28200.00 -2.02251e-05
28250.00 -2.08321e-05
28300.00 -2.13064e-05
28350.00 -2.15073e-05
28400.00 -2.15954e-05
28450.00 -2.1671e-05
28500.00 -2.16165e-05
28550.00 -2.12994e-05
28600.00 -2.12617e-05
28650.00 -2.15498e-05
28700.00 -2.17606e-05
28750.00 -2.18067e-05
28800.00 -2.17357e-05
28850.00 -2.16153e-05
28900.00 -2.15158e-05
28950.00 -2.13795e-05
29000.00 -2.09403e-05
29050.00 -2.07159e-05
29100.00 -2.06659e-05
29150.00 -2.0573e-05
29200.00 -2.07798e-05
29250.00 -2.08331e-05
29300.00 -2.05941e-05
29350.00 -2.06342e-05
29400.00 -2.10812e-05
29450.00 -2.12505e-05
29500.00 -2.1175e-05
29550.00 -2.11244e-05
29600.00 -2.09632e-05
29650.00 -2.1019e-05
29700.00 -2.14351e-05
29750.00 -2.17481e-05
29800.00 -2.17449e-05
29850.00 -2.17725e-05
29900.00 -2.19863e-05
29950.00 -2.25438e-05
30000.00 -2.26617e-05
30050.00 -2.23126e-05
30100.00 -2.21313e-05
30150.00 -2.14155e-05
30200.00 -2.13293e-05
30250.00 -2.16333e-05
30300.00 -2.16317e-05
30350.00 -2.17108e-05
30400.00 -2.17487e-05
30450.00 -2.20957e-05
30500.00 -2.1935e-05
30550.00 -2.14532e-05
30600.00 -2.13615e-05
30650.00 -2.15671e-05
30700.00 -2.16302e-05
30750.00 -2.18462e-05
30800.00 -2.24786e-05
30850.00 -2.31468e-05
30900.00 -2.35535e-05
30950.00 -2.37199e-05
31000.00 -2.36045e-05
31050.00 -2.33587e-05
31100.00 -2.3527e-05
31150.00 -2.3533e-05
31200.00 -2.33725e-05
31250.00 -2.33857e-05
31300.00 -2.33996e-05
31350.00 -2.33003e-05
31400.00 -2.29141e-05
31450.00 -2.25476e-05
31500.00 -2.27752e-05
31550.00 -2.33072e-05
31600.00 -2.33023e-05
31650.00 -2.32171e-05
31700.00 -2.34964e-05
31750.00 -2.35961e-05
31800.00 -2.36876e-05
31850.00 -2.34221e-05
31900.00 -2.29182e-05
31950.00 -2.28097e-05
32000.00 -2.28038e-05
32050.00 -2.28966e-05
32100.00 -2.29532e-05
32150.00 -2.29107e-05
32200.00 -2.2597e-05
32250.00 -2.22367e-05
32300.00 -2.22066e-05
32350.00 -2.23961e-05
32400.00 -2.24341e-05
32450.00 -2.25404e-05
32500.00 -2.28242e-05
32550.00 -2.27909e-05
32600.00 -2.27858e-05
32650.00 -2.30505e-05
32700.00 -2.32712e-05
32750.00 -2.32843e-05
32800.00 -2.36904e-05
32850.00 -2.40541e-05
32900.00 -2.43547e-05
32950.00 -2.43405e-05
33000.00 -2.39163e-05
33050.00 -2.38731e-05
33100.00 -2.35925e-05
33150.00 -2.33108e-05
33200.00 -2.35272e-05
33250.00 -2.3507e-05
33300.00 -2.36648e-05
33350.00 -2.43146e-05
33400.00 -2.47785e-05
33450.00 -2.5036e-05
33500.00 -2.53521e-05
33550.00 -2.55069e-05
33600.00 -2.53271e-05
33650.00 -2.51038e-05
33700.00 -2.4815e-05
33750.00 -2.49156e-05
33800.00 -2.50947e-05
33850.00 -2.483e-05
33900.00 -2.48936e-05
33950.00 -2.51051e-05
34000.00 -2.52673e-05
34050.00 -2.58075e-05
34100.00 -2.58538e-05
34150.00 -2.55352e-05
34200.00 -2.52575e-05
34250.00 -2.48779e-05
34300.00 -2.49753e-05
34350.00 -2.50868e-05
34400.00 -2.51521e-05
34450.00 -2.53261e-05
34500.00 -2.51911e-05
34550.00 -2.5052e-05
34600.00 -2.50729e-05
34650.00 -2.54204e-05
34700.00 -2.5878e-05
34750.00 -2.59177e-05
34800.00 -2.58232e-05
34850.00 -2.59086e-05
34900.00 -2.56719e-05
34950.00 -2.53891e-05
35000.00 -2.54641e-05
35050.00 -2.62045e-05
35100.00 -2.68177e-05
35150.00 -2.70201e-05
35200.00 -2.73958e-05
35250.00 -2.74069e-05
35300.00 -2.70859e-05
35350.00 -2.70558e-05
35400.00 -2.72742e-05
35450.00 -2.75438e-05
35500.00 -2.74344e-05
35550.00 -2.72668e-05
35600.00 -2.73642e-05
35650.00 -2.69674e-05
35700.00 -2.68197e-05
35750.00 -2.65955e-05
35800.00 -2.64754e-05
35850.00 -2.65312e-05
35900.00 -2.65575e-05
35950.00 -2.69526e-05
36000.00 -2.672e-05
36050.00 -2.67935e-05
36100.00 -2.68725e-05
36150.00 -2.66143e-05
36200.00 -2.68846e-05
36250.00 -2.69927e-05
36300.00 -2.69465e-05
36350.00 -2.73399e-05
36400.00 -2.73272e-05
36450.00 -2.68608e-05
36500.00 -2.67889e-05
36550.00 -2.65919e-05
36600.00 -2.6566e-05
36650.00 -2.66908e-05
36700.00 -2.71611e-05
36750.00 -2.78957e-05
36800.00 -2.83188e-05
36850.00 -2.8055e-05
36900.00 -2.80495e-05
36950.00 -2.85562e-05
37000.00 -2.85041e-05
37050.00 -2.84507e-05
37100.00 -2.83871e-05
37150.00 -2.804e-05
37200.00 -2.77251e-05
37250.00 -2.73015e-05
37300.00 -2.69158e-05
37350.00 -2.65761e-05
37400.00 -2.66264e-05
37450.00 -2.71353e-05
37500.00 -2.77585e-05
37550.00 -2.84642e-05
37600.00 -2.88602e-05
37650.00 -2.86014e-05
37700.00 -2.86571e-05
37750.00 -2.92999e-05
37800.00 -2.9429e-05
37850.00 -2.89707e-05
37900.00 -2.8581e-05
37950.00 -2.86739e-05
38000.00 -2.89226e-05
38050.00 -2.8928e-05
38100.00 -2.8559e-05
38150.00 -2.83438e-05
38200.00 -2.85145e-05
38250.00 -2.85632e-05
38300.00 -2.80272e-05
38350.00 -2.80763e-05
38400.00 -2.86173e-05
38450.00 -2.87051e-05
38500.00 -2.873e-05
38550.00 -2.85895e-05
38600.00 -2.85577e-05
38650.00 -2.85618e-05
38700.00 -2.87263e-05
38750.00 -2.93781e-05
38800.00 -2.97062e-05
38850.00 -2.95951e-05
38900.00 -2.96803e-05
38950.00 -3.00097e-05
39000.00 -2.9946e-05
39050.00 -2.9965e-05
39100.00 -3.02654e-05
39150.00 -3.04769e-05
39200.00 -3.04749e-05
39250.00 -3.04231e-05
39300.00 -3.0545e-05
39350.00 -3.06355e-05
39400.00 -3.08359e-05
39450.00 -3.08384e-05
39500.00 -3.1024e-05
39550.00 -3.13056e-05
39600.00 -3.11081e-05
39650.00 -3.08476e-05
39700.00 -3.10505e-05
39750.00 -3.13865e-05
39800.00 -3.12439e-05
39850.00 -3.11463e-05
39900.00 -3.11847e-05
39950.00 -3.12618e-05
40000.00 -3.15464e-05
40050.00 -3.18766e-05
40100.00 -3.19198e-05
40150.00 -3.17038e-05
40200.00 -3.13528e-05
40250.00 -3.15044e-05
40300.00 -3.18107e-05
40350.00 -3.16628e-05
40400.00 -3.1966e-05
40450.00 -3.21115e-05
40500.00 -3.17753e-05
40550.00 -3.176e-05
40600.00 -3.16731e-05
40650.00 -3.11746e-05
40700.00 -3.11106e-05
40750.00 -3.09032e-05
40800.00 -3.05478e-05
40850.00 -3.0503e-05
40900.00 -3.07885e-05
40950.00 -3.11101e-05
41000.00 -3.12196e-05
41050.00 -3.1656e-05
41100.00 -3.18807e-05
41150.00 -3.19935e-05
41200.00 -3.2084e-05
41250.00 -3.23658e-05
41300.00 -3.263e-05
41350.00 -3.24484e-05
41400.00 -3.23681e-05
41450.00 -3.24392e-05
41500.00 -3.23368e-05
41550.00 -3.2294e-05
41600.00 -3.25257e-05
41650.00 -3.26806e-05
41700.00 -3.31082e-05
41750.00 -3.37038e-05
41800.00 -3.37388e-05
41850.00 -3.3358e-05
41900.00 -3.30739e-05
41950.00 -3.30341e-05
42000.00 -3.30575e-05
42050.00 -3.31048e-05
42100.00 -3.3602e-05
42150.00 -3.38069e-05
42200.00 -3.33739e-05
42250.00 -3.32495e-05
42300.00 -3.37085e-05
42350.00 -3.44053e-05
42400.00 -3.45613e-05
42450.00 -3.40879e-05
42500.00 -3.43182e-05
42550.00 -3.47446e-05
42600.00 -3.47604e-05
42650.00 -3.49379e-05
42700.00 -3.47681e-05
42750.00 -3.43497e-05
42800.00 -3.39839e-05
42850.00 -3.41831e-05
42900.00 -3.41843e-05
42950.00 -3.41902e-05
43000.00 -3.41945e-05
43050.00 -3.40678e-05
43100.00 -3.45301e-05
43150.00 -3.44324e-05
43200.00 -3.44126e-05
43250.00 -3.50429e-05
43300.00 -3.53448e-05
43350.00 -3.515e-05
43400.00 -3.50829e-05
43450.00 -3.49436e-05
43500.00 -3.46416e-05
43550.00 -3.48175e-05
43600.00 -3.49602e-05
43650.00 -3.50504e-05
43700.00 -3.51431e-05
43750.00 -3.49054e-05
43800.00 -3.48146e-05
43850.00 -3.50364e-05
43900.00 -3.53928e-05
43950.00 -3.50486e-05
44000.00 -3.48276e-05
44050.00 -3.5175e-05
44100.00 -3.52642e-05
44150.00 -3.54624e-05
44200.00 -3.55334e-05
44250.00 -3.56131e-05
44300.00 -3.57933e-05
44350.00 -3.58813e-05
44400.00 -3.58476e-05
44450.00 -3.55827e-05
44500.00 -3.53365e-05
44550.00 -3.56714e-05
44600.00 -3.63791e-05
44650.00 -3.69305e-05
44700.00 -3.74029e-05
44750.00 -3.73341e-05
44800.00 -3.69402e-05
44850.00 -3.67509e-05
44900.00 -3.66905e-05
44950.00 -3.65103e-05
45000.00 -3.61746e-05
45050.00 -3.62099e-05
45100.00 -3.61919e-05
45150.00 -3.6087e-05
45200.00 -3.6603e-05
45250.00 -3.7246e-05
45300.00 -3.68694e-05
45350.00 -3.67632e-05
45400.00 -3.73172e-05
45450.00 -3.74488e-05
45500.00 -3.72668e-05
45550.00 -3.71099e-05
45600.00 -3.72371e-05
45650.00 -3.72899e-05
45700.00 -3.71832e-05
45750.00 -3.70973e-05
45800.00 -3.73035e-05
45850.00 -3.71399e-05
45900.00 -3.68359e-05
45950.00 -3.68702e-05
46000.00 -3.65076e-05
46050.00 -3.63658e-05
46100.00 -3.62983e-05
46150.00 -3.63365e-05
46200.00 -3.68618e-05
46250.00 -3.70594e-05
46300.00 -3.70703e-05
46350.00 -3.68472e-05
46400.00 -3.68302e-05
46450.00 -3.69538e-05
46500.00 -3.68782e-05
46550.00 -3.72389e-05
46600.00 -3.73119e-05
46650.00 -3.68542e-05
46700.00 -3.682e-05
46750.00 -3.6999e-05
46800.00 -3.70946e-05
46850.00 -3.71624e-05
46900.00 -3.72198e-05
46950.00 -3.73613e-05
47000.00 -3.72014e-05
47050.00 -3.6792e-05
47100.00 -3.64199e-05
47150.00 -3.64483e-05
47200.00 -3.70562e-05
47250.00 -3.7853e-05
47300.00 -3.81556e-05
47350.00 -3.79999e-05
47400.00 -3.75764e-05
47450.00 -3.75551e-05
47500.00 -3.77761e-05
47550.00 -3.75099e-05
47600.00 -3.77798e-05
47650.00 -3.81884e-05
47700.00 -3.81608e-05
47750.00 -3.82337e-05
47800.00 -3.81899e-05
47850.00 -3.81132e-05
47900.00 -3.81765e-05
47950.00 -3.81177e-05
48000.00 -3.78567e-05
48050.00 -3.7954e-05
48100.00 -3.83254e-05
48150.00 -3.82454e-05
48200.00 -3.80667e-05
48250.00 -3.7762e-05
48300.00 -3.73684e-05
48350.00 -3.7705e-05
48400.00 -3.83069e-05
48450.00 -3.86797e-05
48500.00 -3.91437e-05
48550.00 -3.93986e-05
48600.00 -3.92021e-05
48650.00 -3.90869e-05
48700.00 -3.8903e-05
48750.00 -3.87537e-05
48800.00 -3.89592e-05
48850.00 -3.89968e-05
48900.00 -3.89914e-05
48950.00 -3.87274e-05
49000.00 -3.84249e-05
49050.00 -3.85115e-05
49100.00 -3.88323e-05
49150.00 -3.92006e-05
49200.00 -3.95638e-05
49250.00 -3.94263e-05
49300.00 -3.92704e-05
49350.00 -3.91253e-05
49400.00 -3.88756e-05
49450.00 -3.90349e-05
49500.00 -3.87102e-05
49550.00 -3.85108e-05
49600.00 -3.88193e-05
49650.00 -3.92004e-05
49700.00 -3.98404e-05
49750.00 -4.0021e-05
49800.00 -3.9997e-05
49850.00 -4.02259e-05
49900.00 -4.00645e-05
49950.00 -3.98156e-05
50000.00 -4.00479e-05
50050.00 -4.02317e-05
50100.00 -4.01463e-05
50150.00 -3.97078e-05
50200.00 -3.92725e-05
50250.00 -3.92465e-05
50300.00 -3.95962e-05
50350.00 -4.00409e-05
50400.00 -3.97978e-05
50450.00 -3.94661e-05
50500.00 -3.96683e-05
50550.00 -3.97411e-05
50600.00 -3.97154e-05
50650.00 -3.99261e-05
50700.00 -4.00134e-05
50750.00 -3.99973e-05
50800.00 -3.99796e-05
50850.00 -4.02587e-05
50900.00 -4.06899e-05
50950.00 -4.10558e-05
51000.00 -4.12031e-05
51050.00 -4.10443e-05
51100.00 -4.12437e-05
51150.00 -4.15542e-05
51200.00 -4.12392e-05
51250.00 -4.07085e-05
51300.00 -4.03036e-05
51350.00 -4.03131e-05
51400.00 -4.08709e-05
51450.00 -4.11527e-05
51500.00 -4.10501e-05
51550.00 -4.09838e-05
51600.00 -4.08371e-05
51650.00 -4.0847e-05
51700.00 -4.09196e-05
51750.00 -4.10017e-05
51800.00 -4.11968e-05
51850.00 -4.14831e-05
51900.00 -4.15855e-05
51950.00 -4.13503e-05
52000.00 -4.12727e-05
52050.00 -4.13169e-05
52100.00 -4.15268e-05
52150.00 -4.13915e-05
52200.00 -4.0942e-05
52250.00 -4.08437e-05
52300.00 -4.07512e-05
52350.00 -4.09271e-05
52400.00 -4.11381e-05
52450.00 -4.12375e-05
52500.00 -4.13393e-05
52550.00 -4.151e-05
52600.00 -4.18728e-05
52650.00 -4.18782e-05
52700.00 -4.15707e-05
52750.00 -4.14075e-05
52800.00 -4.15135e-05
52850.00 -4.19056e-05
52900.00 -4.21359e-05
52950.00 -4.21182e-05
53000.00 -4.20595e-05
53050.00 -4.20679e-05
53100.00 -4.22179e-05
53150.00 -4.24341e-05
53200.00 -4.29791e-05
53250.00 -4.33059e-05
53300.00 -4.30947e-05
53350.00 -4.27352e-05
53400.00 -4.28471e-05
53450.00 -4.30898e-05
53500.00 -4.30637e-05
53550.00 -4.29844e-05
53600.00 -4.25933e-05
53650.00 -4.22594e-05
53700.00 -4.2001e-05
53750.00 -4.17097e-05
53800.00 -4.15715e-05
53850.00 -4.14591e-05
53900.00 -4.1528e-05
53950.00 -4.19999e-05
54000.00 -4.24489e-05
54050.00 -4.22789e-05
54100.00 -4.21682e-05
54150.00 -4.20552e-05
54200.00 -4.1836e-05
54250.00 -4.19721e-05
54300.00 -4.18782e-05
54350.00 -4.17488e-05
54400.00 -4.1785e-05
54450.00 -4.15201e-05
54500.00 -4.12432e-05
54550.00 -4.14395e-05
54600.00 -4.18826e-05
54650.00 -4.17851e-05
54700.00 -4.15233e-05
54750.00 -4.15726e-05
54800.00 -4.16528e-05
54850.00 -4.14542e-05
54900.00 -4.12992e-05
54950.00 -4.16051e-05
55000.00 -4.17857e-05
55050.00 -4.16236e-05
55100.00 -4.14198e-05
55150.00 -4.14905e-05
55200.00 -4.17279e-05
55250.00 -4.1744e-05
55300.00 -4.19211e-05
55350.00 -4.22308e-05
55400.00 -4.24163e-05
55450.00 -4.21972e-05
55500.00 -4.16824e-05
55550.00 -4.1419e-05
55600.00 -4.1281e-05
55650.00 -4.13559e-05
55700.00 -4.17939e-05
55750.00 -4.2223e-05
55800.00 -4.23355e-05
55850.00 -4.23267e-05
55900.00 -4.23344e-05
55950.00 -4.20492e-05
56000.00 -4.16092e-05
56050.00 -4.17996e-05
56100.00 -4.18009e-05
56150.00 -4.15027e-05
56200.00 -4.17465e-05
56250.00 -4.20337e-05
56300.00 -4.21529e-05
56350.00 -4.2178e-05
56400.00 -4.2038e-05
56450.00 -4.19053e-05
56500.00 -4.20379e-05
56550.00 -4.22691e-05
56600.00 -4.23277e-05
56650.00 -4.17265e-05
56700.00 -4.15543e-05
56750.00 -4.18648e-05
56800.00 -4.17494e-05
56850.00 -4.20466e-05
56900.00 -4.25707e-05
56950.00 -4.26147e-05
57000.00 -4.25125e-05
57050.00 -4.2604e-05
57100.00 -4.34261e-05
57150.00 -4.41739e-05
57200.00 -4.3719e-05
57250.00 -4.31942e-05
57300.00 -4.31573e-05
57350.00 -4.28221e-05
57400.00 -4.25425e-05
57450.00 -4.28516e-05
57500.00 -4.30079e-05
57550.00 -4.3033e-05
57600.00 -4.28632e-05
57650.00 -4.27273e-05
57700.00 -4.30205e-05
57750.00 -4.3321e-05
57800.00 -4.32248e-05
57850.00 -4.31153e-05
57900.00 -4.31619e-05
57950.00 -4.29982e-05
58000.00 -4.30123e-05
58050.00 -4.3439e-05
58100.00 -4.37344e-05
58150.00 -4.37126e-05
58200.00 -4.3844e-05
58250.00 -4.39001e-05
58300.00 -4.40276e-05
58350.00 -4.39926e-05
58400.00 -4.37155e-05
58450.00 -4.38961e-05
58500.00 -4.36605e-05
58550.00 -4.33936e-05
58600.00 -4.35291e-05
58650.00 -4.32329e-05
58700.00 -4.27192e-05
58750.00 -4.24258e-05
58800.00 -4.22287e-05
58850.00 -4.20742e-05
58900.00 -4.2597e-05
58950.00 -4.31564e-05
59000.00 -4.35227e-05
59050.00 -4.39177e-05
59100.00 -4.40057e-05
59150.00 -4.38028e-05
59200.00 -4.35612e-05
59250.00 -4.35493e-05
59300.00 -4.35724e-05
59350.00 -4.40041e-05
59400.00 -4.43824e-05
59450.00 -4.43642e-05
59500.00 -4.42144e-05
59550.00 -4.44163e-05
59600.00 -4.43913e-05
59650.00 -4.3929e-05
59700.00 -4.41277e-05
59750.00 -4.43603e-05
59800.00 -4.4535e-05
59850.00 -4.51935e-05
59900.00 -4.52343e-05
59950.00 -4.50997e-05
60000.00 -4.55575e-05
60050.00 -4.55241e-05
60100.00 -4.51828e-05
60150.00 -4.53366e-05
60200.00 -4.57322e-05
60250.00 -4.56917e-05
60300.00 -4.53525e-05
60350.00 -4.53687e-05
60400.00 -4.54158e-05
60450.00 -4.53631e-05
60500.00 -4.51671e-05
60550.00 -4.50734e-05
60600.00 -4.49391e-05
60650.00 -4.45869e-05
60700.00 -4.47073e-05
60750.00 -4.48716e-05
60800.00 -4.48479e-05
60850.00 -4.49116e-05
60900.00 -4.5094e-05
60950.00 -4.49641e-05
61000.00 -4.4927e-05
61050.00 -4.45433e-05
61100.00 -4.41472e-05
61150.00 -4.42342e-05
61200.00 -4.42954e-05
61250.00 -4.43999e-05
61300.00 -4.43862e-05
61350.00 -4.41968e-05
61400.00 -4.42023e-05
61450.00 -4.45134e-05
61500.00 -4.45525e-05
61550.00 -4.44987e-05
61600.00 -4.42816e-05
61650.00 -4.4023e-05
61700.00 -4.38595e-05
61750.00 -4.38356e-05
61800.00 -4.41537e-05
61850.00 -4.40152e-05
61900.00 -4.33803e-05
61950.00 -4.32535e-05
62000.00 -4.36209e-05
62050.00 -4.36441e-05
62100.00 -4.33395e-05
62150.00 -4.32459e-05
62200.00 -4.35014e-05
62250.00 -4.34259e-05
62300.00 -4.3262e-05
62350.00 -4.35058e-05
62400.00 -4.35896e-05
62450.00 -4.39703e-05
62500.00 -4.44485e-05
62550.00 -4.45452e-05
62600.00 -4.46703e-05
62650.00 -4.49405e-05
62700.00 -4.5218e-05
62750.00 -4.52282e-05
62800.00 -4.50831e-05
62850.00 -4.51072e-05
62900.00 -4.48296e-05
62950.00 -4.45427e-05
63000.00 -4.46318e-05
63050.00 -4.42301e-05
63100.00 -4.38068e-05
63150.00 -4.39643e-05
63200.00 -4.44649e-05
63250.00 -4.47219e-05
63300.00 -4.46531e-05
63350.00 -4.48756e-05
63400.00 -4.55007e-05
63450.00 -4.60176e-05
63500.00 -4.60846e-05
63550.00 -4.6315e-05
63600.00 -4.63565e-05
63650.00 -4.60695e-05
63700.00 -4.57264e-05
63750.00 -4.5642e-05
63800.00 -4.54982e-05
63850.00 -4.56338e-05
63900.00 -4.60059e-05
63950.00 -4.58388e-05
64000.00 -4.5638e-05
64050.00 -4.54411e-05
64100.00 -4.54312e-05
64150.00 -4.53842e-05
64200.00 -4.52273e-05
64250.00 -4.48909e-05
64300.00 -4.49094e-05
64350.00 -4.52279e-05
64400.00 -4.51893e-05
64450.00 -4.54226e-05
64500.00 -4.53955e-05
64550.00 -4.49398e-05
64600.00 -4.44712e-05
64650.00 -4.43573e-05
64700.00 -4.45784e-05
64750.00 -4.45387e-05
64800.00 -4.45924e-05
64850.00 -4.49188e-05
64900.00 -4.53505e-05
64950.00 -4.54725e-05
65000.00 -4.51433e-05
65050.00 -4.52243e-05
65100.00 -4.56784e-05
65150.00 -4.61283e-05
65200.00 -4.65916e-05
65250.00 -4.70404e-05
65300.00 -4.74725e-05
65350.00 -4.76411e-05
65400.00 -4.7416e-05
65450.00 -4.70656e-05
65500.00 -4.71755e-05
65550.00 -4.754e-05
65600.00 -4.76017e-05
65650.00 -4.76414e-05
65700.00 -4.7475e-05
65750.00 -4.72825e-05
65800.00 -4.72833e-05
65850.00 -4.73228e-05
65900.00 -4.73653e-05
65950.00 -4.73293e-05
66000.00 -4.72935e-05
66050.00 -4.73999e-05
66100.00 -4.79293e-05
66150.00 -4.79985e-05
66200.00 -4.80296e-05
66250.00 -4.80093e-05
66300.00 -4.76095e-05
66350.00 -4.75732e-05
66400.00 -4.76551e-05
66450.00 -4.77075e-05
66500.00 -4.77439e-05
66550.00 -4.81519e-05
66600.00 -4.83998e-05
66650.00 -4.81788e-05
66700.00 -4.80629e-05
66750.00 -4.79982e-05
66800.00 -4.77948e-05
66850.00 -4.7772e-05
66900.00 -4.84785e-05
66950.00 -4.87529e-05
67000.00 -4.86939e-05
67050.00 -4.88039e-05
67100.00 -4.90416e-05
67150.00 -4.91465e-05
67200.00 -4.88718e-05
67250.00 -4.89455e-05
67300.00 -4.8752e-05
67350.00 -4.87446e-05
67400.00 -4.88609e-05
67450.00 -4.8747e-05
67500.00 -4.84294e-05
67550.00 -4.84891e-05
67600.00 -4.88639e-05
67650.00 -4.89823e-05
67700.00 -4.93842e-05
67750.00 -4.96149e-05
67800.00 -4.99531e-05
67850.00 -4.99361e-05
67900.00 -4.93688e-05
67950.00 -4.94097e-05
68000.00 -4.97622e-05
68050.00 -4.97785e-05
68100.00 -4.99013e-05
68150.00 -4.99159e-05
68200.00 -4.94025e-05
68250.00 -4.92082e-05
68300.00 -4.92491e-05
68350.00 -4.9272e-05
68400.00 -4.95426e-05
68450.00 -4.93083e-05
68500.00 -4.86321e-05
68550.00 -4.81814e-05
68600.00 -4.82674e-05
68650.00 -4.89922e-05
68700.00 -4.92572e-05
68750.00 -4.91193e-05
68800.00 -4.8955e-05
68850.00 -4.88518e-05
68900.00 -4.85691e-05
68950.00 -4.83328e-05
69000.00 -4.87351e-05
69050.00 -4.88332e-05
69100.00 -4.86607e-05
69150.00 -4.86935e-05
69200.00 -4.93956e-05
69250.00 -5.01354e-05
69300.00 -5.02452e-05
69350.00 -4.98816e-05
69400.00 -4.97294e-05
69450.00 -5.02322e-05
69500.00 -5.05111e-05
69550.00 -5.04567e-05
69600.00 -5.03667e-05
69650.00 -5.01333e-05
69700.00 -4.98992e-05
69750.00 -5.00004e-05
69800.00 -5.04174e-05
69850.00 -5.09873e-05
69900.00 -5.11542e-05
69950.00 -5.11416e-05
70000.00 -5.14781e-05
70050.00 -5.11825e-05
70100.00 -5.09005e-05
70150.00 -5.11449e-05
70200.00 -5.07713e-05
70250.00 -5.05664e-05
70300.00 -5.07152e-05
70350.00 -5.07619e-05
70400.00 -5.04827e-05
70450.00 -5.01491e-05
70500.00 -5.01638e-05
70550.00 -4.99505e-05
70600.00 -5.00916e-05
70650.00 -5.01975e-05
70700.00 -4.98644e-05
70750.00 -4.97642e-05
70800.00 -5.00216e-05
70850.00 -5.00729e-05
70900.00 -4.97548e-05
70950.00 -4.94792e-05
71000.00 -4.98695e-05
71050.00 -5.03947e-05
71100.00 -5.01662e-05
71150.00 -4.97717e-05
71200.00 -4.96446e-05
71250.00 -4.96543e-05
71300.00 -4.95234e-05
71350.00 -4.9509e-05
71400.00 -4.98214e-05
71450.00 -5.02196e-05
71500.00 -5.0326e-05
71550.00 -5.02806e-05
71600.00 -5.00161e-05
71650.00 -4.99194e-05
71700.00 -4.99929e-05
71750.00 -4.97661e-05
71800.00 -4.95997e-05
71850.00 -4.93296e-05
71900.00 -4.92004e-05
71950.00 -4.93632e-05
72000.00 -4.96667e-05
72050.00 -4.96274e-05
72100.00 -4.94559e-05
72150.00 -4.91578e-05
72200.00 -4.88018e-05
72250.00 -4.88479e-05
72300.00 -4.89248e-05
72350.00 -4.89207e-05
72400.00 -4.88993e-05
72450.00 -4.88049e-05
72500.00 -4.85395e-05
72550.00 -4.842e-05
72600.00 -4.8584e-05
72650.00 -4.90544e-05
72700.00 -4.92679e-05
72750.00 -4.94393e-05
72800.00 -4.97372e-05
72850.00 -4.97832e-05
72900.00 -5.02309e-05
72950.00 -5.08718e-05
73000.00 -5.0749e-05
73050.00 -5.02815e-05
73100.00 -5.04134e-05
73150.00 -5.0417e-05
73200.00 -5.03718e-05
73250.00 -5.0725e-05
73300.00 -5.08507e-05
73350.00 -5.07045e-05
73400.00 -5.08858e-05
73450.00 -5.09574e-05
73500.00 -5.08289e-05
73550.00 -5.0924e-05
73600.00 -5.13536e-05
73650.00 -5.16333e-05
73700.00 -5.18983e-05
73750.00 -5.23022e-05
73800.00 -5.20978e-05
73850.00 -5.15947e-05
73900.00 -5.12541e-05
73950.00 -5.13746e-05
74000.00 -5.17829e-05
74050.00 -5.18979e-05
74100.00 -5.18394e-05
74150.00 -5.19195e-05
74200.00 -5.13885e-05
74250.00 -5.08624e-05
74300.00 -5.0512e-05
74350.00 -5.0331e-05
74400.00 -5.02541e-05
74450.00 -5.02978e-05
74500.00 -5.07743e-05
74550.00 -5.07991e-05
74600.00 -5.05889e-05
74650.00 -5.05768e-05
74700.00 -5.11117e-05
74750.00 -5.17153e-05
74800.00 -5.15578e-05
74850.00 -5.16455e-05
74900.00 -5.18909e-05
74950.00 -5.21463e-05
75000.00 -5.23368e-05
75050.00 -5.25236e-05
75100.00 -5.29758e-05
75150.00 -5.30145e-05
75200.00 -5.27073e-05
75250.00 -5.23252e-05
75300.00 -5.2183e-05
75350.00 -5.21835e-05
75400.00 -5.18926e-05
75450.00 -5.14632e-05
75500.00 -5.15205e-05
75550.00 -5.18151e-05
75600.00 -5.17807e-05
75650.00 -5.18123e-05
75700.00 -5.19564e-05
75750.00 -5.21968e-05
75800.00 -5.25919e-05
75850.00 -5.28086e-05
75900.00 -5.26268e-05
75950.00 -5.2176e-05
76000.00 -5.1881e-05
76050.00 -5.19275e-05
76100.00 -5.2439e-05
76150.00 -5.27369e-05
76200.00 -5.23281e-05
76250.00 -5.18645e-05
76300.00 -5.16224e-05
76350.00 -5.15847e-05
76400.00 -5.15972e-05
76450.00 -5.16473e-05
76500.00 -5.19366e-05
76550.00 -5.24622e-05
76600.00 -5.29342e-05
76650.00 -5.30242e-05
76700.00 -5.2929e-05
76750.00 -5.26223e-05
76800.00 -5.20246e-05
76850.00 -5.18439e-05
76900.00 -5.21617e-05
76950.00 -5.26887e-05
77000.00 -5.29088e-05
77050.00 -5.2606e-05
77100.00 -5.23269e-05
77150.00 -5.21628e-05
77200.00 -5.24123e-05
77250.00 -5.25357e-05
77300.00 -5.24847e-05
77350.00 -5.22401e-05
77400.00 -5.20953e-05
77450.00 -5.2107e-05
77500.00 -5.17829e-05
77550.00 -5.18756e-05
77600.00 -5.18236e-05
77650.00 -5.17148e-05
77700.00 -5.216e-05
77750.00 -5.23288e-05
77800.00 -5.22331e-05
77850.00 -5.23043e-05
77900.00 -5.25608e-05
77950.00 -5.30164e-05
78000.00 -5.29777e-05
78050.00 -5.25546e-05
78100.00 -5.26897e-05
78150.00 -5.28384e-05
78200.00 -5.27084e-05
78250.00 -5.29538e-05
78300.00 -5.3208e-05
78350.00 -5.35268e-05
78400.00 -5.36364e-05
78450.00 -5.31842e-05
78500.00 -5.31964e-05
78550.00 -5.35763e-05
78600.00 -5.36212e-05
78650.00 -5.35027e-05
78700.00 -5.3463e-05
78750.00 -5.33936e-05
78800.00 -5.36138e-05
78850.00 -5.39155e-05
78900.00 -5.38627e-05
78950.00 -5.38739e-05
79000.00 -5.3817e-05
79050.00 -5.37971e-05
79100.00 -5.40427e-05
79150.00 -5.39093e-05
79200.00 -5.34486e-05
79250.00 -5.29339e-05
79300.00 -5.29297e-05
79350.00 -5.35681e-05
79400.00 -5.39947e-05
79450.00 -5.3782e-05
79500.00 -5.36776e-05
79550.00 -5.41632e-05
79600.00 -5.43657e-05
79650.00 -5.43551e-05
79700.00 -5.43039e-05
79750.00 -5.42567e-05
79800.00 -5.4342e-05
79850.00 -5.44294e-05
79900.00 -5.40477e-05
79950.00 -5.40106e-05
80000.00 -5.44405e-05
80050.00 -5.46489e-05
80100.00 -5.50441e-05
80150.00 -5.50811e-05
80200.00 -5.48068e-05
80250.00 -5.47554e-05
80300.00 -5.47993e-05
80350.00 -5.47866e-05
80400.00 -5.44798e-05
80450.00 -5.40199e-05
80500.00 -5.38889e-05
80550.00 -5.40387e-05
80600.00 -5.39028e-05
80650.00 -5.38012e-05
80700.00 -5.4025e-05
80750.00 -5.44618e-05
80800.00 -5.49476e-05
80850.00 -5.52191e-05
80900.00 -5.55351e-05
80950.00 -5.55944e-05
81000.00 -5.54172e-05
81050.00 -5.51476e-05
81100.00 -5.52165e-05
81150.00 -5.5138e-05
81200.00 -5.46258e-05
81250.00 -5.43708e-05
81300.00 -5.42891e-05
81350.00 -5.41853e-05
81400.00 -5.35925e-05
81450.00 -5.31628e-05
81500.00 -5.31717e-05
81550.00 -5.29223e-05
81600.00 -5.28523e-05
81650.00 -5.32494e-05
81700.00 -5.32106e-05
81750.00 -5.31385e-05
81800.00 -5.36227e-05
81850.00 -5.38857e-05
81900.00 -5.3921e-05
81950.00 -5.44918e-05
82000.00 -5.51604e-05
82050.00 -5.54942e-05
82100.00 -5.54585e-05
82150.00 -5.51558e-05
82200.00 -5.51685e-05
82250.00 -5.50413e-05
82300.00 -5.47843e-05
82350.00 -5.49008e-05
82400.00 -5.49533e-05
82450.00 -5.499e-05
82500.00 -5.4733e-05
82550.00 -5.44447e-05
82600.00 -5.4933e-05
82650.00 -5.49658e-05
82700.00 -5.43102e-05
82750.00 -5.40664e-05
82800.00 -5.42012e-05
82850.00 -5.45979e-05
82900.00 -5.49948e-05
82950.00 -5.52469e-05
83000.00 -5.54557e-05
83050.00 -5.53158e-05
83100.00 -5.53504e-05
83150.00 -5.52005e-05
83200.00 -5.4948e-05
83250.00 -5.51398e-05
83300.00 -5.49345e-05
83350.00 -5.45865e-05
83400.00 -5.47296e-05
83450.00 -5.52374e-05
83500.00 -5.56606e-05
83550.00 -5.55109e-05
83600.00 -5.54438e-05
83650.00 -5.56224e-05
83700.00 -5.57663e-05
83750.00 -5.5701e-05
83800.00 -5.55609e-05
83850.00 -5.54186e-05
83900.00 -5.50455e-05
83950.00 -5.53642e-05
84000.00 -5.62375e-05
84050.00 -5.66769e-05
84100.00 -5.65787e-05
84150.00 -5.61862e-05
84200.00 -5.61339e-05
84250.00 -5.64552e-05
84300.00 -5.65739e-05
84350.00 -5.6372e-05
84400.00 -5.59792e-05
84450.00 -5.57052e-05
84500.00 -5.55956e-05
84550.00 -5.55331e-05
84600.00 -5.54443e-05
84650.00 -5.54283e-05
84700.00 -5.51387e-05
84750.00 -5.52425e-05
84800.00 -5.61624e-05
84850.00 -5.62383e-05
84900.00 -5.60136e-05
84950.00 -5.57916e-05
85000.00 -5.53565e-05
85050.00 -5.52143e-05
85100.00 -5.50783e-05
85150.00 -5.50211e-05
85200.00 -5.50755e-05
85250.00 -5.53346e-05
85300.00 -5.54986e-05
85350.00 -5.56167e-05
85400.00 -5.56759e-05
85450.00 -5.5472e-05
85500.00 -5.50902e-05
85550.00 -5.5169e-05
85600.00 -5.57954e-05
85650.00 -5.5776e-05
85700.00 -5.57558e-05
85750.00 -5.59348e-05
85800.00 -5.58413e-05
85850.00 -5.5946e-05
85900.00 -5.58194e-05
85950.00 -5.5616e-05
86000.00 -5.56597e-05
86050.00 -5.58308e-05
86100.00 -5.62517e-05
86150.00 -5.62395e-05
86200.00 -5.64161e-05
86250.00 -5.66104e-05
86300.00 -5.63678e-05
86350.00 -5.59391e-05
86400.00 -5.56661e-05
86450.00 -5.57534e-05
86500.00 -5.58507e-05
86550.00 -5.6263e-05
86600.00 -5.63808e-05
86650.00 -5.62744e-05
86700.00 -5.6468e-05
86750.00 -5.66603e-05
86800.00 -5.74145e-05
86850.00 -5.82572e-05
86900.00 -5.81469e-05
86950.00 -5.79764e-05
87000.00 -5.7884e-05
87050.00 -5.78147e-05
87100.00 -5.76545e-05
87150.00 -5.75543e-05
87200.00 -5.78762e-05
87250.00 -5.79999e-05
87300.00 -5.76655e-05
87350.00 -5.7541e-05
87400.00 -5.77657e-05
87450.00 -5.78217e-05
87500.00 -5.76571e-05
87550.00 -5.78621e-05
87600.00 -5.81026e-05
87650.00 -5.78843e-05
87700.00 -5.77835e-05
87750.00 -5.80443e-05
87800.00 -5.83469e-05
87850.00 -5.86161e-05
87900.00 -5.86408e-05
87950.00 -5.83282e-05
88000.00 -5.83807e-05
88050.00 -5.8768e-05
88100.00 -5.8847e-05
88150.00 -5.92127e-05
88200.00 -5.97402e-05
88250.00 -5.97557e-05
88300.00 -5.93953e-05
88350.00 -5.91451e-05
88400.00 -5.88701e-05
88450.00 -5.87867e-05
88500.00 -5.89507e-05
88550.00 -5.88839e-05
88600.00 -5.88931e-05
88650.00 -5.84907e-05
88700.00 -5.79773e-05
88750.00 -5.76865e-05
88800.00 -5.79243e-05
88850.00 -5.84119e-05
88900.00 -5.83589e-05
88950.00 -5.85173e-05
89000.00 -5.87383e-05
89050.00 -5.88017e-05
89100.00 -5.94121e-05
89150.00 -5.95476e-05
89200.00 -5.89094e-05
89250.00 -5.83797e-05
89300.00 -5.80584e-05
89350.00 -5.79036e-05
89400.00 -5.79737e-05
89450.00 -5.81244e-05
89500.00 -5.82432e-05
89550.00 -5.84672e-05
89600.00 -5.88804e-05
89650.00 -5.91135e-05
89700.00 -5.90883e-05
89750.00 -5.86231e-05
89800.00 -5.8628e-05
89850.00 -5.93791e-05
89900.00 -5.9283e-05
89950.00 -5.94107e-05
90000.00 -5.96386e-05
90050.00 -5.92701e-05
90100.00 -5.88395e-05
90150.00 -5.88283e-05
90200.00 -5.91384e-05
90250.00 -5.9374e-05
90300.00 -5.96551e-05
90350.00 -5.98989e-05
90400.00 -6.01193e-05
90450.00 -6.01441e-05
90500.00 -5.9674e-05
90550.00 -5.91089e-05
90600.00 -5.94973e-05
90650.00 -6.01933e-05
90700.00 -6.07736e-05
90750.00 -6.10138e-05
90800.00 -6.05485e-05
90850.00 -5.99772e-05
90900.00 -5.99692e-05
90950.00 -6.02541e-05
91000.00 -6.03153e-05
91050.00 -6.02134e-05
91100.00 -6.02488e-05
91150.00 -6.01277e-05
91200.00 -5.9985e-05
91250.00 -6.00772e-05
91300.00 -5.99287e-05
91350.00 -5.94588e-05
91400.00 -5.92898e-05
91450.00 -5.90356e-05
91500.00 -5.85813e-05
91550.00 -5.82509e-05
91600.00 -5.80537e-05
91650.00 -5.81183e-05
91700.00 -5.81881e-05
91750.00 -5.83175e-05
91800.00 -5.83976e-05
91850.00 -5.84586e-05
91900.00 -5.83778e-05
91950.00 -5.83982e-05
92000.00 -5.88313e-05
92050.00 -5.91065e-05
92100.00 -5.93333e-05
92150.00 -5.93382e-05
92200.00 -5.89078e-05
92250.00 -5.87404e-05
92300.00 -5.87785e-05
92350.00 -5.93083e-05
92400.00 -5.97277e-05
92450.00 -5.96132e-05
92500.00 -5.9641e-05
92550.00 -5.97002e-05
92600.00 -5.95667e-05
92650.00 -5.95253e-05
92700.00 -5.94337e-05
92750.00 -5.93826e-05
92800.00 -5.94586e-05
92850.00 -5.94036e-05
92900.00 -5.97013e-05
92950.00 -5.99312e-05
93000.00 -5.94073e-05
93050.00 -5.86526e-05
93100.00 -5.85866e-05
93150.00 -5.9114e-05
93200.00 -5.92173e-05
93250.00 -5.91546e-05
93300.00 -5.94579e-05
93350.00 -5.92703e-05
93400.00 -5.91765e-05
93450.00 -5.92678e-05
93500.00 -5.903e-05
93550.00 -5.85492e-05
93600.00 -5.80687e-05
93650.00 -5.84054e-05
93700.00 -5.90928e-05
93750.00 -5.92262e-05
93800.00 -5.92067e-05
93850.00 -5.92809e-05
93900.00 -5.92446e-05
93950.00 -5.9465e-05
94000.00 -5.94669e-05
94050.00 -5.93277e-05
94100.00 -5.9231e-05
94150.00 -5.86931e-05
94200.00 -5.83114e-05
94250.00 -5.80794e-05
94300.00 -5.79615e-05
94350.00 -5.79295e-05
94400.00 -5.80493e-05
94450.00 -5.82427e-05
94500.00 -5.80686e-05
94550.00 -5.78747e-05
94600.00 -5.79663e-05
94650.00 -5.83252e-05
94700.00 -5.88833e-05
94750.00 -5.92181e-05
94800.00 -5.93019e-05
94850.00 -5.94791e-05
94900.00 -5.94901e-05
94950.00 -5.92856e-05
95000.00 -5.93855e-05
95050.00 -5.94838e-05
95100.00 -5.96434e-05
95150.00 -5.9565e-05
95200.00 -5.89922e-05
95250.00 -5.90394e-05
95300.00 -5.89087e-05
95350.00 -5.83744e-05
95400.00 -5.84016e-05
95450.00 -5.87158e-05
95500.00 -5.90192e-05
95550.00 -5.91553e-05
95600.00 -5.90599e-05
95650.00 -5.91228e-05
95700.00 -5.9329e-05
95750.00 -5.94429e-05
95800.00 -5.95002e-05
95850.00 -5.96893e-05
95900.00 -5.95438e-05
95950.00 -5.96791e-05
96000.00 -6.00082e-05
96050.00 -5.96232e-05
96100.00 -5.9377e-05
96150.00 -5.9453e-05
96200.00 -5.94825e-05
96250.00 -5.96811e-05
96300.00 -6.01887e-05
96350.00 -6.03279e-05
96400.00 -6.01883e-05
96450.00 -6.0314e-05
96500.00 -5.99301e-05
96550.00 -5.94979e-05
96600.00 -6.00126e-05
96650.00 -6.03768e-05
96700.00 -6.01917e-05
96750.00 -6.04134e-05
96800.00 -6.05602e-05
96850.00 -6.06565e-05
96900.00 -6.06039e-05
96950.00 -6.07092e-05
97000.00 -6.12804e-05
97050.00 -6.12102e-05
97100.00 -6.09856e-05
97150.00 -6.08769e-05
97200.00 -6.0502e-05
97250.00 -6.02794e-05
97300.00 -6.05703e-05
97350.00 -6.10554e-05
97400.00 -6.13973e-05
97450.00 -6.13815e-05
97500.00 -6.10819e-05
97550.00 -6.07694e-05
97600.00 -6.07399e-05
97650.00 -6.0366e-05
97700.00 -6.0031e-05
97750.00 -5.99755e-05
97800.00 -5.98185e-05
97850.00 -6.01141e-05
97900.00 -6.03735e-05
97950.00 -6.06123e-05
98000.00 -6.0785e-05
98050.00 -6.08814e-05
98100.00 -6.09254e-05
98150.00 -6.08821e-05
98200.00 -6.09372e-05
98250.00 -6.08066e-05
98300.00 -6.07788e-05
98350.00 -6.08261e-05
98400.00 -6.07073e-05
98450.00 -6.03931e-05
98500.00 -6.01327e-05
98550.00 -6.00991e-05
98600.00 -6.03011e-05
98650.00 -6.03722e-05
98700.00 -6.04653e-05
98750.00 -6.07759e-05
98800.00 -6.092e-05
98850.00 -6.10212e-05
98900.00 -6.06733e-05
98950.00 -6.02368e-05
99000.00 -6.03104e-05
99050.00 -6.07392e-05
99100.00 -6.12294e-05
99150.00 -6.14414e-05
99200.00 -6.15948e-05
99250.00 -6.13336e-05
99300.00 -6.11099e-05
99350.00 -6.1413e-05
99400.00 -6.11745e-05
99450.00 -6.07404e-05
99500.00 -6.04656e-05
99550.00 -5.9987e-05
99600.00 -5.97712e-05
99650.00 -6.02777e-05
99700.00 -6.06712e-05
99750.00 -6.02966e-05
99800.00 -6.00534e-05
99850.00 -6.02311e-05
99900.00 -6.0641e-05
