50.00 -6.36606e-07
100.00 -6.68308e-07
150.00 -5.72214e-07
200.00 -5.03708e-07
250.00 -1.41899e-07
300.00 -9.63709e-08
350.00 -2.39622e-08
400.00 -2.30583e-08
450.00 -6.50557e-07
500.00 -1.31692e-06
550.00 -1.44003e-06
600.00 -1.55006e-06
650.00 -1.52041e-06
700.00 -1.06742e-06
750.00 -5.42711e-07
800.00 -6.08098e-07
850.00 -7.06053e-07
900.00 -3.97139e-07
950.00 -3.19438e-07
1000.00 -4.62957e-07
1050.00 -5.74659e-07
1100.00 -1.24608e-06
1150.00 -1.96844e-06
1200.00 -2.28989e-06
1250.00 -2.29714e-06
1300.00 -1.88146e-06
1350.00 -1.41138e-06
1400.00 -1.12337e-06
1450.00 -1.45648e-06
1500.00 -1.92924e-06
1550.00 -2.08502e-06
1600.00 -2.07983e-06
1650.00 -2.03582e-06
1700.00 -2.0282e-06
1750.00 -1.83509e-06
1800.00 -2.26939e-06
1850.00 -2.91854e-06
1900.00 -3.0417e-06
1950.00 -3.03457e-06
2000.00 -2.56237e-06
2050.00 -1.94203e-06
2100.00 -1.65459e-06
2150.00 -1.81618e-06
2200.00 -2.13046e-06
2250.00 -2.49345e-06
2300.00 -2.76692e-06
2350.00 -2.77026e-06
2400.00 -2.32022e-06
2450.00 -2.17079e-06
2500.00 -2.23259e-06
2550.00 -2.10755e-06
2600.00 -2.13477e-06
2650.00 -2.21696e-06
2700.00 -2.55509e-06
2750.00 -2.75962e-06
2800.00 -2.9108e-06
2850.00 -3.25717e-06
2900.00 -3.51558e-06
2950.00 -3.31649e-06
3000.00 -3.25487e-06
3050.00 -3.41495e-06
3100.00 -3.579e-06
3150.00 -3.79548e-06
3200.00 -3.9594e-06
3250.00 -3.69556e-06
3300.00 -3.74708e-06
3350.00 -4.41196e-06
3400.00 -4.59255e-06
3450.00 -4.56577e-06
3500.00 -4.42599e-06
3550.00 -4.51962e-06
3600.00 -4.64624e-06
3650.00 -4.34553e-06
3700.00 -4.1581e-06
3750.00 -4.49099e-06
3800.00 -4.92508e-06
3850.00 -4.7747e-06
3900.00 -4.83236e-06
3950.00 -4.95927e-06
4000.00 -4.59796e-06
4050.00 -5.18586e-06
4100.00 -6.13977e-06
4150.00 -6.66112e-06
4200.00 -7.03853e-06
4250.00 -6.70935e-06
4300.00 -6.78209e-06
4350.00 -6.68832e-06
4400.00 -6.18925e-06
4450.00 -6.53543e-06
4500.00 -6.85554e-06
4550.00 -7.15943e-06
4600.00 -7.76029e-06
4650.00 -8.16821e-06
4700.00 -8.19824e-06
4750.00 -8.11856e-06
4800.00 -8.20754e-06
4850.00 -8.01886e-06
4900.00 -7.75531e-06
4950.00 -7.68361e-06
5000.00 -7.52317e-06
5050.00 -7.56085e-06
5100.00 -7.67513e-06
5150.00 -7.93178e-06
5200.00 -8.13898e-06
5250.00 -7.80242e-06
5300.00 -7.65084e-06
5350.00 -7.99636e-06
5400.00 -8.11272e-06
5450.00 -8.02095e-06
5500.00 -8.24178e-06
5550.00 -8.17242e-06
5600.00 -7.73748e-06
5650.00 -7.99432e-06
5700.00 -8.9223e-06
5750.00 -9.47359e-06
5800.00 -9.16129e-06
5850.00 -8.75991e-06
5900.00 -8.80847e-06
5950.00 -8.98317e-06
6000.00 -9.02212e-06
6050.00 -9.1378e-06
6100.00 -9.08433e-06
6150.00 -8.84028e-06
6200.00 -8.97783e-06
6250.00 -9.12838e-06
6300.00 -8.94063e-06
6350.00 -8.92992e-06
6400.00 -9.0332e-06
6450.00 -8.87412e-06
6500.00 -8.86836e-06
6550.00 -8.6534e-06
6600.00 -8.58222e-06
6650.00 -9.17814e-06
6700.00 -9.75907e-06
6750.00 -1.02451e-05
6800.00 -1.01171e-05
6850.00 -9.46264e-06
6900.00 -9.24784e-06
6950.00 -9.41377e-06
7000.00 -9.51129e-06
7050.00 -9.7709e-06
7100.00 -1.00686e-05
7150.00 -1.00731e-05
7200.00 -1.03932e-05
7250.00 -1.11103e-05
7300.00 -1.12981e-05
7350.00 -1.11543e-05
7400.00 -1.1115e-05
7450.00 -1.10808e-05
7500.00 -1.10509e-05
7550.00 -1.12083e-05
7600.00 -1.14662e-05
7650.00 -1.16711e-05
7700.00 -1.19416e-05
7750.00 -1.23799e-05
7800.00 -1.26844e-05
7850.00 -1.27069e-05
7900.00 -1.24792e-05
7950.00 -1.22168e-05
8000.00 -1.20981e-05
8050.00 -1.20664e-05
8100.00 -1.21538e-05
8150.00 -1.25054e-05
8200.00 -1.23674e-05
8250.00 -1.20642e-05
8300.00 -1.21034e-05
8350.00 -1.19313e-05
8400.00 -1.22344e-05
8450.00 -1.28371e-05
8500.00 -1.31612e-05
8550.00 -1.31896e-05
8600.00 -1.29813e-05
8650.00 -1.27915e-05
8700.00 -1.25988e-05
8750.00 -1.25042e-05
8800.00 -1.23074e-05
8850.00 -1.19145e-05
8900.00 -1.16462e-05
8950.00 -1.2011e-05
9000.00 -1.26753e-05
9050.00 -1.2561e-05
9100.00 -1.23661e-05
9150.00 -1.2499e-05
9200.00 -1.2687e-05
9250.00 -1.25548e-05
9300.00 -1.21136e-05
9350.00 -1.19951e-05
9400.00 -1.21324e-05
9450.00 -1.22622e-05
9500.00 -1.23766e-05
9550.00 -1.23154e-05
9600.00 -1.18444e-05
9650.00 -1.14726e-05
9700.00 -1.17478e-05
9750.00 -1.17725e-05
9800.00 -1.15605e-05
9850.00 -1.1922e-05
9900.00 -1.26145e-05
9950.00 -1.27175e-05
10000.00 -1.215e-05
10050.00 -1.23502e-05
10100.00 -1.28572e-05
10150.00 -1.26811e-05
10200.00 -1.26723e-05
10250.00 -1.28618e-05
10300.00 -1.2813e-05
10350.00 -1.25073e-05
10400.00 -1.1965e-05
10450.00 -1.16997e-05
10500.00 -1.19595e-05
10550.00 -1.21422e-05
10600.00 -1.23979e-05
10650.00 -1.26002e-05
10700.00 -1.22948e-05
10750.00 -1.2635e-05
10800.00 -1.31555e-05
10850.00 -1.35297e-05
10900.00 -1.40052e-05
10950.00 -1.40919e-05
11000.00 -1.43247e-05
11050.00 -1.43487e-05
11100.00 -1.41412e-05
11150.00 -1.3897e-05
11200.00 -1.34337e-05
11250.00 -1.31844e-05
11300.00 -1.28783e-05
11350.00 -1.25242e-05
11400.00 -1.26911e-05
11450.00 -1.30854e-05
11500.00 -1.33877e-05
11550.00 -1.34477e-05
11600.00 -1.33932e-05
11650.00 -1.36536e-05
11700.00 -1.40377e-05
11750.00 -1.41322e-05
11800.00 -1.37444e-05
11850.00 -1.35019e-05
11900.00 -1.34302e-05
11950.00 -1.31959e-05
12000.00 -1.35413e-05
12050.00 -1.40888e-05
12100.00 -1.39472e-05
12150.00 -1.35862e-05
12200.00 -1.31552e-05
12250.00 -1.30993e-05
12300.00 -1.30448e-05
12350.00 -1.26078e-05
12400.00 -1.31208e-05
12450.00 -1.38063e-05
12500.00 -1.41022e-05
12550.00 -1.4306e-05
12600.00 -1.45211e-05
12650.00 -1.44256e-05
12700.00 -1.41009e-05
12750.00 -1.41348e-05
12800.00 -1.4469e-05
12850.00 -1.51689e-05
12900.00 -1.55888e-05
12950.00 -1.50928e-05
13000.00 -1.47329e-05
13050.00 -1.47217e-05
13100.00 -1.46028e-05
13150.00 -1.48567e-05
13200.00 -1.49711e-05
13250.00 -1.47328e-05
13300.00 -1.41808e-05
13350.00 -1.4388e-05
13400.00 -1.51336e-05
13450.00 -1.55698e-05
13500.00 -1.6001e-05
13550.00 -1.62138e-05
13600.00 -1.64664e-05
13650.00 -1.68178e-05
13700.00 -1.68794e-05
13750.00 -1.66637e-05
13800.00 -1.66347e-05
13850.00 -1.64528e-05
13900.00 -1.64245e-05
13950.00 -1.65172e-05
14000.00 -1.63388e-05
14050.00 -1.64155e-05
14100.00 -1.63977e-05
14150.00 -1.62772e-05
14200.00 -1.59823e-05
14250.00 -1.59428e-05
14300.00 -1.63366e-05
14350.00 -1.65636e-05
14400.00 -1.66452e-05
14450.00 -1.64004e-05
14500.00 -1.6224e-05
14550.00 -1.62133e-05
14600.00 -1.59585e-05
14650.00 -1.55174e-05
14700.00 -1.54371e-05
14750.00 -1.50977e-05
14800.00 -1.51597e-05
14850.00 -1.62461e-05
14900.00 -1.67802e-05
14950.00 -1.67602e-05
15000.00 -1.66762e-05
15050.00 -1.69844e-05
15100.00 -1.72057e-05
15150.00 -1.73325e-05
15200.00 -1.74202e-05
15250.00 -1.67896e-05
15300.00 -1.63592e-05
15350.00 -1.64048e-05
15400.00 -1.65045e-05
15450.00 -1.64741e-05
15500.00 -1.66003e-05
15550.00 -1.67276e-05
15600.00 -1.69748e-05
15650.00 -1.72433e-05
15700.00 -1.71748e-05
15750.00 -1.72731e-05
15800.00 -1.6921e-05
15850.00 -1.63846e-05
15900.00 -1.62856e-05
15950.00 -1.60213e-05
16000.00 -1.57929e-05
16050.00 -1.57369e-05
16100.00 -1.59443e-05
16150.00 -1.60396e-05
16200.00 -1.59077e-05
16250.00 -1.57191e-05
16300.00 -1.5888e-05
16350.00 -1.64997e-05
16400.00 -1.67873e-05
16450.00 -1.69606e-05
16500.00 -1.70609e-05
16550.00 -1.72774e-05
16600.00 -1.72229e-05
16650.00 -1.68919e-05
16700.00 -1.69602e-05
16750.00 -1.69881e-05
16800.00 -1.69395e-05
16850.00 -1.69992e-05
16900.00 -1.74155e-05
16950.00 -1.76137e-05
17000.00 -1.75036e-05
17050.00 -1.76725e-05
17100.00 -1.78835e-05
17150.00 -1.81028e-05
17200.00 -1.81096e-05
17250.00 -1.81747e-05
17300.00 -1.83933e-05
17350.00 -1.86179e-05
17400.00 -1.9022e-05
17450.00 -1.98014e-05
17500.00 -2.02843e-05
17550.00 -2.03797e-05
17600.00 -2.01014e-05
17650.00 -1.93059e-05
17700.00 -1.88737e-05
17750.00 -1.87294e-05
17800.00 -1.84844e-05
17850.00 -1.86204e-05
17900.00 -1.85956e-05
17950.00 -1.8935e-05
18000.00 -1.94392e-05
18050.00 -1.91548e-05
18100.00 -1.89091e-05
18150.00 -1.88929e-05
18200.00 -1.86093e-05
18250.00 -1.82405e-05
18300.00 -1.78515e-05
18350.00 -1.72903e-05
18400.00 -1.71185e-05
18450.00 -1.73594e-05
18500.00 -1.77031e-05
18550.00 -1.75758e-05
18600.00 -1.69347e-05
18650.00 -1.69233e-05
18700.00 -1.73467e-05
18750.00 -1.75805e-05
18800.00 -1.81254e-05
18850.00 -1.86036e-05
18900.00 -1.90183e-05
18950.00 -1.90951e-05
19000.00 -1.91846e-05
19050.00 -1.97082e-05
19100.00 -2.00215e-05
19150.00 -2.02297e-05
19200.00 -2.03861e-05
19250.00 -2.0103e-05
19300.00 -1.95721e-05
19350.00 -1.98208e-05
19400.00 -2.01206e-05
19450.00 -1.99226e-05
19500.00 -1.99072e-05
19550.00 -1.99026e-05
19600.00 -1.99072e-05
19650.00 -2.02259e-05
19700.00 -2.02144e-05
19750.00 -1.95972e-05
19800.00 -1.94931e-05
19850.00 -1.98745e-05
19900.00 -1.99233e-05
19950.00 -1.98311e-05
20000.00 -1.97278e-05
20050.00 -1.95903e-05
20100.00 -1.94769e-05
20150.00 -1.93029e-05
20200.00 -1.91834e-05
20250.00 -1.95306e-05
20300.00 -2.00687e-05
20350.00 -2.02301e-05
20400.00 -2.00621e-05
20450.00 -1.98458e-05
20500.00 -1.98524e-05
20550.00 -1.98741e-05
20600.00 -1.96593e-05
20650.00 -1.96723e-05
20700.00 -1.98079e-05
20750.00 -1.95886e-05
20800.00 -1.99817e-05
20850.00 -2.04366e-05
20900.00 -2.02118e-05
20950.00 -2.04549e-05
21000.00 -2.07469e-05
21050.00 -2.06432e-05
21100.00 -2.10301e-05
21150.00 -2.12652e-05
21200.00 -2.12474e-05
21250.00 -2.10507e-05
21300.00 -2.06688e-05
21350.00 -2.08055e-05
21400.00 -2.10888e-05
21450.00 -2.12798e-05
21500.00 -2.12561e-05
21550.00 -2.10286e-05
21600.00 -2.11139e-05
21650.00 -2.11284e-05
21700.00 -2.09654e-05
21750.00 -2.08863e-05
21800.00 -2.09558e-05
21850.00 -2.14104e-05
21900.00 -2.15387e-05
21950.00 -2.16996e-05
22000.00 -2.20899e-05
22050.00 -2.24047e-05
22100.00 -2.24915e-05
22150.00 -2.25111e-05
22200.00 -2.26573e-05
22250.00 -2.28284e-05
22300.00 -2.32088e-05
22350.00 -2.34399e-05
22400.00 -2.32688e-05
22450.00 -2.28469e-05
22500.00 -2.28424e-05
22550.00 -2.28709e-05
22600.00 -2.29883e-05
22650.00 -2.33872e-05
22700.00 -2.31173e-05
22750.00 -2.279e-05
22800.00 -2.28238e-05
22850.00 -2.30272e-05
22900.00 -2.33128e-05
22950.00 -2.3459e-05
23000.00 -2.32377e-05
23050.00 -2.30916e-05
23100.00 -2.32407e-05
23150.00 -2.31641e-05
23200.00 -2.29774e-05
23250.00 -2.2508e-05
23300.00 -2.21178e-05
23350.00 -2.21347e-05
23400.00 -2.25599e-05
23450.00 -2.30347e-05
23500.00 -2.29275e-05
23550.00 -2.29564e-05
23600.00 -2.32767e-05
23650.00 -2.33396e-05
23700.00 -2.35701e-05
23750.00 -2.38e-05
23800.00 -2.39412e-05
23850.00 -2.38713e-05
23900.00 -2.36028e-05
23950.00 -2.37402e-05
24000.00 -2.44294e-05
24050.00 -2.45369e-05
24100.00 -2.42269e-05
24150.00 -2.45161e-05
24200.00 -2.48662e-05
24250.00 -2.50202e-05
24300.00 -2.54831e-05
24350.00 -2.55628e-05
24400.00 -2.5188e-05
24450.00 -2.5308e-05
24500.00 -2.55876e-05
24550.00 -2.5761e-05
24600.00 -2.58249e-05
24650.00 -2.56436e-05
24700.00 -2.5387e-05
24750.00 -2.57211e-05
24800.00 -2.60245e-05
24850.00 -2.58e-05
24900.00 -2.56921e-05
24950.00 -2.59061e-05
25000.00 -2.57309e-05
25050.00 -2.57203e-05
25100.00 -2.5989e-05
25150.00 -2.57496e-05
25200.00 -2.54356e-05
25250.00 -2.54909e-05
25300.00 -2.55956e-05
25350.00 -2.54694e-05
25400.00 -2.55143e-05
25450.00 -2.5734e-05
25500.00 -2.57194e-05
25550.00 -2.55618e-05
25600.00 -2.55843e-05
25650.00 -2.58476e-05
25700.00 -2.59662e-05
25750.00 -2.57642e-05
25800.00 -2.57382e-05
25850.00 -2.59641e-05
25900.00 -2.6016e-05
25950.00 -2.56765e-05
26000.00 -2.56768e-05
26050.00 -2.59234e-05
26100.00 -2.62832e-05
26150.00 -2.6497e-05
26200.00 -2.60547e-05
26250.00 -2.56672e-05
26300.00 -2.57993e-05
26350.00 -2.61369e-05
26400.00 -2.6534e-05
26450.00 -2.71082e-05
26500.00 -2.68196e-05
26550.00 -2.61471e-05
26600.00 -2.56821e-05
26650.00 -2.5781e-05
26700.00 -2.62283e-05
26750.00 -2.61986e-05
26800.00 -2.66341e-05
26850.00 -2.71376e-05
26900.00 -2.72342e-05
26950.00 -2.72284e-05
27000.00 -2.72541e-05
27050.00 -2.70839e-05
27100.00 -2.67437e-05
27150.00 -2.66676e-05
27200.00 -2.66205e-05
27250.00 -2.65073e-05
27300.00 -2.65003e-05
27350.00 -2.63632e-05
27400.00 -2.60285e-05
27450.00 -2.57422e-05
27500.00 -2.56754e-05
27550.00 -2.59691e-05
27600.00 -2.62003e-05
27650.00 -2.68567e-05
27700.00 -2.74502e-05
27750.00 -2.72207e-05
27800.00 -2.66609e-05
27850.00 -2.64239e-05
27900.00 -2.66793e-05
27950.00 -2.7051e-05
28000.00 -2.70148e-05
28050.00 -2.67208e-05
28100.00 -2.68746e-05
28150.00 -2.74189e-05
28200.00 -2.77187e-05
28250.00 -2.79025e-05
28300.00 -2.80709e-05
28350.00 -2.8213e-05
28400.00 -2.85652e-05
28450.00 -2.85364e-05
28500.00 -2.79508e-05
28550.00 -2.75648e-05
28600.00 -2.79621e-05
28650.00 -2.86492e-05
28700.00 -2.87691e-05
28750.00 -2.85427e-05
28800.00 -2.91421e-05
28850.00 -2.97854e-05
28900.00 -3.00065e-05
28950.00 -2.96985e-05
29000.00 -2.91415e-05
29050.00 -2.90763e-05
29100.00 -2.89058e-05
29150.00 -2.84806e-05
29200.00 -2.81728e-05
29250.00 -2.86447e-05
29300.00 -2.91003e-05
29350.00 -2.87921e-05
29400.00 -2.90346e-05
29450.00 -2.94065e-05
29500.00 -2.91753e-05
29550.00 -2.92733e-05
29600.00 -2.98319e-05
29650.00 -2.99062e-05
29700.00 -2.97307e-05
29750.00 -3.00517e-05
29800.00 -3.02062e-05
29850.00 -2.9997e-05
29900.00 -2.99162e-05
29950.00 -2.95298e-05
30000.00 -2.92697e-05
30050.00 -2.94316e-05
30100.00 -2.99332e-05
30150.00 -3.00818e-05
30200.00 -2.97676e-05
30250.00 -2.9898e-05
30300.00 -3.04354e-05
30350.00 -3.09276e-05
30400.00 -3.06372e-05
30450.00 -3.0309e-05
30500.00 -3.04225e-05
30550.00 -3.07729e-05
30600.00 -3.10159e-05
30650.00 -3.13221e-05
30700.00 -3.18421e-05
30750.00 -3.23075e-05
30800.00 -3.23563e-05
30850.00 -3.22219e-05
30900.00 -3.21308e-05
30950.00 -3.20175e-05
31000.00 -3.21053e-05
31050.00 -3.20197e-05
31100.00 -3.19049e-05
31150.00 -3.23714e-05
31200.00 -3.30724e-05
31250.00 -3.3204e-05
31300.00 -3.27827e-05
31350.00 -3.26097e-05
31400.00 -3.31816e-05
31450.00 -3.3798e-05
31500.00 -3.36536e-05
31550.00 -3.32242e-05
31600.00 -3.30488e-05
31650.00 -3.30654e-05
31700.00 -3.33789e-05
31750.00 -3.34109e-05
31800.00 -3.33507e-05
31850.00 -3.32603e-05
31900.00 -3.33849e-05
31950.00 -3.37546e-05
32000.00 -3.38089e-05
32050.00 -3.37183e-05
32100.00 -3.35273e-05
32150.00 -3.35489e-05
32200.00 -3.35535e-05
32250.00 -3.35678e-05
32300.00 -3.38706e-05
32350.00 -3.40125e-05
32400.00 -3.41664e-05
32450.00 -3.42951e-05
32500.00 -3.45492e-05
32550.00 -3.51187e-05
32600.00 -3.53856e-05
32650.00 -3.54476e-05
32700.00 -3.53968e-05
32750.00 -3.51896e-05
32800.00 -3.53743e-05
32850.00 -3.55624e-05
32900.00 -3.59656e-05
32950.00 -3.65662e-05
33000.00 -3.66971e-05
33050.00 -3.68239e-05
33100.00 -3.71481e-05
33150.00 -3.69963e-05
33200.00 -3.68488e-05
33250.00 -3.72251e-05
33300.00 -3.72973e-05
33350.00 -3.70167e-05
33400.00 -3.662e-05
33450.00 -3.67578e-05
33500.00 -3.71604e-05
33550.00 -3.71628e-05
33600.00 -3.70283e-05
33650.00 -3.7054e-05
33700.00 -3.71947e-05
33750.00 -3.74566e-05
33800.00 -3.79218e-05
33850.00 -3.76893e-05
33900.00 -3.68672e-05
33950.00 -3.68194e-05
34000.00 -3.70317e-05
34050.00 -3.70335e-05
34100.00 -3.72121e-05
34150.00 -3.71824e-05
34200.00 -3.75059e-05
34250.00 -3.78609e-05
34300.00 -3.78921e-05
34350.00 -3.83303e-05
34400.00 -3.86002e-05
34450.00 -3.82535e-05
34500.00 -3.81647e-05
34550.00 -3.83101e-05
34600.00 -3.83057e-05
34650.00 -3.85741e-05
34700.00 -3.88979e-05
34750.00 -3.90976e-05
34800.00 -3.88582e-05
34850.00 -3.85554e-05
34900.00 -3.86501e-05
34950.00 -3.84894e-05
35000.00 -3.81367e-05
35050.00 -3.8272e-05
35100.00 -3.86078e-05
35150.00 -3.89365e-05
35200.00 -3.93966e-05
35250.00 -3.93303e-05
35300.00 -3.90203e-05
35350.00 -3.93315e-05
35400.00 -3.93832e-05
35450.00 -3.89851e-05
35500.00 -3.87263e-05
35550.00 -3.85971e-05
35600.00 -3.90128e-05
35650.00 -3.93725e-05
35700.00 -3.94863e-05
35750.00 -3.98271e-05
35800.00 -4.01889e-05
35850.00 -4.0789e-05
35900.00 -4.13649e-05
35950.00 -4.14883e-05
36000.00 -4.13087e-05
36050.00 -4.12965e-05
36100.00 -4.15907e-05
36150.00 -4.1865e-05
36200.00 -4.17254e-05
36250.00 -4.1995e-05
36300.00 -4.26368e-05
36350.00 -4.30336e-05
36400.00 -4.31695e-05
36450.00 -4.2902e-05
36500.00 -4.31281e-05
36550.00 -4.35932e-05
36600.00 -4.35796e-05
36650.00 -4.33134e-05
36700.00 -4.31327e-05
36750.00 -4.29755e-05
36800.00 -4.25835e-05
36850.00 -4.24493e-05
36900.00 -4.26684e-05
36950.00 -4.3144e-05
37000.00 -4.33548e-05
37050.00 -4.31245e-05
37100.00 -4.30876e-05
37150.00 -4.35946e-05
37200.00 -4.38889e-05
37250.00 -4.39884e-05
37300.00 -4.3908e-05
37350.00 -4.3993e-05
37400.00 -4.41489e-05
37450.00 -4.4254e-05
37500.00 -4.47078e-05
37550.00 -4.4717e-05
37600.00 -4.41827e-05
37650.00 -4.39267e-05
37700.00 -4.42084e-05
37750.00 -4.43718e-05
37800.00 -4.44376e-05
37850.00 -4.43865e-05
37900.00 -4.45654e-05
37950.00 -4.48204e-05
38000.00 -4.46781e-05
38050.00 -4.45033e-05
38100.00 -4.46234e-05
38150.00 -4.48391e-05
38200.00 -4.54438e-05
38250.00 -4.56158e-05
38300.00 -4.54815e-05
38350.00 -4.56278e-05
38400.00 -4.55299e-05
38450.00 -4.54133e-05
38500.00 -4.54315e-05
38550.00 -4.51694e-05
38600.00 -4.4986e-05
38650.00 -4.51972e-05
38700.00 -4.51533e-05
38750.00 -4.49303e-05
38800.00 -4.46238e-05
38850.00 -4.43085e-05
38900.00 -4.40539e-05
38950.00 -4.40091e-05
39000.00 -4.39866e-05
39050.00 -4.42141e-05
39100.00 -4.44141e-05
39150.00 -4.4518e-05
39200.00 -4.48321e-05
39250.00 -4.49664e-05
39300.00 -4.49917e-05
39350.00 -4.51674e-05
39400.00 -4.55261e-05
39450.00 -4.54714e-05
39500.00 -4.52141e-05
39550.00 -4.50621e-05
39600.00 -4.47705e-05
39650.00 -4.47841e-05
39700.00 -4.49236e-05
39750.00 -4.50031e-05
39800.00 -4.51197e-05
39850.00 -4.48614e-05
39900.00 -4.48415e-05
39950.00 -4.52382e-05
40000.00 -4.54594e-05
40050.00 -4.57744e-05
40100.00 -4.62694e-05
40150.00 -4.63644e-05
40200.00 -4.65081e-05
40250.00 -4.65309e-05
40300.00 -4.61441e-05
40350.00 -4.61523e-05
40400.00 -4.60042e-05
40450.00 -4.58694e-05
40500.00 -4.62891e-05
40550.00 -4.65651e-05
40600.00 -4.6735e-05
40650.00 -4.7391e-05
40700.00 -4.81412e-05
40750.00 -4.86553e-05
40800.00 -4.86997e-05
40850.00 -4.84716e-05
40900.00 -4.84485e-05
40950.00 -4.83336e-05
41000.00 -4.80686e-05
41050.00 -4.82304e-05
41100.00 -4.8458e-05
41150.00 -4.84125e-05
41200.00 -4.90281e-05
41250.00 -4.95496e-05
41300.00 -4.96444e-05
41350.00 -4.97232e-05
41400.00 -4.99225e-05
41450.00 -4.99436e-05
41500.00 -4.97213e-05
41550.00 -4.98507e-05
41600.00 -4.97803e-05
41650.00 -4.97466e-05
41700.00 -4.99662e-05
41750.00 -5.00692e-05
41800.00 -5.0021e-05
41850.00 -4.99311e-05
41900.00 -4.95827e-05
41950.00 -4.88942e-05
42000.00 -4.88241e-05
42050.00 -4.93361e-05
42100.00 -4.97944e-05
42150.00 -4.97136e-05
42200.00 -4.95327e-05
42250.00 -4.94562e-05
42300.00 -4.96933e-05
42350.00 -4.99789e-05
42400.00 -4.9906e-05
42450.00 -5.03499e-05
42500.00 -5.08502e-05
42550.00 -5.07896e-05
42600.00 -5.07624e-05
42650.00 -5.08015e-05
42700.00 -5.09014e-05
42750.00 -5.05341e-05
42800.00 -4.97733e-05
42850.00 -4.97776e-05
42900.00 -5.05143e-05
42950.00 -5.10516e-05
43000.00 -5.12035e-05
43050.00 -5.13293e-05
43100.00 -5.10809e-05
43150.00 -5.06562e-05
43200.00 -5.06418e-05
43250.00 -5.07112e-05
43300.00 -5.06181e-05
43350.00 -5.07511e-05
43400.00 -5.1317e-05
43450.00 -5.15607e-05
43500.00 -5.12567e-05
43550.00 -5.12094e-05
43600.00 -5.16041e-05
43650.00 -5.18976e-05
43700.00 -5.1567e-05
43750.00 -5.12083e-05
43800.00 -5.11441e-05
43850.00 -5.13401e-05
43900.00 -5.16571e-05
43950.00 -5.15594e-05
44000.00 -5.1364e-05
44050.00 -5.09632e-05
44100.00 -5.04194e-05
44150.00 -5.05031e-05
44200.00 -5.0497e-05
44250.00 -5.05648e-05
44300.00 -5.10398e-05
44350.00 -5.1342e-05
44400.00 -5.17516e-05
44450.00 -5.254e-05
44500.00 -5.3042e-05
44550.00 -5.30589e-05
44600.00 -5.29938e-05
44650.00 -5.2535e-05
44700.00 -5.2184e-05
44750.00 -5.22044e-05
44800.00 -5.19158e-05
44850.00 -5.1775e-05
44900.00 -5.14074e-05
44950.00 -5.08772e-05
45000.00 -5.09016e-05
45050.00 -5.09727e-05
45100.00 -5.11772e-05
45150.00 -5.17367e-05
45200.00 -5.22386e-05
45250.00 -5.26574e-05
45300.00 -5.30653e-05
45350.00 -5.31286e-05
45400.00 -5.29087e-05
45450.00 -5.25819e-05
45500.00 -5.23633e-05
45550.00 -5.24705e-05
45600.00 -5.29959e-05
45650.00 -5.35423e-05
45700.00 -5.35598e-05
45750.00 -5.33471e-05
45800.00 -5.34188e-05
45850.00 -5.38896e-05
45900.00 -5.41888e-05
45950.00 -5.4041e-05
46000.00 -5.40576e-05
46050.00 -5.35276e-05
46100.00 -5.28703e-05
46150.00 -5.30893e-05
46200.00 -5.31547e-05
46250.00 -5.29749e-05
46300.00 -5.3415e-05
46350.00 -5.38606e-05
46400.00 -5.36328e-05
46450.00 -5.33146e-05
46500.00 -5.34657e-05
46550.00 -5.34436e-05
46600.00 -5.33104e-05
46650.00 -5.32756e-05
46700.00 -5.28681e-05
46750.00 -5.24624e-05
46800.00 -5.20741e-05
46850.00 -5.19116e-05
46900.00 -5.2107e-05
46950.00 -5.28615e-05
47000.00 -5.39285e-05
47050.00 -5.39967e-05
47100.00 -5.35233e-05
47150.00 -5.35193e-05
47200.00 -5.3765e-05
47250.00 -5.43465e-05
47300.00 -5.43227e-05
47350.00 -5.39672e-05
47400.00 -5.40346e-05
47450.00 -5.40551e-05
47500.00 -5.41441e-05
47550.00 -5.42104e-05
47600.00 -5.42629e-05
47650.00 -5.44793e-05
47700.00 -5.47432e-05
47750.00 -5.47345e-05
47800.00 -5.44901e-05
47850.00 -5.44071e-05
47900.00 -5.46817e-05
47950.00 -5.45859e-05
48000.00 -5.42908e-05
48050.00 -5.41175e-05
48100.00 -5.42345e-05
48150.00 -5.47447e-05
48200.00 -5.50427e-05
48250.00 -5.51604e-05
48300.00 -5.52448e-05
48350.00 -5.56256e-05
48400.00 -5.58389e-05
48450.00 -5.5653e-05
48500.00 -5.54332e-05
48550.00 -5.53678e-05
48600.00 -5.56181e-05
48650.00 -5.60892e-05
48700.00 -5.63713e-05
48750.00 -5.6399e-05
48800.00 -5.67286e-05
48850.00 -5.69789e-05
48900.00 -5.7146e-05
48950.00 -5.75993e-05
49000.00 -5.78453e-05
49050.00 -5.75372e-05
49100.00 -5.75507e-05
49150.00 -5.76542e-05
49200.00 -5.72319e-05
49250.00 -5.75671e-05
49300.00 -5.82394e-05
49350.00 -5.83225e-05
49400.00 -5.84992e-05
49450.00 -5.86875e-05
49500.00 -5.83217e-05
49550.00 -5.78387e-05
49600.00 -5.75535e-05
49650.00 -5.72499e-05
49700.00 -5.74046e-05
49750.00 -5.7867e-05
49800.00 -5.82169e-05
49850.00 -5.83192e-05
49900.00 -5.8349e-05
49950.00 -5.84549e-05
50000.00 -5.83785e-05
50050.00 -5.81751e-05
50100.00 -5.82012e-05
50150.00 -5.84415e-05
50200.00 -5.85837e-05
50250.00 -5.87672e-05
50300.00 -5.91305e-05
50350.00 -5.93558e-05
50400.00 -5.94731e-05
50450.00 -5.95321e-05
50500.00 -5.94709e-05
50550.00 -5.96695e-05
50600.00 -5.98473e-05
50650.00 -5.956e-05
50700.00 -5.94534e-05
50750.00 -5.9178e-05
50800.00 -5.88161e-05
50850.00 -5.88596e-05
50900.00 -5.89055e-05
50950.00 -5.94998e-05
51000.00 -6.00202e-05
51050.00 -6.03449e-05
51100.00 -6.0329e-05
51150.00 -6.03292e-05
51200.00 -6.04275e-05
51250.00 -6.01729e-05
51300.00 -6.03371e-05
51350.00 -6.06338e-05
51400.00 -6.03161e-05
51450.00 -5.9851e-05
51500.00 -5.99541e-05
51550.00 -6.03318e-05
51600.00 -6.02672e-05
51650.00 -6.01077e-05
51700.00 -6.05746e-05
51750.00 -6.16791e-05
51800.00 -6.22637e-05
51850.00 -6.16857e-05
51900.00 -6.15307e-05
51950.00 -6.18768e-05
52000.00 -6.14717e-05
52050.00 -6.12352e-05
52100.00 -6.12683e-05
52150.00 -6.11595e-05
52200.00 -6.13798e-05
52250.00 -6.15417e-05
52300.00 -6.13734e-05
52350.00 -6.10509e-05
52400.00 -6.10332e-05
52450.00 -6.11559e-05
52500.00 -6.13195e-05
52550.00 -6.17317e-05
52600.00 -6.16419e-05
52650.00 -6.16982e-05
52700.00 -6.1834e-05
52750.00 -6.15237e-05
52800.00 -6.14492e-05
52850.00 -6.14716e-05
52900.00 -6.15437e-05
52950.00 -6.15986e-05
53000.00 -6.18856e-05
53050.00 -6.19144e-05
53100.00 -6.16245e-05
53150.00 -6.10497e-05
53200.00 -6.09821e-05
53250.00 -6.12817e-05
53300.00 -6.12079e-05
53350.00 -6.15493e-05
53400.00 -6.21074e-05
53450.00 -6.21473e-05
53500.00 -6.20578e-05
53550.00 -6.22267e-05
53600.00 -6.20353e-05
53650.00 -6.22453e-05
53700.00 -6.28985e-05
53750.00 -6.3021e-05
53800.00 -6.29276e-05
53850.00 -6.31048e-05
53900.00 -6.36701e-05
53950.00 -6.36284e-05
54000.00 -6.33385e-05
54050.00 -6.35498e-05
54100.00 -6.34146e-05
54150.00 -6.33298e-05
54200.00 -6.35057e-05
54250.00 -6.35931e-05
54300.00 -6.35552e-05
54350.00 -6.32917e-05
54400.00 -6.32791e-05
54450.00 -6.3247e-05
54500.00 -6.30724e-05
54550.00 -6.32991e-05
54600.00 -6.32775e-05
54650.00 -6.30102e-05
54700.00 -6.30228e-05
54750.00 -6.33764e-05
54800.00 -6.37002e-05
54850.00 -6.37412e-05
54900.00 -6.38397e-05
54950.00 -6.40828e-05
55000.00 -6.44644e-05
55050.00 -6.46153e-05
55100.00 -6.44557e-05
55150.00 -6.45801e-05
55200.00 -6.47988e-05
55250.00 -6.50454e-05
55300.00 -6.57252e-05
55350.00 -6.60858e-05
55400.00 -6.60233e-05
55450.00 -6.60274e-05
55500.00 -6.62552e-05
55550.00 -6.64636e-05
55600.00 -6.5975e-05
55650.00 -6.53036e-05
55700.00 -6.50503e-05
55750.00 -6.50344e-05
55800.00 -6.52256e-05
55850.00 -6.57593e-05
55900.00 -6.55925e-05
55950.00 -6.48697e-05
56000.00 -6.42472e-05
56050.00 -6.41472e-05
56100.00 -6.43368e-05
56150.00 -6.40767e-05
56200.00 -6.39519e-05
56250.00 -6.40254e-05
56300.00 -6.44749e-05
56350.00 -6.4835e-05
56400.00 -6.46082e-05
56450.00 -6.43301e-05
56500.00 -6.43699e-05
56550.00 -6.47282e-05
56600.00 -6.50403e-05
56650.00 -6.48521e-05
56700.00 -6.47906e-05
56750.00 -6.50136e-05
56800.00 -6.49593e-05
56850.00 -6.47084e-05
56900.00 -6.45972e-05
56950.00 -6.46222e-05
57000.00 -6.47079e-05
57050.00 -6.46659e-05
57100.00 -6.44678e-05
57150.00 -6.45355e-05
57200.00 -6.44326e-05
57250.00 -6.43065e-05
57300.00 -6.46428e-05
57350.00 -6.46342e-05
57400.00 -6.42029e-05
57450.00 -6.39671e-05
57500.00 -6.39868e-05
57550.00 -6.40774e-05
57600.00 -6.41099e-05
57650.00 -6.41362e-05
57700.00 -6.39998e-05
57750.00 -6.42572e-05
57800.00 -6.46046e-05
57850.00 -6.45269e-05
57900.00 -6.48607e-05
57950.00 -6.53113e-05
58000.00 -6.57779e-05
58050.00 -6.56813e-05
58100.00 -6.50068e-05
58150.00 -6.46554e-05
58200.00 -6.50905e-05
58250.00 -6.60112e-05
58300.00 -6.63623e-05
58350.00 -6.62607e-05
58400.00 -6.58363e-05
58450.00 -6.57223e-05
58500.00 -6.58394e-05
58550.00 -6.55709e-05
58600.00 -6.53225e-05
58650.00 -6.51411e-05
58700.00 -6.54053e-05
58750.00 -6.56225e-05
58800.00 -6.53111e-05
58850.00 -6.51073e-05
58900.00 -6.53702e-05
58950.00 -6.54441e-05
59000.00 -6.54068e-05
59050.00 -6.59082e-05
59100.00 -6.62957e-05
59150.00 -6.64272e-05
59200.00 -6.62577e-05
59250.00 -6.61535e-05
59300.00 -6.65623e-05
59350.00 -6.66291e-05
59400.00 -6.63196e-05
59450.00 -6.67534e-05
59500.00 -6.71711e-05
59550.00 -6.69649e-05
59600.00 -6.67553e-05
59650.00 -6.66195e-05
59700.00 -6.69311e-05
59750.00 -6.75202e-05
59800.00 -6.77415e-05
59850.00 -6.8062e-05
59900.00 -6.86134e-05
59950.00 -6.90256e-05
60000.00 -6.92077e-05
60050.00 -6.90974e-05
60100.00 -6.91776e-05
60150.00 -6.89632e-05
60200.00 -6.8464e-05
60250.00 -6.84373e-05
60300.00 -6.85729e-05
60350.00 -6.84315e-05
60400.00 -6.82608e-05
60450.00 -6.79223e-05
60500.00 -6.7545e-05
60550.00 -6.72708e-05
60600.00 -6.74234e-05
60650.00 -6.80781e-05
60700.00 -6.80817e-05
60750.00 -6.7984e-05
60800.00 -6.81932e-05
60850.00 -6.82861e-05
60900.00 -6.81161e-05
60950.00 -6.7809e-05
61000.00 -6.78508e-05
61050.00 -6.82218e-05
61100.00 -6.82649e-05
61150.00 -6.83553e-05
61200.00 -6.86605e-05
61250.00 -6.85957e-05
61300.00 -6.86095e-05
61350.00 -6.86474e-05
61400.00 -6.8702e-05
61450.00 -6.86401e-05
61500.00 -6.84151e-05
61550.00 -6.81726e-05
61600.00 -6.76145e-05
61650.00 -6.78357e-05
61700.00 -6.80569e-05
61750.00 -6.78e-05
61800.00 -6.8231e-05
61850.00 -6.85972e-05
61900.00 -6.83497e-05
61950.00 -6.83073e-05
62000.00 -6.85903e-05
62050.00 -6.85675e-05
62100.00 -6.82809e-05
62150.00 -6.82469e-05
62200.00 -6.82362e-05
62250.00 -6.77311e-05
62300.00 -6.75974e-05
62350.00 -6.77876e-05
62400.00 -6.76613e-05
62450.00 -6.76798e-05
62500.00 -6.79889e-05
62550.00 -6.88012e-05
62600.00 -6.91e-05
62650.00 -6.86646e-05
62700.00 -6.86407e-05
62750.00 -6.89336e-05
62800.00 -6.91593e-05
62850.00 -6.94093e-05
62900.00 -6.93691e-05
62950.00 -6.89805e-05
63000.00 -6.85204e-05
63050.00 -6.86953e-05
63100.00 -6.93697e-05
63150.00 -6.95846e-05
63200.00 -7.00674e-05
63250.00 -6.99672e-05
63300.00 -6.95348e-05
63350.00 -6.96216e-05
63400.00 -6.97325e-05
63450.00 -6.99765e-05
63500.00 -6.98202e-05
63550.00 -6.96344e-05
63600.00 -7.03073e-05
63650.00 -7.14536e-05
63700.00 -7.17979e-05
63750.00 -7.13638e-05
63800.00 -7.09691e-05
63850.00 -7.05359e-05
63900.00 -7.05341e-05
63950.00 -7.07672e-05
64000.00 -7.0927e-05
64050.00 -7.10487e-05
64100.00 -7.08655e-05
64150.00 -7.11647e-05
64200.00 -7.14668e-05
64250.00 -7.10645e-05
64300.00 -7.06859e-05
64350.00 -7.03768e-05
64400.00 -7.03321e-05
64450.00 -7.03471e-05
64500.00 -7.04337e-05
64550.00 -7.08686e-05
64600.00 -7.15234e-05
64650.00 -7.19402e-05
64700.00 -7.17757e-05
64750.00 -7.13979e-05
64800.00 -7.11245e-05
64850.00 -7.08231e-05
64900.00 -7.02642e-05
64950.00 -6.99045e-05
65000.00 -6.97105e-05
65050.00 -6.96862e-05
65100.00 -7.01595e-05
65150.00 -7.01653e-05
65200.00 -7.0084e-05
65250.00 -7.06092e-05
65300.00 -7.08075e-05
65350.00 -7.12265e-05
65400.00 -7.22344e-05
65450.00 -7.2735e-05
65500.00 -7.26523e-05
65550.00 -7.22706e-05
65600.00 -7.19355e-05
65650.00 -7.21205e-05
65700.00 -7.20503e-05
65750.00 -7.21121e-05
65800.00 -7.25587e-05
65850.00 -7.27748e-05
65900.00 -7.27497e-05
65950.00 -7.27835e-05
66000.00 -7.27709e-05
66050.00 -7.29972e-05
66100.00 -7.33059e-05
66150.00 -7.30694e-05
66200.00 -7.318e-05
66250.00 -7.3412e-05
66300.00 -7.33131e-05
66350.00 -7.33991e-05
66400.00 -7.35166e-05
66450.00 -7.36329e-05
66500.00 -7.33412e-05
66550.00 -7.3117e-05
66600.00 -7.35548e-05
66650.00 -7.35288e-05
66700.00 -7.34171e-05
66750.00 -7.37647e-05
66800.00 -7.39157e-05
66850.00 -7.35579e-05
66900.00 -7.34892e-05
66950.00 -7.36504e-05
67000.00 -7.40842e-05
67050.00 -7.44722e-05
67100.00 -7.4471e-05
67150.00 -7.45207e-05
67200.00 -7.44455e-05
67250.00 -7.43719e-05
67300.00 -7.44487e-05
67350.00 -7.42452e-05
67400.00 -7.3943e-05
67450.00 -7.39935e-05
67500.00 -7.42239e-05
67550.00 -7.45889e-05
67600.00 -7.44164e-05
67650.00 -7.42118e-05
67700.00 -7.44206e-05
67750.00 -7.45515e-05
67800.00 -7.47772e-05
67850.00 -7.49142e-05
67900.00 -7.52803e-05
67950.00 -7.55116e-05
68000.00 -7.55259e-05
68050.00 -7.55495e-05
68100.00 -7.57004e-05
68150.00 -7.6133e-05
68200.00 -7.60645e-05
68250.00 -7.57169e-05
68300.00 -7.55024e-05
68350.00 -7.538e-05
68400.00 -7.55497e-05
68450.00 -7.56629e-05
68500.00 -7.5478e-05
68550.00 -7.55545e-05
68600.00 -7.55227e-05
68650.00 -7.57697e-05
68700.00 -7.64342e-05
68750.00 -7.66758e-05
68800.00 -7.67922e-05
68850.00 -7.70048e-05
68900.00 -7.70375e-05
68950.00 -7.71874e-05
69000.00 -7.71226e-05
69050.00 -7.68031e-05
69100.00 -7.6985e-05
69150.00 -7.72492e-05
69200.00 -7.71987e-05
69250.00 -7.73184e-05
69300.00 -7.76548e-05
69350.00 -7.7542e-05
69400.00 -7.74891e-05
69450.00 -7.76124e-05
69500.00 -7.74896e-05
69550.00 -7.74468e-05
69600.00 -7.7765e-05
69650.00 -7.79228e-05
69700.00 -7.80898e-05
69750.00 -7.84608e-05
69800.00 -7.83465e-05
69850.00 -7.83113e-05
69900.00 -7.7964e-05
69950.00 -7.78636e-05
70000.00 -7.83227e-05
70050.00 -7.86428e-05
70100.00 -7.87178e-05
70150.00 -7.87675e-05
70200.00 -7.87678e-05
70250.00 -7.87088e-05
70300.00 -7.86666e-05
70350.00 -7.84386e-05
70400.00 -7.84027e-05
70450.00 -7.84998e-05
70500.00 -7.86452e-05
70550.00 -7.85942e-05
70600.00 -7.81703e-05
70650.00 -7.80455e-05
70700.00 -7.80979e-05
70750.00 -7.78181e-05
70800.00 -7.78042e-05
70850.00 -7.81729e-05
70900.00 -7.84622e-05
70950.00 -7.86587e-05
71000.00 -7.87793e-05
71050.00 -7.90718e-05
71100.00 -7.91458e-05
71150.00 -7.8791e-05
71200.00 -7.83575e-05
71250.00 -7.88496e-05
71300.00 -7.97364e-05
71350.00 -7.9731e-05
71400.00 -7.99086e-05
71450.00 -7.98803e-05
71500.00 -7.92325e-05
71550.00 -7.90038e-05
71600.00 -7.9101e-05
71650.00 -7.92847e-05
71700.00 -7.93357e-05
71750.00 -7.93557e-05
71800.00 -7.92988e-05
71850.00 -7.90924e-05
71900.00 -7.91686e-05
71950.00 -7.94357e-05
72000.00 -7.95122e-05
72050.00 -7.91118e-05
72100.00 -7.90642e-05
72150.00 -7.93575e-05
72200.00 -7.93907e-05
72250.00 -7.90695e-05
72300.00 -7.86317e-05
72350.00 -7.8698e-05
72400.00 -7.88559e-05
72450.00 -7.9106e-05
72500.00 -7.96562e-05
72550.00 -7.99152e-05
72600.00 -7.99667e-05
72650.00 -8.01312e-05
72700.00 -8.02398e-05
72750.00 -8.04964e-05
72800.00 -8.08623e-05
72850.00 -8.06854e-05
72900.00 -8.03429e-05
72950.00 -8.03874e-05
73000.00 -8.06674e-05
73050.00 -8.08534e-05
73100.00 -8.04272e-05
73150.00 -8.03053e-05
73200.00 -8.09002e-05
73250.00 -8.11815e-05
73300.00 -8.15433e-05
73350.00 -8.14775e-05
73400.00 -8.15983e-05
73450.00 -8.17812e-05
73500.00 -8.09305e-05
73550.00 -8.06334e-05
73600.00 -8.11349e-05
73650.00 -8.15311e-05
73700.00 -8.16919e-05
73750.00 -8.17542e-05
73800.00 -8.12427e-05
73850.00 -8.09434e-05
73900.00 -8.11067e-05
73950.00 -8.09293e-05
74000.00 -8.07239e-05
74050.00 -8.06797e-05
74100.00 -8.07268e-05
74150.00 -8.08107e-05
74200.00 -8.13879e-05
74250.00 -8.19796e-05
74300.00 -8.19644e-05
74350.00 -8.16955e-05
74400.00 -8.17911e-05
74450.00 -8.19394e-05
74500.00 -8.19925e-05
74550.00 -8.21085e-05
74600.00 -8.22889e-05
74650.00 -8.2296e-05
74700.00 -8.19711e-05
74750.00 -8.16722e-05
74800.00 -8.17208e-05
74850.00 -8.19893e-05
74900.00 -8.19997e-05
74950.00 -8.21048e-05
75000.00 -8.25213e-05
75050.00 -8.29619e-05
75100.00 -8.30425e-05
75150.00 -8.25232e-05
75200.00 -8.19353e-05
75250.00 -8.19145e-05
75300.00 -8.2199e-05
75350.00 -8.26219e-05
75400.00 -8.30749e-05
75450.00 -8.27943e-05
75500.00 -8.25636e-05
75550.00 -8.31616e-05
75600.00 -8.42354e-05
75650.00 -8.45454e-05
75700.00 -8.40624e-05
75750.00 -8.4097e-05
75800.00 -8.39922e-05
75850.00 -8.3634e-05
75900.00 -8.34601e-05
75950.00 -8.35513e-05
76000.00 -8.3784e-05
76050.00 -8.36437e-05
76100.00 -8.34518e-05
76150.00 -8.32841e-05
76200.00 -8.31791e-05
76250.00 -8.29139e-05
76300.00 -8.30933e-05
76350.00 -8.35917e-05
76400.00 -8.35366e-05
76450.00 -8.32942e-05
76500.00 -8.29999e-05
76550.00 -8.25223e-05
76600.00 -8.23802e-05
76650.00 -8.28018e-05
76700.00 -8.28644e-05
76750.00 -8.28158e-05
76800.00 -8.29556e-05
76850.00 -8.31437e-05
76900.00 -8.28278e-05
76950.00 -8.26192e-05
77000.00 -8.28793e-05
77050.00 -8.30199e-05
77100.00 -8.37099e-05
77150.00 -8.44401e-05
77200.00 -8.43691e-05
77250.00 -8.39607e-05
77300.00 -8.35668e-05
77350.00 -8.30776e-05
77400.00 -8.32027e-05
77450.00 -8.38073e-05
77500.00 -8.40817e-05
77550.00 -8.44456e-05
77600.00 -8.46516e-05
77650.00 -8.46661e-05
77700.00 -8.48872e-05
77750.00 -8.46744e-05
77800.00 -8.48338e-05
77850.00 -8.51259e-05
77900.00 -8.48891e-05
77950.00 -8.47509e-05
78000.00 -8.47856e-05
78050.00 -8.49032e-05
78100.00 -8.47293e-05
78150.00 -8.47922e-05
78200.00 -8.48126e-05
78250.00 -8.46009e-05
78300.00 -8.48746e-05
78350.00 -8.50137e-05
78400.00 -8.47594e-05
78450.00 -8.48153e-05
78500.00 -8.5033e-05
78550.00 -8.48527e-05
78600.00 -8.46824e-05
78650.00 -8.49689e-05
78700.00 -8.49211e-05
78750.00 -8.48824e-05
78800.00 -8.51587e-05
78850.00 -8.53402e-05
78900.00 -8.54394e-05
78950.00 -8.57469e-05
79000.00 -8.60433e-05
79050.00 -8.6228e-05
79100.00 -8.64194e-05
79150.00 -8.65811e-05
79200.00 -8.65615e-05
79250.00 -8.65944e-05
79300.00 -8.67374e-05
79350.00 -8.67217e-05
79400.00 -8.69978e-05
79450.00 -8.69191e-05
79500.00 -8.66413e-05
79550.00 -8.66499e-05
79600.00 -8.69549e-05
79650.00 -8.69759e-05
79700.00 -8.69253e-05
79750.00 -8.72882e-05
79800.00 -8.74105e-05
79850.00 -8.75019e-05
79900.00 -8.73465e-05
79950.00 -8.72002e-05
80000.00 -8.7206e-05
80050.00 -8.70403e-05
80100.00 -8.69826e-05
80150.00 -8.72695e-05
80200.00 -8.75613e-05
80250.00 -8.73573e-05
80300.00 -8.70499e-05
80350.00 -8.70325e-05
80400.00 -8.70197e-05
80450.00 -8.68621e-05
80500.00 -8.63634e-05
80550.00 -8.60814e-05
80600.00 -8.59973e-05
80650.00 -8.62995e-05
80700.00 -8.70798e-05
80750.00 -8.72417e-05
80800.00 -8.6941e-05
80850.00 -8.67588e-05
80900.00 -8.70427e-05
80950.00 -8.74646e-05
81000.00 -8.75682e-05
81050.00 -8.7477e-05
81100.00 -8.76566e-05
81150.00 -8.77378e-05
81200.00 -8.73986e-05
81250.00 -8.65114e-05
81300.00 -8.61111e-05
81350.00 -8.6136e-05
81400.00 -8.60065e-05
81450.00 -8.60144e-05
81500.00 -8.59977e-05
81550.00 -8.63702e-05
81600.00 -8.67475e-05
81650.00 -8.68484e-05
81700.00 -8.70153e-05
81750.00 -8.65146e-05
81800.00 -8.64352e-05
81850.00 -8.71461e-05
81900.00 -8.74001e-05
81950.00 -8.76578e-05
82000.00 -8.81215e-05
82050.00 -8.80212e-05
82100.00 -8.76085e-05
82150.00 -8.75783e-05
82200.00 -8.74368e-05
82250.00 -8.7539e-05
82300.00 -8.75021e-05
82350.00 -8.72941e-05
82400.00 -8.74087e-05
82450.00 -8.7639e-05
82500.00 -8.78791e-05
82550.00 -8.77845e-05
82600.00 -8.77268e-05
82650.00 -8.78919e-05
82700.00 -8.77298e-05
82750.00 -8.76275e-05
82800.00 -8.75394e-05
82850.00 -8.74641e-05
82900.00 -8.76823e-05
82950.00 -8.78508e-05
83000.00 -8.78047e-05
83050.00 -8.78714e-05
83100.00 -8.81789e-05
83150.00 -8.81173e-05
83200.00 -8.81707e-05
83250.00 -8.84017e-05
83300.00 -8.82858e-05
83350.00 -8.83259e-05
83400.00 -8.84768e-05
83450.00 -8.86293e-05
83500.00 -8.89217e-05
83550.00 -8.94099e-05
83600.00 -8.97128e-05
83650.00 -8.98201e-05
83700.00 -8.94985e-05
83750.00 -8.89039e-05
83800.00 -8.84389e-05
83850.00 -8.79985e-05
83900.00 -8.81593e-05
83950.00 -8.82069e-05
84000.00 -8.80409e-05
84050.00 -8.84617e-05
84100.00 -8.89593e-05
84150.00 -8.86598e-05
84200.00 -8.84816e-05
84250.00 -8.8912e-05
84300.00 -8.91385e-05
84350.00 -8.8991e-05
84400.00 -8.89675e-05
84450.00 -8.95109e-05
84500.00 -8.97511e-05
84550.00 -8.98331e-05
84600.00 -8.98031e-05
84650.00 -8.95925e-05
84700.00 -8.91556e-05
84750.00 -8.85633e-05
84800.00 -8.88663e-05
84850.00 -8.96196e-05
84900.00 -8.96388e-05
84950.00 -8.9478e-05
85000.00 -8.94469e-05
85050.00 -8.98015e-05
85100.00 -8.99653e-05
85150.00 -8.97476e-05
85200.00 -8.99853e-05
85250.00 -8.96359e-05
85300.00 -8.93113e-05
85350.00 -8.9581e-05
85400.00 -8.95673e-05
85450.00 -8.91731e-05
85500.00 -8.8887e-05
85550.00 -8.87511e-05
85600.00 -8.8555e-05
85650.00 -8.8521e-05
85700.00 -8.86592e-05
85750.00 -8.86583e-05
85800.00 -8.86889e-05
85850.00 -8.85426e-05
85900.00 -8.84027e-05
85950.00 -8.86821e-05
86000.00 -8.89113e-05
86050.00 -8.94514e-05
86100.00 -8.97887e-05
86150.00 -8.93581e-05
86200.00 -8.93956e-05
86250.00 -8.94692e-05
86300.00 -8.94038e-05
86350.00 -8.96139e-05
86400.00 -8.96258e-05
86450.00 -8.95764e-05
86500.00 -8.9112e-05
86550.00 -8.87475e-05
86600.00 -8.87284e-05
86650.00 -8.89105e-05
86700.00 -8.93643e-05
86750.00 -8.97864e-05
86800.00 -8.97422e-05
86850.00 -8.95167e-05
86900.00 -8.93096e-05
86950.00 -8.89376e-05
87000.00 -8.86761e-05
87050.00 -8.86098e-05
87100.00 -8.85978e-05
87150.00 -8.87751e-05
87200.00 -8.89643e-05
87250.00 -8.91659e-05
87300.00 -8.96967e-05
87350.00 -8.99413e-05
87400.00 -9.00156e-05
87450.00 -9.01142e-05
87500.00 -9.00827e-05
87550.00 -8.99508e-05
87600.00 -9.01872e-05
87650.00 -9.03997e-05
87700.00 -9.04941e-05
87750.00 -9.06908e-05
87800.00 -9.09208e-05
87850.00 -9.09928e-05
87900.00 -9.04875e-05
87950.00 -9.03179e-05
88000.00 -9.04772e-05
88050.00 -9.05413e-05
88100.00 -9.04238e-05
88150.00 -9.03951e-05
88200.00 -9.04575e-05
88250.00 -9.03064e-05
88300.00 -8.99135e-05
88350.00 -8.96216e-05
88400.00 -8.97087e-05
88450.00 -8.99591e-05
88500.00 -8.95793e-05
88550.00 -8.92668e-05
88600.00 -8.98561e-05
88650.00 -8.99182e-05
88700.00 -8.93166e-05
88750.00 -8.90493e-05
88800.00 -8.9467e-05
88850.00 -8.95435e-05
88900.00 -8.97776e-05
88950.00 -9.04669e-05
89000.00 -9.0974e-05
89050.00 -9.09933e-05
89100.00 -9.07049e-05
89150.00 -9.03816e-05
89200.00 -9.02949e-05
89250.00 -9.0154e-05
89300.00 -8.94251e-05
89350.00 -8.88957e-05
89400.00 -8.87544e-05
89450.00 -8.91566e-05
89500.00 -8.956e-05
89550.00 -8.98792e-05
89600.00 -8.99576e-05
89650.00 -8.95736e-05
89700.00 -8.96963e-05
89750.00 -9.03935e-05
89800.00 -9.12017e-05
89850.00 -9.14429e-05
89900.00 -9.1527e-05
89950.00 -9.16236e-05
90000.00 -9.16107e-05
90050.00 -9.16795e-05
90100.00 -9.15657e-05
90150.00 -9.15706e-05
90200.00 -9.17411e-05
90250.00 -9.19059e-05
90300.00 -9.1859e-05
90350.00 -9.15984e-05
90400.00 -9.11813e-05
90450.00 -9.08606e-05
90500.00 -9.07971e-05
90550.00 -9.10805e-05
90600.00 -9.14004e-05
90650.00 -9.14171e-05
90700.00 -9.13304e-05
90750.00 -9.13255e-05
90800.00 -9.13694e-05
90850.00 -9.11258e-05
90900.00 -9.09548e-05
90950.00 -9.11775e-05
91000.00 -9.09701e-05
91050.00 -9.02395e-05
91100.00 -9.00812e-05
91150.00 -9.03252e-05
91200.00 -9.04051e-05
91250.00 -9.05654e-05
91300.00 -9.06414e-05
91350.00 -9.0486e-05
91400.00 -9.04482e-05
91450.00 -9.04401e-05
91500.00 -9.04003e-05
91550.00 -9.00945e-05
91600.00 -8.99356e-05
91650.00 -9.06046e-05
91700.00 -9.10699e-05
91750.00 -9.04978e-05
91800.00 -9.00423e-05
91850.00 -9.04515e-05
91900.00 -9.0542e-05
91950.00 -9.02654e-05
92000.00 -9.00215e-05
92050.00 -9.01309e-05
92100.00 -9.05555e-05
92150.00 -9.04582e-05
92200.00 -9.02785e-05
92250.00 -9.0134e-05
92300.00 -8.99786e-05
92350.00 -9.01078e-05
92400.00 -9.02155e-05
92450.00 -9.04546e-05
92500.00 -9.0518e-05
92550.00 -9.06019e-05
92600.00 -9.07059e-05
92650.00 -9.09989e-05
92700.00 -9.15747e-05
92750.00 -9.16531e-05
92800.00 -9.13829e-05
92850.00 -9.1202e-05
92900.00 -9.13524e-05
92950.00 -9.16602e-05
93000.00 -9.18647e-05
93050.00 -9.20418e-05
93100.00 -9.2054e-05
93150.00 -9.20794e-05
93200.00 -9.16987e-05
93250.00 -9.14738e-05
93300.00 -9.18753e-05
93350.00 -9.20051e-05
93400.00 -9.21852e-05
93450.00 -9.20928e-05
93500.00 -9.22203e-05
93550.00 -9.20165e-05
93600.00 -9.20265e-05
93650.00 -9.26587e-05
93700.00 -9.25436e-05
93750.00 -9.26731e-05
93800.00 -9.31092e-05
93850.00 -9.33959e-05
93900.00 -9.36128e-05
93950.00 -9.3637e-05
94000.00 -9.33703e-05
94050.00 -9.33909e-05
94100.00 -9.36584e-05
94150.00 -9.38003e-05
94200.00 -9.39592e-05
94250.00 -9.40599e-05
94300.00 -9.3748e-05
94350.00 -9.37631e-05
94400.00 -9.40462e-05
94450.00 -9.40684e-05
94500.00 -9.38928e-05
94550.00 -9.36985e-05
94600.00 -9.39198e-05
94650.00 -9.42585e-05
94700.00 -9.46844e-05
94750.00 -9.48646e-05
94800.00 -9.47792e-05
94850.00 -9.4546e-05
94900.00 -9.41241e-05
94950.00 -9.36889e-05
95000.00 -9.34554e-05
95050.00 -9.34579e-05
95100.00 -9.35594e-05
95150.00 -9.34023e-05
95200.00 -9.34311e-05
95250.00 -9.38772e-05
95300.00 -9.42623e-05
95350.00 -9.43926e-05
95400.00 -9.42695e-05
95450.00 -9.43261e-05
95500.00 -9.48051e-05
95550.00 -9.52952e-05
95600.00 -9.54417e-05
95650.00 -9.54335e-05
95700.00 -9.54682e-05
95750.00 -9.56213e-05
95800.00 -9.55247e-05
95850.00 -9.57667e-05
95900.00 -9.61502e-05
95950.00 -9.62894e-05
96000.00 -9.62612e-05
96050.00 -9.61134e-05
96100.00 -9.60142e-05
96150.00 -9.58555e-05
96200.00 -9.59341e-05
96250.00 -9.60113e-05
96300.00 -9.62969e-05
96350.00 -9.62612e-05
96400.00 -9.59174e-05
96450.00 -9.59659e-05
96500.00 -9.63383e-05
96550.00 -9.68681e-05
96600.00 -9.72347e-05
96650.00 -9.72424e-05
96700.00 -9.72883e-05
96750.00 -9.74397e-05
96800.00 -9.79116e-05
96850.00 -9.82996e-05
96900.00 -9.78464e-05
96950.00 -9.77105e-05
97000.00 -9.79373e-05
97050.00 -9.81238e-05
97100.00 -9.80056e-05
97150.00 -9.74087e-05
97200.00 -9.71764e-05
97250.00 -9.71405e-05
97300.00 -9.69938e-05
97350.00 -9.72854e-05
97400.00 -9.74536e-05
97450.00 -9.79455e-05
97500.00 -9.88785e-05
97550.00 -9.92378e-05
97600.00 -9.92805e-05
97650.00 -9.93831e-05
97700.00 -9.92326e-05
97750.00 -9.89578e-05
97800.00 -9.89579e-05
97850.00 -9.89039e-05
97900.00 -9.90452e-05
97950.00 -9.93023e-05
98000.00 -9.91474e-05
98050.00 -9.88337e-05
98100.00 -9.85609e-05
98150.00 -9.80977e-05
98200.00 -9.79568e-05
98250.00 -9.79952e-05
98300.00 -9.77128e-05
98350.00 -9.74439e-05
98400.00 -9.72965e-05
98450.00 -9.7699e-05
98500.00 -9.80226e-05
98550.00 -9.76355e-05
98600.00 -9.74326e-05
98650.00 -9.75683e-05
98700.00 -9.77694e-05
98750.00 -9.77122e-05
98800.00 -9.78329e-05
98850.00 -9.80346e-05
98900.00 -9.77159e-05
98950.00 -9.76302e-05
99000.00 -9.77503e-05
99050.00 -9.79082e-05
99100.00 -9.81193e-05
99150.00 -9.80321e-05
99200.00 -9.82075e-05
99250.00 -9.80652e-05
99300.00 -9.76809e-05
99350.00 -9.80565e-05
99400.00 -9.80885e-05
99450.00 -9.77357e-05
99500.00 -9.78841e-05
99550.00 -9.79218e-05
99600.00 -9.76821e-05
99650.00 -9.79095e-05
99700.00 -9.79101e-05
99750.00 -9.76544e-05
99800.00 -9.80587e-05
99850.00 -9.85639e-05
99900.00 -9.87834e-05
