50.00 -1.62748e-07
100.00 -1.7818e-07
150.00 -2.94603e-07
200.00 -6.24155e-07
250.00 -4.8379e-07
300.00 -3.93677e-07
350.00 -3.22909e-07
400.00 -3.9573e-07
450.00 -4.99485e-07
500.00 -8.21952e-07
550.00 -1.45676e-06
600.00 -1.6232e-06
650.00 -1.24216e-06
700.00 -1.35555e-06
750.00 -1.69751e-06
800.00 -1.67917e-06
850.00 -2.06938e-06
900.00 -2.20895e-06
950.00 -1.66329e-06
1000.00 -1.33998e-06
1050.00 -1.02506e-06
1100.00 -9.4971e-07
1150.00 -1.17784e-06
1200.00 -1.2348e-06
1250.00 -1.01025e-06
1300.00 -9.94667e-07
1350.00 -1.41482e-06
1400.00 -1.37042e-06
1450.00 -1.22128e-06
1500.00 -1.56974e-06
1550.00 -1.88948e-06
1600.00 -1.95522e-06
1650.00 -1.98642e-06
1700.00 -1.96325e-06
1750.00 -1.89057e-06
1800.00 -1.77211e-06
1850.00 -1.75396e-06
1900.00 -2.02959e-06
1950.00 -2.19223e-06
2000.00 -2.19655e-06
2050.00 -2.25351e-06
2100.00 -1.76392e-06
2150.00 -1.73398e-06
2200.00 -2.42233e-06
2250.00 -2.58557e-06
2300.00 -2.88845e-06
2350.00 -3.06198e-06
2400.00 -3.31499e-06
2450.00 -3.42754e-06
2500.00 -3.00507e-06
2550.00 -3.01618e-06
2600.00 -2.91706e-06
2650.00 -2.8703e-06
2700.00 -3.28181e-06
2750.00 -4.03708e-06
2800.00 -4.71352e-06
2850.00 -4.75786e-06
2900.00 -4.37593e-06
2950.00 -3.89142e-06
3000.00 -3.77432e-06
3050.00 -3.94915e-06
3100.00 -4.14145e-06
3150.00 -4.46325e-06
3200.00 -4.6495e-06
3250.00 -5.02821e-06
3300.00 -5.50836e-06
3350.00 -5.23301e-06
3400.00 -4.66112e-06
3450.00 -4.9389e-06
3500.00 -5.32911e-06
3550.00 -4.82472e-06
3600.00 -4.24947e-06
3650.00 -4.09469e-06
3700.00 -4.02151e-06
3750.00 -3.86538e-06
3800.00 -3.88985e-06
3850.00 -4.02751e-06
3900.00 -4.10616e-06
3950.00 -3.98567e-06
4000.00 -4.102e-06
4050.00 -4.38764e-06
4100.00 -4.19623e-06
4150.00 -4.06177e-06
4200.00 -4.32861e-06
4250.00 -5.00973e-06
4300.00 -5.36443e-06
4350.00 -5.28748e-06
4400.00 -5.64704e-06
4450.00 -5.82844e-06
4500.00 -5.67972e-06
4550.00 -5.74222e-06
4600.00 -5.9192e-06
4650.00 -6.34086e-06
4700.00 -6.80851e-06
4750.00 -7.20059e-06
4800.00 -7.30018e-06
4850.00 -7.24561e-06
4900.00 -7.32342e-06
4950.00 -7.03939e-06
5000.00 -6.57218e-06
5050.00 -6.62225e-06
5100.00 -7.04064e-06
5150.00 -7.1063e-06
5200.00 -6.62089e-06
5250.00 -6.20882e-06
5300.00 -6.07827e-06
5350.00 -6.07086e-06
5400.00 -6.23211e-06
5450.00 -6.63644e-06
5500.00 -6.86569e-06
5550.00 -6.95007e-06
5600.00 -7.37588e-06
5650.00 -7.9079e-06
5700.00 -8.19669e-06
5750.00 -8.65161e-06
5800.00 -8.89178e-06
5850.00 -8.58815e-06
5900.00 -8.0861e-06
5950.00 -7.52007e-06
6000.00 -7.26476e-06
6050.00 -7.12941e-06
6100.00 -7.05955e-06
6150.00 -7.1369e-06
6200.00 -7.12517e-06
6250.00 -6.80505e-06
6300.00 -6.82569e-06
6350.00 -6.93027e-06
6400.00 -6.88205e-06
6450.00 -6.59409e-06
6500.00 -6.12094e-06
6550.00 -6.28698e-06
6600.00 -6.99796e-06
6650.00 -7.48509e-06
6700.00 -7.70173e-06
6750.00 -7.56053e-06
6800.00 -7.33036e-06
6850.00 -7.27782e-06
6900.00 -7.10012e-06
6950.00 -7.00675e-06
7000.00 -7.20217e-06
7050.00 -7.60826e-06
7100.00 -7.81489e-06
7150.00 -7.66537e-06
7200.00 -7.86745e-06
7250.00 -8.03823e-06
7300.00 -8.22819e-06
7350.00 -8.36778e-06
7400.00 -8.30448e-06
7450.00 -8.59284e-06
7500.00 -8.7224e-06
7550.00 -9.15489e-06
7600.00 -9.56371e-06
7650.00 -9.83203e-06
7700.00 -9.78268e-06
7750.00 -9.57527e-06
7800.00 -9.92095e-06
7850.00 -1.02001e-05
7900.00 -1.02607e-05
7950.00 -1.01155e-05
8000.00 -1.00599e-05
8050.00 -1.00493e-05
8100.00 -1.00747e-05
8150.00 -1.02945e-05
8200.00 -1.03321e-05
8250.00 -9.94294e-06
8300.00 -9.6666e-06
8350.00 -9.83855e-06
8400.00 -9.81261e-06
8450.00 -9.63561e-06
8500.00 -9.57283e-06
8550.00 -9.31605e-06
8600.00 -9.54415e-06
8650.00 -9.60174e-06
8700.00 -9.25421e-06
8750.00 -9.26749e-06
8800.00 -9.13542e-06
8850.00 -9.31607e-06
8900.00 -9.52625e-06
8950.00 -9.4148e-06
9000.00 -9.39512e-06
9050.00 -9.36124e-06
9100.00 -9.23966e-06
9150.00 -9.82073e-06
9200.00 -1.04266e-05
9250.00 -1.06912e-05
9300.00 -1.0977e-05
9350.00 -1.11022e-05
9400.00 -1.13575e-05
9450.00 -1.16451e-05
9500.00 -1.16503e-05
9550.00 -1.14688e-05
9600.00 -1.1466e-05
9650.00 -1.18294e-05
9700.00 -1.22552e-05
9750.00 -1.20768e-05
9800.00 -1.20473e-05
9850.00 -1.25832e-05
9900.00 -1.29059e-05
9950.00 -1.30005e-05
10000.00 -1.29991e-05
10050.00 -1.31836e-05
10100.00 -1.33681e-05
10150.00 -1.32395e-05
10200.00 -1.31085e-05
10250.00 -1.33947e-05
10300.00 -1.38196e-05
10350.00 -1.41315e-05
10400.00 -1.42602e-05
10450.00 -1.42657e-05
10500.00 -1.43066e-05
10550.00 -1.42493e-05
10600.00 -1.42855e-05
10650.00 -1.43892e-05
10700.00 -1.44556e-05
10750.00 -1.44637e-05
10800.00 -1.44291e-05
10850.00 -1.44929e-05
10900.00 -1.49278e-05
10950.00 -1.50445e-05
11000.00 -1.46954e-05
11050.00 -1.44397e-05
11100.00 -1.39452e-05
11150.00 -1.37532e-05
11200.00 -1.37537e-05
11250.00 -1.3843e-05
11300.00 -1.37699e-05
11350.00 -1.33486e-05
11400.00 -1.36187e-05
11450.00 -1.4136e-05
11500.00 -1.44169e-05
11550.00 -1.46392e-05
11600.00 -1.45744e-05
11650.00 -1.45195e-05
11700.00 -1.46897e-05
11750.00 -1.45261e-05
11800.00 -1.43798e-05
11850.00 -1.48926e-05
11900.00 -1.54445e-05
11950.00 -1.55028e-05
12000.00 -1.54319e-05
12050.00 -1.56082e-05
12100.00 -1.55049e-05
12150.00 -1.54956e-05
12200.00 -1.60147e-05
12250.00 -1.614e-05
12300.00 -1.61711e-05
12350.00 -1.63451e-05
12400.00 -1.63484e-05
12450.00 -1.65952e-05
12500.00 -1.68014e-05
12550.00 -1.6623e-05
12600.00 -1.63331e-05
12650.00 -1.62725e-05
12700.00 -1.66943e-05
12750.00 -1.71705e-05
12800.00 -1.7397e-05
12850.00 -1.73032e-05
12900.00 -1.70234e-05
12950.00 -1.68777e-05
13000.00 -1.72047e-05
13050.00 -1.74799e-05
13100.00 -1.74153e-05
13150.00 -1.72976e-05
13200.00 -1.72253e-05
13250.00 -1.68678e-05
13300.00 -1.69326e-05
13350.00 -1.73043e-05
13400.00 -1.73846e-05
13450.00 -1.75311e-05
13500.00 -1.72753e-05
13550.00 -1.69445e-05
13600.00 -1.69188e-05
13650.00 -1.69448e-05
13700.00 -1.69507e-05
13750.00 -1.71165e-05
13800.00 -1.75834e-05
13850.00 -1.78416e-05
13900.00 -1.75472e-05
13950.00 -1.7169e-05
14000.00 -1.74279e-05
14050.00 -1.77557e-05
14100.00 -1.79118e-05
14150.00 -1.84217e-05
14200.00 -1.85443e-05
14250.00 -1.834e-05
14300.00 -1.84706e-05
14350.00 -1.85861e-05
14400.00 -1.86432e-05
14450.00 -1.86523e-05
14500.00 -1.86228e-05
14550.00 -1.87244e-05
14600.00 -1.8596e-05
14650.00 -1.83603e-05
14700.00 -1.79772e-05
14750.00 -1.78064e-05
14800.00 -1.78065e-05
14850.00 -1.79805e-05
14900.00 -1.81118e-05
14950.00 -1.79387e-05
15000.00 -1.78929e-05
15050.00 -1.77485e-05
15100.00 -1.72773e-05
15150.00 -1.73563e-05
15200.00 -1.79753e-05
15250.00 -1.79563e-05
15300.00 -1.81207e-05
15350.00 -1.86809e-05
15400.00 -1.8879e-05
15450.00 -1.87836e-05
15500.00 -1.8594e-05
15550.00 -1.81548e-05
15600.00 -1.79814e-05
15650.00 -1.80033e-05
15700.00 -1.79843e-05
15750.00 -1.82482e-05
15800.00 -1.86085e-05
15850.00 -1.89979e-05
15900.00 -1.9301e-05
15950.00 -1.94141e-05
16000.00 -1.90099e-05
16050.00 -1.86817e-05
16100.00 -1.87732e-05
16150.00 -1.94939e-05
16200.00 -2.0122e-05
16250.00 -1.98613e-05
16300.00 -1.97085e-05
16350.00 -1.97642e-05
16400.00 -1.9816e-05
16450.00 -2.00493e-05
16500.00 -1.99673e-05
16550.00 -2.01106e-05
16600.00 -2.01469e-05
16650.00 -1.96631e-05
16700.00 -1.96905e-05
16750.00 -2.01402e-05
16800.00 -2.04e-05
16850.00 -2.00549e-05
16900.00 -1.97962e-05
16950.00 -1.97768e-05
17000.00 -1.97635e-05
17050.00 -1.98509e-05
17100.00 -1.96431e-05
17150.00 -1.96875e-05
17200.00 -1.95804e-05
17250.00 -1.95065e-05
17300.00 -2.01892e-05
17350.00 -2.06622e-05
17400.00 -2.08423e-05
17450.00 -2.09156e-05
17500.00 -2.10838e-05
17550.00 -2.10423e-05
17600.00 -2.009e-05
17650.00 -1.95569e-05
17700.00 -2.03172e-05
17750.00 -2.08614e-05
17800.00 -2.06933e-05
17850.00 -2.02461e-05
17900.00 -1.99536e-05
17950.00 -1.98894e-05
18000.00 -1.95276e-05
18050.00 -1.90599e-05
18100.00 -1.88178e-05
18150.00 -1.92412e-05
18200.00 -1.98569e-05
18250.00 -2.04732e-05
18300.00 -2.10825e-05
18350.00 -2.10469e-05
18400.00 -2.09156e-05
18450.00 -2.08999e-05
18500.00 -2.06235e-05
18550.00 -2.02659e-05
18600.00 -2.00397e-05
18650.00 -2.01499e-05
18700.00 -2.03703e-05
18750.00 -2.0607e-05
18800.00 -2.07286e-05
18850.00 -2.0892e-05
18900.00 -2.09444e-05
18950.00 -2.09534e-05
19000.00 -2.09994e-05
19050.00 -2.08962e-05
19100.00 -2.08595e-05
19150.00 -2.05938e-05
19200.00 -2.0174e-05
19250.00 -2.01906e-05
19300.00 -2.05698e-05
19350.00 -2.08286e-05
19400.00 -2.11254e-05
19450.00 -2.18041e-05
19500.00 -2.23026e-05
19550.00 -2.24065e-05
19600.00 -2.27913e-05
19650.00 -2.29908e-05
19700.00 -2.26011e-05
19750.00 -2.23715e-05
19800.00 -2.25916e-05
19850.00 -2.27726e-05
19900.00 -2.24869e-05
19950.00 -2.21107e-05
20000.00 -2.20124e-05
20050.00 -2.21273e-05
20100.00 -2.25029e-05
20150.00 -2.26869e-05
20200.00 -2.24489e-05
20250.00 -2.26851e-05
20300.00 -2.31213e-05
20350.00 -2.27892e-05
20400.00 -2.25273e-05
20450.00 -2.29194e-05
20500.00 -2.32074e-05
20550.00 -2.29175e-05
20600.00 -2.27001e-05
20650.00 -2.2887e-05
20700.00 -2.31038e-05
20750.00 -2.30341e-05
20800.00 -2.26753e-05
20850.00 -2.26053e-05
20900.00 -2.27618e-05
20950.00 -2.26633e-05
21000.00 -2.25101e-05
21050.00 -2.23491e-05
21100.00 -2.22252e-05
21150.00 -2.20883e-05
21200.00 -2.23599e-05
21250.00 -2.28069e-05
21300.00 -2.29676e-05
21350.00 -2.29393e-05
21400.00 -2.29689e-05
21450.00 -2.26596e-05
21500.00 -2.22912e-05
21550.00 -2.27117e-05
21600.00 -2.30943e-05
21650.00 -2.34232e-05
21700.00 -2.36183e-05
21750.00 -2.36831e-05
21800.00 -2.35704e-05
21850.00 -2.33241e-05
21900.00 -2.33409e-05
21950.00 -2.33977e-05
22000.00 -2.36442e-05
22050.00 -2.38037e-05
22100.00 -2.36138e-05
22150.00 -2.35418e-05
22200.00 -2.40079e-05
22250.00 -2.45769e-05
22300.00 -2.52597e-05
22350.00 -2.59035e-05
22400.00 -2.61679e-05
22450.00 -2.62554e-05
22500.00 -2.57853e-05
22550.00 -2.51316e-05
22600.00 -2.5035e-05
22650.00 -2.4941e-05
22700.00 -2.50864e-05
22750.00 -2.54474e-05
22800.00 -2.55469e-05
22850.00 -2.56423e-05
22900.00 -2.54213e-05
22950.00 -2.55323e-05
23000.00 -2.57645e-05
23050.00 -2.57267e-05
23100.00 -2.6168e-05
23150.00 -2.65269e-05
23200.00 -2.61457e-05
23250.00 -2.59465e-05
23300.00 -2.57292e-05
23350.00 -2.57273e-05
23400.00 -2.62048e-05
23450.00 -2.62296e-05
23500.00 -2.65492e-05
23550.00 -2.66683e-05
23600.00 -2.64535e-05
23650.00 -2.65427e-05
23700.00 -2.67669e-05
23750.00 -2.70325e-05
23800.00 -2.72674e-05
23850.00 -2.71331e-05
23900.00 -2.69051e-05
23950.00 -2.68183e-05
24000.00 -2.68133e-05
24050.00 -2.65458e-05
24100.00 -2.64561e-05
24150.00 -2.67458e-05
24200.00 -2.6901e-05
24250.00 -2.68264e-05
24300.00 -2.63829e-05
24350.00 -2.59601e-05
24400.00 -2.59913e-05
24450.00 -2.65264e-05
24500.00 -2.70477e-05
24550.00 -2.70881e-05
24600.00 -2.6516e-05
24650.00 -2.624e-05
24700.00 -2.64791e-05
24750.00 -2.68606e-05
24800.00 -2.68062e-05
24850.00 -2.63141e-05
24900.00 -2.59287e-05
24950.00 -2.61738e-05
25000.00 -2.6681e-05
25050.00 -2.68997e-05
25100.00 -2.68808e-05
25150.00 -2.69398e-05
25200.00 -2.72152e-05
25250.00 -2.71941e-05
25300.00 -2.71305e-05
25350.00 -2.74869e-05
25400.00 -2.73728e-05
25450.00 -2.66214e-05
25500.00 -2.60362e-05
25550.00 -2.58848e-05
25600.00 -2.60721e-05
25650.00 -2.62095e-05
25700.00 -2.58984e-05
25750.00 -2.53886e-05
25800.00 -2.53827e-05
25850.00 -2.54783e-05
25900.00 -2.58892e-05
25950.00 -2.63993e-05
26000.00 -2.67072e-05
26050.00 -2.67677e-05
26100.00 -2.67783e-05
26150.00 -2.73099e-05
26200.00 -2.72211e-05
26250.00 -2.70841e-05
26300.00 -2.71899e-05
26350.00 -2.66099e-05
26400.00 -2.63817e-05
26450.00 -2.67568e-05
26500.00 -2.69495e-05
26550.00 -2.66427e-05
26600.00 -2.66017e-05
26650.00 -2.63716e-05
26700.00 -2.61014e-05
26750.00 -2.64157e-05
26800.00 -2.6909e-05
26850.00 -2.77104e-05
26900.00 -2.81026e-05
26950.00 -2.7975e-05
27000.00 -2.79156e-05
27050.00 -2.82595e-05
27100.00 -2.87798e-05
27150.00 -2.90712e-05
27200.00 -2.94683e-05
27250.00 -2.97536e-05
27300.00 -2.99908e-05
27350.00 -3.01146e-05
27400.00 -3.00721e-05
27450.00 -3.00698e-05
27500.00 -2.96437e-05
27550.00 -2.93077e-05
27600.00 -2.97572e-05
27650.00 -3.00232e-05
27700.00 -2.99065e-05
27750.00 -3.00394e-05
27800.00 -2.99484e-05
27850.00 -2.9624e-05
27900.00 -2.97057e-05
27950.00 -3.00933e-05
28000.00 -2.98942e-05
28050.00 -2.96975e-05
28100.00 -3.02134e-05
28150.00 -3.0546e-05
28200.00 -3.05281e-05
28250.00 -3.05535e-05
28300.00 -3.09762e-05
28350.00 -3.13104e-05
28400.00 -3.12127e-05
28450.00 -3.12078e-05
28500.00 -3.08325e-05
28550.00 -3.08549e-05
28600.00 -3.1139e-05
28650.00 -3.06274e-05
28700.00 -3.01684e-05
28750.00 -3.02793e-05
28800.00 -3.02597e-05
28850.00 -3.04326e-05
28900.00 -3.07517e-05
28950.00 -3.07503e-05
29000.00 -3.0734e-05
29050.00 -3.06674e-05
29100.00 -3.03946e-05
29150.00 -3.05544e-05
29200.00 -3.08945e-05
29250.00 -3.06715e-05
29300.00 -3.0507e-05
29350.00 -3.05805e-05
29400.00 -3.05723e-05
29450.00 -3.05083e-05
29500.00 -3.04445e-05
29550.00 -3.01687e-05
29600.00 -3.01999e-05
29650.00 -3.02167e-05
29700.00 -3.02573e-05
29750.00 -3.04292e-05
29800.00 -3.05575e-05
29850.00 -3.11564e-05
29900.00 -3.14231e-05
29950.00 -3.14182e-05
30000.00 -3.13924e-05
30050.00 -3.1141e-05
30100.00 -3.12573e-05
30150.00 -3.14444e-05
30200.00 -3.17116e-05
30250.00 -3.16459e-05
30300.00 -3.15096e-05
30350.00 -3.17634e-05
30400.00 -3.19884e-05
30450.00 -3.22674e-05
30500.00 -3.17433e-05
30550.00 -3.15032e-05
30600.00 -3.20524e-05
30650.00 -3.20502e-05
30700.00 -3.20645e-05
30750.00 -3.21252e-05
30800.00 -3.20503e-05
30850.00 -3.1506e-05
30900.00 -3.12061e-05
30950.00 -3.13542e-05
31000.00 -3.12429e-05
31050.00 -3.12654e-05
31100.00 -3.15403e-05
31150.00 -3.22368e-05
31200.00 -3.28044e-05
31250.00 -3.2958e-05
31300.00 -3.28646e-05
31350.00 -3.3163e-05
31400.00 -3.35347e-05
31450.00 -3.38673e-05
31500.00 -3.38305e-05
31550.00 -3.36268e-05
31600.00 -3.3446e-05
31650.00 -3.28398e-05
31700.00 -3.25969e-05
31750.00 -3.28293e-05
31800.00 -3.32751e-05
31850.00 -3.29162e-05
31900.00 -3.25395e-05
31950.00 -3.27539e-05
32000.00 -3.25863e-05
32050.00 -3.21585e-05
32100.00 -3.18211e-05
32150.00 -3.22919e-05
32200.00 -3.25987e-05
32250.00 -3.2143e-05
32300.00 -3.17672e-05
32350.00 -3.20239e-05
32400.00 -3.22273e-05
32450.00 -3.17741e-05
32500.00 -3.18377e-05
32550.00 -3.20795e-05
32600.00 -3.23877e-05
32650.00 -3.25052e-05
32700.00 -3.22252e-05
32750.00 -3.22391e-05
32800.00 -3.23464e-05
32850.00 -3.25745e-05
32900.00 -3.27585e-05
32950.00 -3.234e-05
33000.00 -3.19712e-05
33050.00 -3.18213e-05
33100.00 -3.14602e-05
33150.00 -3.14771e-05
33200.00 -3.19567e-05
33250.00 -3.24945e-05
33300.00 -3.26252e-05
33350.00 -3.24342e-05
33400.00 -3.26804e-05
33450.00 -3.27255e-05
33500.00 -3.24363e-05
33550.00 -3.26172e-05
33600.00 -3.295e-05
33650.00 -3.32187e-05
33700.00 -3.32483e-05
33750.00 -3.31246e-05
33800.00 -3.29863e-05
33850.00 -3.28978e-05
33900.00 -3.28361e-05
33950.00 -3.30904e-05
34000.00 -3.35948e-05
34050.00 -3.375e-05
34100.00 -3.36944e-05
34150.00 -3.35549e-05
34200.00 -3.35877e-05
34250.00 -3.36849e-05
34300.00 -3.34984e-05
34350.00 -3.34849e-05
34400.00 -3.39016e-05
34450.00 -3.43508e-05
34500.00 -3.4228e-05
34550.00 -3.39592e-05
34600.00 -3.38918e-05
34650.00 -3.35313e-05
34700.00 -3.31987e-05
34750.00 -3.33626e-05
34800.00 -3.38407e-05
34850.00 -3.45855e-05
34900.00 -3.53137e-05
34950.00 -3.55737e-05
35000.00 -3.5533e-05
35050.00 -3.51399e-05
35100.00 -3.46424e-05
35150.00 -3.45286e-05
35200.00 -3.43597e-05
35250.00 -3.43722e-05
35300.00 -3.46891e-05
35350.00 -3.43985e-05
35400.00 -3.42474e-05
35450.00 -3.44979e-05
35500.00 -3.45942e-05
35550.00 -3.47081e-05
35600.00 -3.4843e-05
35650.00 -3.46034e-05
35700.00 -3.45681e-05
35750.00 -3.49137e-05
35800.00 -3.47159e-05
35850.00 -3.46094e-05
35900.00 -3.47583e-05
35950.00 -3.4377e-05
36000.00 -3.46593e-05
36050.00 -3.53437e-05
36100.00 -3.5363e-05
36150.00 -3.5439e-05
36200.00 -3.57715e-05
36250.00 -3.60271e-05
36300.00 -3.58872e-05
36350.00 -3.58051e-05
36400.00 -3.57358e-05
36450.00 -3.55626e-05
36500.00 -3.54872e-05
36550.00 -3.55758e-05
36600.00 -3.58669e-05
36650.00 -3.57237e-05
36700.00 -3.54319e-05
36750.00 -3.57305e-05
36800.00 -3.61813e-05
36850.00 -3.64346e-05
36900.00 -3.67441e-05
36950.00 -3.69423e-05
37000.00 -3.68366e-05
37050.00 -3.6846e-05
37100.00 -3.6961e-05
37150.00 -3.71679e-05
37200.00 -3.70391e-05
37250.00 -3.68896e-05
37300.00 -3.66237e-05
37350.00 -3.65191e-05
37400.00 -3.67082e-05
37450.00 -3.62419e-05
37500.00 -3.61186e-05
37550.00 -3.61737e-05
37600.00 -3.58685e-05
37650.00 -3.58129e-05
37700.00 -3.60295e-05
37750.00 -3.61971e-05
37800.00 -3.63781e-05
37850.00 -3.69072e-05
37900.00 -3.73155e-05
37950.00 -3.71735e-05
38000.00 -3.72231e-05
38050.00 -3.76934e-05
38100.00 -3.80788e-05
38150.00 -3.84367e-05
38200.00 -3.85505e-05
38250.00 -3.87327e-05
38300.00 -3.90641e-05
38350.00 -3.9043e-05
38400.00 -3.90966e-05
38450.00 -3.89234e-05
38500.00 -3.89649e-05
38550.00 -3.94049e-05
38600.00 -3.94487e-05
38650.00 -3.92174e-05
38700.00 -3.8976e-05
38750.00 -3.92014e-05
38800.00 -3.93919e-05
38850.00 -3.89562e-05
38900.00 -3.88229e-05
38950.00 -3.90981e-05
39000.00 -3.89948e-05
39050.00 -3.91677e-05
39100.00 -3.90599e-05
39150.00 -3.8946e-05
39200.00 -3.92789e-05
39250.00 -3.92389e-05
39300.00 -3.92507e-05
39350.00 -3.93851e-05
39400.00 -3.95121e-05
39450.00 -3.96338e-05
39500.00 -4.00037e-05
39550.00 -3.97871e-05
39600.00 -3.94549e-05
39650.00 -3.9389e-05
39700.00 -3.90758e-05
39750.00 -3.88054e-05
39800.00 -3.84836e-05
39850.00 -3.80477e-05
39900.00 -3.78484e-05
39950.00 -3.79485e-05
40000.00 -3.8066e-05
40050.00 -3.83225e-05
40100.00 -3.87959e-05
40150.00 -3.91478e-05
40200.00 -3.87884e-05
40250.00 -3.83987e-05
40300.00 -3.87297e-05
40350.00 -3.92661e-05
40400.00 -3.96691e-05
40450.00 -3.94828e-05
40500.00 -3.90914e-05
40550.00 -3.90828e-05
40600.00 -3.89473e-05
40650.00 -3.90186e-05
40700.00 -3.89893e-05
40750.00 -3.85027e-05
40800.00 -3.82973e-05
40850.00 -3.84469e-05
40900.00 -3.85038e-05
40950.00 -3.82963e-05
41000.00 -3.8256e-05
41050.00 -3.89119e-05
41100.00 -3.95244e-05
41150.00 -3.9746e-05
41200.00 -4.00302e-05
41250.00 -4.00727e-05
41300.00 -3.99063e-05
41350.00 -3.97865e-05
41400.00 -3.98509e-05
41450.00 -3.96724e-05
41500.00 -3.94119e-05
41550.00 -3.89077e-05
41600.00 -3.86043e-05
41650.00 -3.89271e-05
41700.00 -3.8913e-05
41750.00 -3.91688e-05
41800.00 -3.93242e-05
41850.00 -3.92687e-05
41900.00 -3.90998e-05
41950.00 -3.9087e-05
42000.00 -3.9414e-05
42050.00 -3.91898e-05
42100.00 -3.90372e-05
42150.00 -3.89893e-05
42200.00 -3.89362e-05
42250.00 -3.90482e-05
42300.00 -3.90912e-05
42350.00 -3.93543e-05
42400.00 -3.94282e-05
42450.00 -3.89667e-05
42500.00 -3.88124e-05
42550.00 -3.8996e-05
42600.00 -3.90923e-05
42650.00 -3.8883e-05
42700.00 -3.87388e-05
42750.00 -3.91317e-05
42800.00 -3.95946e-05
42850.00 -3.97962e-05
42900.00 -3.96211e-05
42950.00 -3.96425e-05
43000.00 -3.99043e-05
43050.00 -3.99525e-05
43100.00 -3.99585e-05
43150.00 -3.99572e-05
43200.00 -3.98225e-05
43250.00 -3.96098e-05
43300.00 -3.95944e-05
43350.00 -3.95151e-05
43400.00 -3.93653e-05
43450.00 -3.96973e-05
43500.00 -4.004e-05
43550.00 -3.98884e-05
43600.00 -3.97568e-05
43650.00 -3.97978e-05
43700.00 -3.95846e-05
43750.00 -3.97585e-05
43800.00 -4.027e-05
43850.00 -4.03714e-05
43900.00 -4.05585e-05
43950.00 -4.0855e-05
44000.00 -4.07365e-05
44050.00 -4.04968e-05
44100.00 -4.05987e-05
44150.00 -4.0707e-05
44200.00 -4.02674e-05
44250.00 -4.02159e-05
44300.00 -4.03355e-05
44350.00 -4.02238e-05
44400.00 -4.04794e-05
44450.00 -4.05306e-05
44500.00 -4.03559e-05
44550.00 -4.01134e-05
44600.00 -4.00796e-05
44650.00 -4.04283e-05
44700.00 -4.09542e-05
44750.00 -4.16339e-05
44800.00 -4.22017e-05
44850.00 -4.25693e-05
44900.00 -4.26801e-05
44950.00 -4.25617e-05
45000.00 -4.27827e-05
45050.00 -4.27443e-05
45100.00 -4.24176e-05
45150.00 -4.22588e-05
45200.00 -4.19305e-05
45250.00 -4.21438e-05
45300.00 -4.23234e-05
45350.00 -4.20437e-05
45400.00 -4.20949e-05
45450.00 -4.23793e-05
45500.00 -4.29592e-05
45550.00 -4.31479e-05
45600.00 -4.30048e-05
45650.00 -4.25925e-05
45700.00 -4.18735e-05
45750.00 -4.17594e-05
45800.00 -4.21853e-05
45850.00 -4.27404e-05
45900.00 -4.30399e-05
45950.00 -4.29227e-05
46000.00 -4.25535e-05
46050.00 -4.25217e-05
46100.00 -4.29628e-05
46150.00 -4.34188e-05
46200.00 -4.34453e-05
46250.00 -4.35554e-05
46300.00 -4.349e-05
46350.00 -4.32542e-05
46400.00 -4.31884e-05
46450.00 -4.33217e-05
46500.00 -4.37643e-05
46550.00 -4.38015e-05
46600.00 -4.32694e-05
46650.00 -4.30888e-05
46700.00 -4.33618e-05
46750.00 -4.33164e-05
46800.00 -4.28843e-05
46850.00 -4.26415e-05
46900.00 -4.28654e-05
46950.00 -4.31523e-05
47000.00 -4.33332e-05
47050.00 -4.31056e-05
47100.00 -4.30755e-05
47150.00 -4.31875e-05
47200.00 -4.30358e-05
47250.00 -4.31689e-05
47300.00 -4.32705e-05
47350.00 -4.34654e-05
47400.00 -4.37205e-05
47450.00 -4.3861e-05
47500.00 -4.37532e-05
47550.00 -4.34451e-05
47600.00 -4.37188e-05
47650.00 -4.37642e-05
47700.00 -4.38663e-05
47750.00 -4.44662e-05
47800.00 -4.47185e-05
47850.00 -4.45776e-05
47900.00 -4.46608e-05
47950.00 -4.49367e-05
48000.00 -4.49957e-05
48050.00 -4.50634e-05
48100.00 -4.5583e-05
48150.00 -4.6197e-05
48200.00 -4.59396e-05
48250.00 -4.53054e-05
48300.00 -4.51279e-05
48350.00 -4.52004e-05
48400.00 -4.55299e-05
48450.00 -4.60734e-05
48500.00 -4.63442e-05
48550.00 -4.62955e-05
48600.00 -4.63485e-05
48650.00 -4.62479e-05
48700.00 -4.58212e-05
48750.00 -4.55929e-05
48800.00 -4.56297e-05
48850.00 -4.58811e-05
48900.00 -4.60879e-05
48950.00 -4.62497e-05
49000.00 -4.62887e-05
49050.00 -4.5886e-05
49100.00 -4.5663e-05
49150.00 -4.55934e-05
49200.00 -4.5281e-05
49250.00 -4.56337e-05
49300.00 -4.61658e-05
49350.00 -4.62165e-05
49400.00 -4.64121e-05
49450.00 -4.62981e-05
49500.00 -4.63203e-05
49550.00 -4.63992e-05
49600.00 -4.62729e-05
49650.00 -4.65968e-05
49700.00 -4.67502e-05
49750.00 -4.68077e-05
49800.00 -4.69271e-05
49850.00 -4.69516e-05
49900.00 -4.6683e-05
49950.00 -4.63237e-05
50000.00 -4.62288e-05
50050.00 -4.61641e-05
50100.00 -4.62076e-05
50150.00 -4.65017e-05
50200.00 -4.62989e-05
50250.00 -4.59134e-05
50300.00 -4.63191e-05
50350.00 -4.65542e-05
50400.00 -4.66191e-05
50450.00 -4.67474e-05
50500.00 -4.67098e-05
50550.00 -4.62635e-05
50600.00 -4.57893e-05
50650.00 -4.5991e-05
50700.00 -4.63093e-05
50750.00 -4.65862e-05
50800.00 -4.66798e-05
50850.00 -4.68299e-05
50900.00 -4.6812e-05
50950.00 -4.65637e-05
51000.00 -4.65207e-05
51050.00 -4.63822e-05
51100.00 -4.61345e-05
51150.00 -4.63745e-05
51200.00 -4.68688e-05
51250.00 -4.6629e-05
51300.00 -4.63636e-05
51350.00 -4.64413e-05
51400.00 -4.6756e-05
51450.00 -4.68442e-05
51500.00 -4.63169e-05
51550.00 -4.58531e-05
51600.00 -4.60003e-05
51650.00 -4.65047e-05
51700.00 -4.65673e-05
51750.00 -4.65588e-05
51800.00 -4.68111e-05
51850.00 -4.6687e-05
51900.00 -4.65684e-05
51950.00 -4.69743e-05
52000.00 -4.71457e-05
52050.00 -4.70265e-05
52100.00 -4.72249e-05
52150.00 -4.74669e-05
52200.00 -4.77986e-05
52250.00 -4.8086e-05
52300.00 -4.80627e-05
52350.00 -4.81901e-05
52400.00 -4.7823e-05
52450.00 -4.74867e-05
52500.00 -4.79743e-05
52550.00 -4.8623e-05
52600.00 -4.88626e-05
52650.00 -4.87835e-05
52700.00 -4.87358e-05
52750.00 -4.85966e-05
52800.00 -4.85733e-05
52850.00 -4.87605e-05
52900.00 -4.88314e-05
52950.00 -4.86535e-05
53000.00 -4.89098e-05
53050.00 -4.94228e-05
53100.00 -4.92997e-05
53150.00 -4.92796e-05
53200.00 -4.95543e-05
53250.00 -4.9556e-05
53300.00 -4.95304e-05
53350.00 -4.97086e-05
53400.00 -5.01203e-05
53450.00 -5.01871e-05
53500.00 -4.99494e-05
53550.00 -4.99416e-05
53600.00 -4.99093e-05
53650.00 -4.97616e-05
53700.00 -4.97496e-05
53750.00 -5.0277e-05
53800.00 -5.02694e-05
53850.00 -4.96767e-05
53900.00 -4.9758e-05
53950.00 -4.99971e-05
54000.00 -5.03977e-05
54050.00 -5.06416e-05
54100.00 -5.0762e-05
54150.00 -5.11439e-05
54200.00 -5.12615e-05
54250.00 -5.11817e-05
54300.00 -5.10111e-05
54350.00 -5.07006e-05
54400.00 -5.05377e-05
54450.00 -5.04475e-05
54500.00 -5.05205e-05
54550.00 -5.04896e-05
54600.00 -5.01343e-05
54650.00 -5.01588e-05
54700.00 -5.02983e-05
54750.00 -5.04493e-05
54800.00 -5.07807e-05
54850.00 -5.11207e-05
54900.00 -5.10445e-05
54950.00 -5.06359e-05
55000.00 -5.09025e-05
55050.00 -5.10558e-05
55100.00 -5.10288e-05
55150.00 -5.10916e-05
55200.00 -5.09473e-05
55250.00 -5.12441e-05
55300.00 -5.18657e-05
55350.00 -5.19987e-05
55400.00 -5.23233e-05
55450.00 -5.26121e-05
55500.00 -5.23611e-05
55550.00 -5.26837e-05
55600.00 -5.26832e-05
55650.00 -5.25499e-05
55700.00 -5.26561e-05
55750.00 -5.255e-05
55800.00 -5.25644e-05
55850.00 -5.30783e-05
55900.00 -5.31091e-05
55950.00 -5.27072e-05
56000.00 -5.21459e-05
56050.00 -5.2038e-05
56100.00 -5.27656e-05
56150.00 -5.26772e-05
56200.00 -5.23016e-05
56250.00 -5.24681e-05
56300.00 -5.25651e-05
56350.00 -5.22038e-05
56400.00 -5.20077e-05
56450.00 -5.17975e-05
56500.00 -5.14996e-05
56550.00 -5.1651e-05
56600.00 -5.18154e-05
56650.00 -5.17884e-05
56700.00 -5.19818e-05
56750.00 -5.22169e-05
56800.00 -5.23555e-05
56850.00 -5.23218e-05
56900.00 -5.25073e-05
56950.00 -5.28081e-05
57000.00 -5.2938e-05
57050.00 -5.28896e-05
57100.00 -5.25454e-05
57150.00 -5.2581e-05
57200.00 -5.30037e-05
57250.00 -5.32019e-05
57300.00 -5.34868e-05
57350.00 -5.33116e-05
57400.00 -5.296e-05
57450.00 -5.33399e-05
57500.00 -5.33511e-05
57550.00 -5.34313e-05
57600.00 -5.36661e-05
57650.00 -5.36052e-05
57700.00 -5.3828e-05
57750.00 -5.40637e-05
57800.00 -5.41256e-05
57850.00 -5.39281e-05
57900.00 -5.34665e-05
57950.00 -5.35471e-05
58000.00 -5.41937e-05
58050.00 -5.45628e-05
58100.00 -5.48128e-05
58150.00 -5.46684e-05
58200.00 -5.43043e-05
58250.00 -5.38904e-05
58300.00 -5.36185e-05
58350.00 -5.40006e-05
58400.00 -5.39778e-05
58450.00 -5.36462e-05
58500.00 -5.34994e-05
58550.00 -5.35503e-05
58600.00 -5.3406e-05
58650.00 -5.32464e-05
58700.00 -5.32412e-05
58750.00 -5.30817e-05
58800.00 -5.28201e-05
58850.00 -5.26503e-05
58900.00 -5.28785e-05
58950.00 -5.32646e-05
59000.00 -5.36736e-05
59050.00 -5.38184e-05
59100.00 -5.36026e-05
59150.00 -5.37366e-05
59200.00 -5.3927e-05
59250.00 -5.35487e-05
59300.00 -5.33672e-05
59350.00 -5.35346e-05
59400.00 -5.37082e-05
59450.00 -5.40907e-05
59500.00 -5.4276e-05
59550.00 -5.4506e-05
59600.00 -5.48427e-05
59650.00 -5.48832e-05
59700.00 -5.47907e-05
59750.00 -5.45038e-05
59800.00 -5.46364e-05
59850.00 -5.51037e-05
59900.00 -5.53209e-05
59950.00 -5.58005e-05
60000.00 -5.63146e-05
60050.00 -5.61545e-05
60100.00 -5.5793e-05
60150.00 -5.58849e-05
60200.00 -5.57649e-05
60250.00 -5.50196e-05
60300.00 -5.47427e-05
60350.00 -5.48999e-05
60400.00 -5.5014e-05
60450.00 -5.49791e-05
60500.00 -5.46407e-05
60550.00 -5.47197e-05
60600.00 -5.49438e-05
60650.00 -5.49382e-05
60700.00 -5.53243e-05
60750.00 -5.57155e-05
60800.00 -5.56988e-05
60850.00 -5.57349e-05
60900.00 -5.5736e-05
60950.00 -5.60539e-05
61000.00 -5.63417e-05
61050.00 -5.60895e-05
61100.00 -5.58292e-05
61150.00 -5.584e-05
61200.00 -5.55535e-05
61250.00 -5.53592e-05
61300.00 -5.5929e-05
61350.00 -5.59861e-05
61400.00 -5.59744e-05
61450.00 -5.61695e-05
61500.00 -5.62782e-05
61550.00 -5.64045e-05
61600.00 -5.6443e-05
61650.00 -5.65801e-05
61700.00 -5.69224e-05
61750.00 -5.7499e-05
61800.00 -5.73118e-05
61850.00 -5.72125e-05
61900.00 -5.74037e-05
61950.00 -5.75672e-05
62000.00 -5.78257e-05
62050.00 -5.73905e-05
62100.00 -5.71224e-05
62150.00 -5.73129e-05
62200.00 -5.72143e-05
62250.00 -5.69659e-05
62300.00 -5.72417e-05
62350.00 -5.72598e-05
62400.00 -5.74389e-05
62450.00 -5.78186e-05
62500.00 -5.76112e-05
62550.00 -5.74632e-05
62600.00 -5.81735e-05
62650.00 -5.8781e-05
62700.00 -5.87636e-05
62750.00 -5.87624e-05
62800.00 -5.88849e-05
62850.00 -5.90812e-05
62900.00 -5.92792e-05
62950.00 -5.965e-05
63000.00 -5.99716e-05
63050.00 -6.01141e-05
63100.00 -5.99878e-05
63150.00 -6.01309e-05
63200.00 -6.00619e-05
63250.00 -5.95472e-05
63300.00 -5.93864e-05
63350.00 -5.91345e-05
63400.00 -5.88895e-05
63450.00 -5.90928e-05
63500.00 -5.93848e-05
63550.00 -5.9617e-05
63600.00 -5.98341e-05
63650.00 -6.00261e-05
63700.00 -6.01252e-05
63750.00 -5.97533e-05
63800.00 -5.93837e-05
63850.00 -5.93686e-05
63900.00 -5.95264e-05
63950.00 -5.96306e-05
64000.00 -5.94978e-05
64050.00 -5.92433e-05
64100.00 -5.91157e-05
64150.00 -5.90137e-05
64200.00 -5.9051e-05
64250.00 -5.93987e-05
64300.00 -5.99846e-05
64350.00 -6.0345e-05
64400.00 -6.0321e-05
64450.00 -5.98934e-05
64500.00 -5.91746e-05
64550.00 -5.93086e-05
64600.00 -5.98027e-05
64650.00 -6.00233e-05
64700.00 -5.98123e-05
64750.00 -5.97825e-05
64800.00 -6.00281e-05
64850.00 -6.04033e-05
64900.00 -6.09174e-05
64950.00 -6.07665e-05
65000.00 -6.04862e-05
65050.00 -6.05946e-05
65100.00 -6.06264e-05
65150.00 -6.07304e-05
65200.00 -6.09994e-05
65250.00 -6.10441e-05
65300.00 -6.05436e-05
65350.00 -6.03649e-05
65400.00 -6.06665e-05
65450.00 -6.07593e-05
65500.00 -6.08219e-05
65550.00 -6.08437e-05
65600.00 -6.10454e-05
65650.00 -6.1081e-05
65700.00 -6.06479e-05
65750.00 -6.05336e-05
65800.00 -6.08247e-05
65850.00 -6.15594e-05
65900.00 -6.19175e-05
65950.00 -6.14263e-05
66000.00 -6.10471e-05
66050.00 -6.11598e-05
66100.00 -6.13542e-05
66150.00 -6.13989e-05
66200.00 -6.14957e-05
66250.00 -6.17828e-05
66300.00 -6.17425e-05
66350.00 -6.1298e-05
66400.00 -6.1377e-05
66450.00 -6.14451e-05
66500.00 -6.14462e-05
66550.00 -6.18459e-05
66600.00 -6.21721e-05
66650.00 -6.20184e-05
66700.00 -6.16754e-05
66750.00 -6.16901e-05
66800.00 -6.20594e-05
66850.00 -6.21395e-05
66900.00 -6.2231e-05
66950.00 -6.25078e-05
67000.00 -6.24911e-05
67050.00 -6.2527e-05
67100.00 -6.27347e-05
67150.00 -6.22756e-05
67200.00 -6.17645e-05
67250.00 -6.22901e-05
67300.00 -6.23439e-05
67350.00 -6.23514e-05
67400.00 -6.26611e-05
67450.00 -6.2434e-05
67500.00 -6.23024e-05
67550.00 -6.23873e-05
67600.00 -6.21442e-05
67650.00 -6.21562e-05
67700.00 -6.22017e-05
67750.00 -6.23673e-05
67800.00 -6.26293e-05
67850.00 -6.24959e-05
67900.00 -6.27165e-05
67950.00 -6.3004e-05
68000.00 -6.30424e-05
68050.00 -6.30843e-05
68100.00 -6.31126e-05
68150.00 -6.30331e-05
68200.00 -6.32586e-05
68250.00 -6.33911e-05
68300.00 -6.3697e-05
68350.00 -6.37497e-05
68400.00 -6.35248e-05
68450.00 -6.33599e-05
68500.00 -6.30695e-05
68550.00 -6.2903e-05
68600.00 -6.25885e-05
68650.00 -6.24624e-05
68700.00 -6.27567e-05
68750.00 -6.22999e-05
68800.00 -6.18513e-05
68850.00 -6.22995e-05
68900.00 -6.26731e-05
68950.00 -6.28534e-05
69000.00 -6.30432e-05
69050.00 -6.28753e-05
69100.00 -6.23772e-05
69150.00 -6.25375e-05
69200.00 -6.29113e-05
69250.00 -6.28773e-05
69300.00 -6.24975e-05
69350.00 -6.24312e-05
69400.00 -6.29251e-05
69450.00 -6.28706e-05
69500.00 -6.24805e-05
69550.00 -6.25484e-05
69600.00 -6.27606e-05
69650.00 -6.27965e-05
69700.00 -6.26671e-05
69750.00 -6.21295e-05
69800.00 -6.19346e-05
69850.00 -6.2059e-05
69900.00 -6.21134e-05
69950.00 -6.25719e-05
70000.00 -6.2766e-05
70050.00 -6.25998e-05
70100.00 -6.28494e-05
70150.00 -6.29695e-05
70200.00 -6.27703e-05
70250.00 -6.26165e-05
70300.00 -6.22851e-05
70350.00 -6.18356e-05
70400.00 -6.18208e-05
70450.00 -6.2007e-05
70500.00 -6.21095e-05
70550.00 -6.29453e-05
70600.00 -6.34646e-05
70650.00 -6.33088e-05
70700.00 -6.33313e-05
70750.00 -6.32931e-05
70800.00 -6.30637e-05
70850.00 -6.29048e-05
70900.00 -6.29074e-05
70950.00 -6.30248e-05
71000.00 -6.28118e-05
71050.00 -6.25971e-05
71100.00 -6.27695e-05
71150.00 -6.30504e-05
71200.00 -6.30764e-05
71250.00 -6.34485e-05
71300.00 -6.42612e-05
71350.00 -6.4411e-05
71400.00 -6.41468e-05
71450.00 -6.41245e-05
71500.00 -6.41973e-05
71550.00 -6.44619e-05
71600.00 -6.49794e-05
71650.00 -6.50729e-05
71700.00 -6.50103e-05
71750.00 -6.50047e-05
71800.00 -6.51344e-05
71850.00 -6.51566e-05
71900.00 -6.51571e-05
71950.00 -6.50914e-05
72000.00 -6.48846e-05
72050.00 -6.49059e-05
72100.00 -6.49365e-05
72150.00 -6.49459e-05
72200.00 -6.47653e-05
72250.00 -6.44855e-05
72300.00 -6.44898e-05
72350.00 -6.47597e-05
72400.00 -6.48036e-05
72450.00 -6.469e-05
72500.00 -6.41212e-05
72550.00 -6.38183e-05
72600.00 -6.42628e-05
72650.00 -6.46058e-05
72700.00 -6.49262e-05
72750.00 -6.4939e-05
72800.00 -6.51708e-05
72850.00 -6.59115e-05
72900.00 -6.59764e-05
72950.00 -6.55463e-05
73000.00 -6.5528e-05
73050.00 -6.57899e-05
73100.00 -6.5843e-05
73150.00 -6.57824e-05
73200.00 -6.55766e-05
73250.00 -6.54426e-05
73300.00 -6.5563e-05
73350.00 -6.55026e-05
73400.00 -6.55459e-05
73450.00 -6.59543e-05
73500.00 -6.59568e-05
73550.00 -6.58327e-05
73600.00 -6.61113e-05
73650.00 -6.60834e-05
73700.00 -6.62722e-05
73750.00 -6.63657e-05
73800.00 -6.58882e-05
73850.00 -6.56998e-05
73900.00 -6.59043e-05
73950.00 -6.60353e-05
74000.00 -6.58524e-05
74050.00 -6.58681e-05
74100.00 -6.63126e-05
74150.00 -6.69076e-05
74200.00 -6.69371e-05
74250.00 -6.70769e-05
74300.00 -6.72586e-05
74350.00 -6.68238e-05
74400.00 -6.68302e-05
74450.00 -6.71822e-05
74500.00 -6.72524e-05
74550.00 -6.73279e-05
74600.00 -6.75633e-05
74650.00 -6.76206e-05
74700.00 -6.75359e-05
74750.00 -6.77411e-05
74800.00 -6.80878e-05
74850.00 -6.8064e-05
74900.00 -6.77719e-05
74950.00 -6.77096e-05
75000.00 -6.79e-05
75050.00 -6.80566e-05
75100.00 -6.85818e-05
75150.00 -6.91386e-05
75200.00 -6.95014e-05
75250.00 -6.94172e-05
75300.00 -6.90651e-05
75350.00 -6.87069e-05
75400.00 -6.83e-05
75450.00 -6.81402e-05
75500.00 -6.80344e-05
75550.00 -6.81257e-05
75600.00 -6.83394e-05
75650.00 -6.83173e-05
75700.00 -6.81875e-05
75750.00 -6.84262e-05
75800.00 -6.8821e-05
75850.00 -6.90118e-05
75900.00 -6.87861e-05
75950.00 -6.83829e-05
76000.00 -6.87272e-05
76050.00 -6.96584e-05
76100.00 -7.02204e-05
76150.00 -7.02148e-05
76200.00 -6.9915e-05
76250.00 -6.93614e-05
76300.00 -6.89416e-05
76350.00 -6.88518e-05
76400.00 -6.93663e-05
76450.00 -6.97829e-05
76500.00 -6.93469e-05
76550.00 -6.89258e-05
76600.00 -6.91632e-05
76650.00 -6.96518e-05
76700.00 -6.94702e-05
76750.00 -6.94745e-05
76800.00 -6.99108e-05
76850.00 -7.01143e-05
76900.00 -7.02507e-05
76950.00 -7.02143e-05
77000.00 -7.04329e-05
77050.00 -7.09333e-05
77100.00 -7.11051e-05
77150.00 -7.0869e-05
77200.00 -7.12965e-05
77250.00 -7.19058e-05
77300.00 -7.14149e-05
77350.00 -7.11756e-05
77400.00 -7.13332e-05
77450.00 -7.1086e-05
77500.00 -7.08186e-05
77550.00 -7.07662e-05
77600.00 -7.09718e-05
77650.00 -7.12313e-05
77700.00 -7.13064e-05
77750.00 -7.13337e-05
77800.00 -7.10257e-05
77850.00 -7.09329e-05
77900.00 -7.05674e-05
77950.00 -7.00505e-05
78000.00 -6.99256e-05
78050.00 -6.99315e-05
78100.00 -7.02493e-05
78150.00 -7.00204e-05
78200.00 -6.97438e-05
78250.00 -7.0054e-05
78300.00 -7.02774e-05
78350.00 -6.99448e-05
78400.00 -6.96063e-05
78450.00 -6.97455e-05
78500.00 -6.99395e-05
78550.00 -6.97714e-05
78600.00 -6.96216e-05
78650.00 -6.93954e-05
78700.00 -6.94129e-05
78750.00 -6.99768e-05
78800.00 -7.01735e-05
78850.00 -7.0106e-05
78900.00 -7.03109e-05
78950.00 -7.0604e-05
79000.00 -7.02371e-05
79050.00 -6.98469e-05
79100.00 -7.01273e-05
79150.00 -7.05675e-05
79200.00 -7.05253e-05
79250.00 -7.02823e-05
79300.00 -7.07363e-05
79350.00 -7.1057e-05
79400.00 -7.08799e-05
79450.00 -7.07895e-05
79500.00 -7.06334e-05
79550.00 -7.09329e-05
79600.00 -7.18946e-05
79650.00 -7.21188e-05
79700.00 -7.21788e-05
79750.00 -7.21996e-05
79800.00 -7.18149e-05
79850.00 -7.17197e-05
79900.00 -7.14637e-05
79950.00 -7.13331e-05
80000.00 -7.10716e-05
80050.00 -7.05588e-05
80100.00 -7.02456e-05
80150.00 -7.02428e-05
80200.00 -7.04849e-05
80250.00 -7.03543e-05
80300.00 -7.00298e-05
80350.00 -7.01539e-05
80400.00 -7.0448e-05
80450.00 -7.0308e-05
80500.00 -7.0202e-05
80550.00 -7.02079e-05
80600.00 -7.04144e-05
80650.00 -7.07724e-05
80700.00 -7.06855e-05
80750.00 -7.03745e-05
80800.00 -7.02329e-05
80850.00 -7.07562e-05
80900.00 -7.0976e-05
80950.00 -7.05757e-05
81000.00 -7.05967e-05
81050.00 -7.09755e-05
81100.00 -7.1288e-05
81150.00 -7.14653e-05
81200.00 -7.15262e-05
81250.00 -7.09678e-05
81300.00 -7.09409e-05
81350.00 -7.14154e-05
81400.00 -7.10314e-05
81450.00 -7.08949e-05
81500.00 -7.12872e-05
81550.00 -7.13397e-05
81600.00 -7.13878e-05
81650.00 -7.12418e-05
81700.00 -7.07539e-05
81750.00 -7.0549e-05
81800.00 -7.03502e-05
81850.00 -7.02729e-05
81900.00 -7.05959e-05
81950.00 -7.12366e-05
82000.00 -7.17679e-05
82050.00 -7.19461e-05
82100.00 -7.19972e-05
82150.00 -7.21973e-05
82200.00 -7.23948e-05
82250.00 -7.22496e-05
82300.00 -7.19744e-05
82350.00 -7.19987e-05
82400.00 -7.17683e-05
82450.00 -7.15418e-05
82500.00 -7.19813e-05
82550.00 -7.22012e-05
82600.00 -7.22698e-05
82650.00 -7.22602e-05
82700.00 -7.24294e-05
82750.00 -7.28082e-05
82800.00 -7.26912e-05
82850.00 -7.27029e-05
82900.00 -7.31494e-05
82950.00 -7.35857e-05
83000.00 -7.36726e-05
83050.00 -7.36253e-05
83100.00 -7.36957e-05
83150.00 -7.36014e-05
83200.00 -7.34485e-05
83250.00 -7.33492e-05
83300.00 -7.35437e-05
83350.00 -7.35871e-05
83400.00 -7.32697e-05
83450.00 -7.27351e-05
83500.00 -7.28548e-05
83550.00 -7.32005e-05
83600.00 -7.26131e-05
83650.00 -7.2572e-05
83700.00 -7.3342e-05
83750.00 -7.35882e-05
83800.00 -7.32538e-05
83850.00 -7.3111e-05
83900.00 -7.30333e-05
83950.00 -7.28259e-05
84000.00 -7.29757e-05
84050.00 -7.31623e-05
84100.00 -7.33687e-05
84150.00 -7.33146e-05
84200.00 -7.3093e-05
84250.00 -7.33391e-05
84300.00 -7.31428e-05
84350.00 -7.32154e-05
84400.00 -7.3962e-05
84450.00 -7.4446e-05
84500.00 -7.45912e-05
84550.00 -7.45824e-05
84600.00 -7.43802e-05
84650.00 -7.40781e-05
84700.00 -7.37933e-05
84750.00 -7.32429e-05
84800.00 -7.28996e-05
84850.00 -7.2761e-05
84900.00 -7.28748e-05
84950.00 -7.3621e-05
85000.00 -7.43768e-05
85050.00 -7.39176e-05
85100.00 -7.37294e-05
85150.00 -7.46455e-05
85200.00 -7.50179e-05
85250.00 -7.50285e-05
85300.00 -7.50233e-05
85350.00 -7.48983e-05
85400.00 -7.53944e-05
85450.00 -7.58366e-05
85500.00 -7.55304e-05
85550.00 -7.52018e-05
85600.00 -7.50144e-05
85650.00 -7.54512e-05
85700.00 -7.57837e-05
85750.00 -7.52948e-05
85800.00 -7.51787e-05
85850.00 -7.53636e-05
85900.00 -7.54474e-05
85950.00 -7.55023e-05
86000.00 -7.56897e-05
86050.00 -7.60315e-05
86100.00 -7.6091e-05
86150.00 -7.60554e-05
86200.00 -7.60963e-05
86250.00 -7.62709e-05
86300.00 -7.63363e-05
86350.00 -7.65148e-05
86400.00 -7.66644e-05
86450.00 -7.65847e-05
86500.00 -7.64537e-05
86550.00 -7.65337e-05
86600.00 -7.69685e-05
86650.00 -7.70953e-05
86700.00 -7.7091e-05
86750.00 -7.68891e-05
86800.00 -7.66745e-05
86850.00 -7.66306e-05
86900.00 -7.68106e-05
86950.00 -7.69599e-05
87000.00 -7.70187e-05
87050.00 -7.76848e-05
87100.00 -7.80181e-05
87150.00 -7.785e-05
87200.00 -7.80104e-05
87250.00 -7.83535e-05
87300.00 -7.87515e-05
87350.00 -7.89738e-05
87400.00 -7.90225e-05
87450.00 -7.89274e-05
87500.00 -7.85648e-05
87550.00 -7.86129e-05
87600.00 -7.8611e-05
87650.00 -7.8742e-05
87700.00 -7.88821e-05
87750.00 -7.91045e-05
87800.00 -7.93198e-05
87850.00 -7.90272e-05
87900.00 -7.85133e-05
87950.00 -7.85898e-05
88000.00 -7.90789e-05
88050.00 -7.92218e-05
88100.00 -7.94799e-05
88150.00 -7.90854e-05
88200.00 -7.89004e-05
88250.00 -7.92486e-05
88300.00 -7.91663e-05
88350.00 -7.9089e-05
88400.00 -7.89843e-05
88450.00 -7.87633e-05
88500.00 -7.90186e-05
88550.00 -7.98092e-05
88600.00 -8.03603e-05
88650.00 -8.03871e-05
88700.00 -8.05136e-05
88750.00 -8.09707e-05
88800.00 -8.08708e-05
88850.00 -8.04598e-05
88900.00 -8.05357e-05
88950.00 -8.03757e-05
89000.00 -8.01394e-05
89050.00 -8.04136e-05
89100.00 -8.0599e-05
89150.00 -8.08022e-05
89200.00 -8.09984e-05
89250.00 -8.1022e-05
89300.00 -8.1374e-05
89350.00 -8.17806e-05
89400.00 -8.14862e-05
89450.00 -8.12178e-05
89500.00 -8.17631e-05
89550.00 -8.2235e-05
89600.00 -8.22881e-05
89650.00 -8.23563e-05
89700.00 -8.21643e-05
89750.00 -8.19486e-05
89800.00 -8.22794e-05
89850.00 -8.19875e-05
89900.00 -8.12826e-05
89950.00 -8.12099e-05
90000.00 -8.1474e-05
90050.00 -8.19878e-05
90100.00 -8.25029e-05
90150.00 -8.22512e-05
90200.00 -8.16349e-05
90250.00 -8.1677e-05
90300.00 -8.21547e-05
90350.00 -8.22637e-05
90400.00 -8.21543e-05
90450.00 -8.21289e-05
90500.00 -8.24835e-05
90550.00 -8.31348e-05
90600.00 -8.3264e-05
90650.00 -8.30126e-05
90700.00 -8.25701e-05
90750.00 -8.21185e-05
90800.00 -8.21758e-05
90850.00 -8.27183e-05
90900.00 -8.28831e-05
90950.00 -8.30817e-05
91000.00 -8.37022e-05
91050.00 -8.41188e-05
91100.00 -8.42189e-05
91150.00 -8.42187e-05
91200.00 -8.41264e-05
91250.00 -8.41223e-05
91300.00 -8.43403e-05
91350.00 -8.4314e-05
91400.00 -8.39276e-05
91450.00 -8.37207e-05
91500.00 -8.41656e-05
91550.00 -8.43717e-05
91600.00 -8.3858e-05
91650.00 -8.39274e-05
91700.00 -8.39395e-05
91750.00 -8.35322e-05
91800.00 -8.39256e-05
91850.00 -8.41137e-05
91900.00 -8.3879e-05
91950.00 -8.38233e-05
92000.00 -8.42945e-05
92050.00 -8.49034e-05
92100.00 -8.50403e-05
92150.00 -8.51349e-05
92200.00 -8.51889e-05
92250.00 -8.50881e-05
92300.00 -8.52819e-05
92350.00 -8.53942e-05
92400.00 -8.53528e-05
92450.00 -8.54127e-05
92500.00 -8.55563e-05
92550.00 -8.57152e-05
92600.00 -8.56764e-05
92650.00 -8.54676e-05
92700.00 -8.51031e-05
92750.00 -8.49955e-05
92800.00 -8.49528e-05
92850.00 -8.48207e-05
92900.00 -8.48209e-05
92950.00 -8.44049e-05
93000.00 -8.41746e-05
93050.00 -8.44098e-05
93100.00 -8.41345e-05
93150.00 -8.41713e-05
93200.00 -8.48584e-05
93250.00 -8.51664e-05
93300.00 -8.49446e-05
93350.00 -8.47706e-05
93400.00 -8.48477e-05
93450.00 -8.49126e-05
93500.00 -8.46426e-05
93550.00 -8.44946e-05
93600.00 -8.46692e-05
93650.00 -8.49205e-05
93700.00 -8.5208e-05
93750.00 -8.49497e-05
93800.00 -8.48239e-05
93850.00 -8.51938e-05
93900.00 -8.5267e-05
93950.00 -8.54196e-05
94000.00 -8.57555e-05
94050.00 -8.61374e-05
94100.00 -8.64771e-05
94150.00 -8.64905e-05
94200.00 -8.61933e-05
94250.00 -8.57565e-05
94300.00 -8.55897e-05
94350.00 -8.56767e-05
94400.00 -8.55965e-05
94450.00 -8.54531e-05
94500.00 -8.52836e-05
94550.00 -8.50227e-05
94600.00 -8.46658e-05
94650.00 -8.44491e-05
94700.00 -8.45861e-05
94750.00 -8.48305e-05
94800.00 -8.52842e-05
94850.00 -8.57481e-05
94900.00 -8.60946e-05
94950.00 -8.63761e-05
95000.00 -8.6667e-05
95050.00 -8.66931e-05
95100.00 -8.65803e-05
95150.00 -8.67843e-05
95200.00 -8.72228e-05
95250.00 -8.74377e-05
95300.00 -8.74257e-05
95350.00 -8.76107e-05
95400.00 -8.73562e-05
95450.00 -8.683e-05
95500.00 -8.70874e-05
95550.00 -8.73053e-05
95600.00 -8.7267e-05
95650.00 -8.76073e-05
95700.00 -8.76286e-05
95750.00 -8.72715e-05
95800.00 -8.69167e-05
95850.00 -8.67713e-05
95900.00 -8.66351e-05
95950.00 -8.71061e-05
96000.00 -8.7309e-05
96050.00 -8.70787e-05
96100.00 -8.71975e-05
96150.00 -8.70456e-05
96200.00 -8.69777e-05
96250.00 -8.71825e-05
96300.00 -8.76659e-05
96350.00 -8.82688e-05
96400.00 -8.82842e-05
96450.00 -8.82748e-05
96500.00 -8.88e-05
96550.00 -8.89442e-05
96600.00 -8.87918e-05
96650.00 -8.85792e-05
96700.00 -8.85825e-05
96750.00 -8.87411e-05
96800.00 -8.90804e-05
96850.00 -8.9542e-05
96900.00 -8.89802e-05
96950.00 -8.85298e-05
97000.00 -8.87526e-05
97050.00 -8.88592e-05
97100.00 -8.89689e-05
97150.00 -8.83784e-05
97200.00 -8.79709e-05
97250.00 -8.82307e-05
97300.00 -8.81456e-05
97350.00 -8.84354e-05
97400.00 -8.89729e-05
97450.00 -8.91138e-05
97500.00 -8.95301e-05
97550.00 -8.97483e-05
97600.00 -8.97292e-05
97650.00 -9.00278e-05
97700.00 -9.02407e-05
97750.00 -9.02105e-05
97800.00 -8.98896e-05
97850.00 -8.95305e-05
97900.00 -8.94393e-05
97950.00 -8.91987e-05
98000.00 -8.8891e-05
98050.00 -8.87318e-05
98100.00 -8.88463e-05
98150.00 -8.90973e-05
98200.00 -8.89468e-05
98250.00 -8.88642e-05
98300.00 -8.86396e-05
98350.00 -8.83033e-05
98400.00 -8.85718e-05
98450.00 -8.88903e-05
98500.00 -8.91159e-05
98550.00 -8.94093e-05
98600.00 -8.92704e-05
98650.00 -8.90057e-05
98700.00 -8.90878e-05
98750.00 -8.91859e-05
98800.00 -8.95275e-05
98850.00 -9.03152e-05
98900.00 -9.07627e-05
98950.00 -9.04054e-05
99000.00 -8.98876e-05
99050.00 -8.96163e-05
99100.00 -8.93943e-05
99150.00 -8.9209e-05
99200.00 -8.90885e-05
99250.00 -8.93046e-05
99300.00 -8.97146e-05
99350.00 -8.97703e-05
99400.00 -8.91222e-05
99450.00 -8.85543e-05
99500.00 -8.889e-05
99550.00 -8.91311e-05
99600.00 -8.87131e-05
99650.00 -8.85968e-05
99700.00 -8.88973e-05
99750.00 -8.8938e-05
99800.00 -8.87674e-05
99850.00 -8.86493e-05
99900.00 -8.86456e-05
