50.00 1.725e-07
100.00 2.06065e-07
150.00 -3.36228e-07
200.00 -6.3626e-07
250.00 -4.33395e-07
300.00 -5.76541e-07
350.00 -9.0262e-07
400.00 -6.14912e-07
450.00 -6.23898e-07
500.00 -1.07443e-06
550.00 -1.29158e-06
600.00 -1.43218e-06
650.00 -1.3443e-06
700.00 -1.56245e-06
750.00 -1.81997e-06
800.00 -1.54548e-06
850.00 -1.17396e-06
900.00 -1.1379e-06
950.00 -1.27272e-06
1000.00 -1.12735e-06
1050.00 -9.30859e-07
1100.00 -8.80917e-07
1150.00 -1.13725e-06
1200.00 -1.07749e-06
1250.00 -8.95197e-07
1300.00 -7.70126e-07
1350.00 -4.61139e-07
1400.00 -5.75951e-07
1450.00 -8.33382e-07
1500.00 -9.0029e-07
1550.00 -9.27524e-07
1600.00 -9.44006e-07
1650.00 -6.91528e-07
1700.00 -5.67918e-07
1750.00 -8.55028e-07
1800.00 -8.81429e-07
1850.00 -9.90596e-07
1900.00 -1.42909e-06
1950.00 -1.80182e-06
2000.00 -1.95576e-06
2050.00 -1.85521e-06
2100.00 -1.89123e-06
2150.00 -2.03113e-06
2200.00 -2.2862e-06
2250.00 -2.39488e-06
2300.00 -2.36011e-06
2350.00 -2.06021e-06
2400.00 -1.86213e-06
2450.00 -1.95984e-06
2500.00 -2.05944e-06
2550.00 -1.7937e-06
2600.00 -1.40425e-06
2650.00 -1.72006e-06
2700.00 -2.21996e-06
2750.00 -2.38273e-06
2800.00 -2.66537e-06
2850.00 -3.21698e-06
2900.00 -3.0981e-06
2950.00 -2.81584e-06
3000.00 -2.78337e-06
3050.00 -2.85197e-06
3100.00 -3.1736e-06
3150.00 -3.44166e-06
3200.00 -3.37115e-06
3250.00 -3.40837e-06
3300.00 -3.56631e-06
3350.00 -3.29629e-06
3400.00 -3.48863e-06
3450.00 -4.01164e-06
3500.00 -4.12969e-06
3550.00 -4.32169e-06
3600.00 -4.36709e-06
3650.00 -4.33698e-06
3700.00 -4.68785e-06
3750.00 -4.95009e-06
3800.00 -4.95498e-06
3850.00 -4.74137e-06
3900.00 -4.52798e-06
3950.00 -4.96778e-06
4000.00 -5.32522e-06
4050.00 -5.14457e-06
4100.00 -4.97963e-06
4150.00 -4.9113e-06
4200.00 -4.90954e-06
4250.00 -4.77236e-06
4300.00 -4.71177e-06
4350.00 -4.68904e-06
4400.00 -4.70471e-06
4450.00 -4.68404e-06
4500.00 -4.59274e-06
4550.00 -4.5183e-06
4600.00 -4.47487e-06
4650.00 -4.65938e-06
4700.00 -4.82774e-06
4750.00 -4.99202e-06
4800.00 -5.07895e-06
4850.00 -4.55943e-06
4900.00 -4.24447e-06
4950.00 -4.81037e-06
5000.00 -5.32996e-06
5050.00 -5.22046e-06
5100.00 -5.05896e-06
5150.00 -5.52193e-06
5200.00 -5.88037e-06
5250.00 -5.45217e-06
5300.00 -5.14521e-06
5350.00 -5.36772e-06
5400.00 -5.64758e-06
5450.00 -5.7239e-06
5500.00 -5.8103e-06
5550.00 -6.30599e-06
5600.00 -6.3309e-06
5650.00 -6.3489e-06
5700.00 -6.8593e-06
5750.00 -7.03934e-06
5800.00 -7.07477e-06
5850.00 -7.65754e-06
5900.00 -8.09344e-06
5950.00 -7.88993e-06
6000.00 -7.63299e-06
6050.00 -7.44828e-06
6100.00 -7.55712e-06
6150.00 -7.74447e-06
6200.00 -8.02127e-06
6250.00 -8.32385e-06
6300.00 -8.56164e-06
6350.00 -8.86974e-06
6400.00 -8.63519e-06
6450.00 -8.1101e-06
6500.00 -7.85612e-06
6550.00 -7.86648e-06
6600.00 -8.30125e-06
6650.00 -8.41477e-06
6700.00 -8.01656e-06
6750.00 -8.0253e-06
6800.00 -8.50809e-06
6850.00 -8.7171e-06
6900.00 -8.50197e-06
6950.00 -8.21003e-06
7000.00 -8.16858e-06
7050.00 -8.26648e-06
7100.00 -8.34753e-06
7150.00 -8.45796e-06
7200.00 -8.65065e-06
7250.00 -8.78824e-06
7300.00 -8.93234e-06
7350.00 -8.84467e-06
7400.00 -8.47336e-06
7450.00 -8.19663e-06
7500.00 -8.52018e-06
7550.00 -9.02827e-06
7600.00 -8.82404e-06
7650.00 -8.94994e-06
7700.00 -9.35751e-06
7750.00 -9.59244e-06
7800.00 -9.8912e-06
7850.00 -1.00381e-05
7900.00 -1.01427e-05
7950.00 -1.03943e-05
8000.00 -1.04172e-05
8050.00 -1.03746e-05
8100.00 -1.06069e-05
8150.00 -1.03164e-05
8200.00 -9.8004e-06
8250.00 -9.62127e-06
8300.00 -9.61972e-06
8350.00 -9.78261e-06
8400.00 -9.83338e-06
8450.00 -9.58417e-06
8500.00 -9.53774e-06
8550.00 -1.02059e-05
8600.00 -1.05584e-05
8650.00 -1.06209e-05
8700.00 -1.09656e-05
8750.00 -1.11e-05
8800.00 -1.09669e-05
8850.00 -1.10169e-05
8900.00 -1.12363e-05
8950.00 -1.13303e-05
9000.00 -1.16107e-05
9050.00 -1.18383e-05
9100.00 -1.18339e-05
9150.00 -1.17673e-05
9200.00 -1.17828e-05
9250.00 -1.15992e-05
9300.00 -1.11144e-05
9350.00 -1.06876e-05
9400.00 -1.0574e-05
9450.00 -1.0504e-05
9500.00 -1.04881e-05
9550.00 -1.05735e-05
9600.00 -1.06064e-05
9650.00 -1.0509e-05
9700.00 -1.07299e-05
9750.00 -1.09891e-05
9800.00 -1.0908e-05
9850.00 -1.11333e-05
9900.00 -1.16316e-05
9950.00 -1.16427e-05
10000.00 -1.13253e-05
10050.00 -1.16057e-05
10100.00 -1.17216e-05
10150.00 -1.15526e-05
10200.00 -1.1783e-05
10250.00 -1.22827e-05
10300.00 -1.23993e-05
10350.00 -1.2053e-05
10400.00 -1.18206e-05
10450.00 -1.17985e-05
10500.00 -1.17255e-05
10550.00 -1.19403e-05
10600.00 -1.19339e-05
10650.00 -1.21376e-05
10700.00 -1.2652e-05
10750.00 -1.21601e-05
10800.00 -1.18697e-05
10850.00 -1.2786e-05
10900.00 -1.33925e-05
10950.00 -1.32159e-05
11000.00 -1.33645e-05
11050.00 -1.34839e-05
11100.00 -1.3262e-05
11150.00 -1.29886e-05
11200.00 -1.28892e-05
11250.00 -1.29098e-05
11300.00 -1.31212e-05
11350.00 -1.32648e-05
11400.00 -1.32176e-05
11450.00 -1.33856e-05
11500.00 -1.32578e-05
11550.00 -1.28311e-05
11600.00 -1.28817e-05
11650.00 -1.32374e-05
11700.00 -1.35937e-05
11750.00 -1.35987e-05
11800.00 -1.34353e-05
11850.00 -1.33025e-05
11900.00 -1.34545e-05
11950.00 -1.34786e-05
12000.00 -1.29985e-05
12050.00 -1.28455e-05
12100.00 -1.25514e-05
12150.00 -1.21987e-05
12200.00 -1.26057e-05
12250.00 -1.28247e-05
12300.00 -1.24208e-05
12350.00 -1.24185e-05
12400.00 -1.26548e-05
12450.00 -1.31881e-05
12500.00 -1.35732e-05
12550.00 -1.34834e-05
12600.00 -1.36086e-05
12650.00 -1.36972e-05
12700.00 -1.35202e-05
12750.00 -1.35763e-05
12800.00 -1.33428e-05
12850.00 -1.27366e-05
12900.00 -1.27273e-05
12950.00 -1.2813e-05
13000.00 -1.26977e-05
13050.00 -1.29482e-05
13100.00 -1.33122e-05
13150.00 -1.35509e-05
13200.00 -1.36602e-05
13250.00 -1.36975e-05
13300.00 -1.42726e-05
13350.00 -1.4593e-05
13400.00 -1.44315e-05
13450.00 -1.45818e-05
13500.00 -1.44634e-05
13550.00 -1.4179e-05
13600.00 -1.39614e-05
13650.00 -1.38555e-05
13700.00 -1.40051e-05
13750.00 -1.39181e-05
13800.00 -1.3958e-05
13850.00 -1.41869e-05
13900.00 -1.4242e-05
13950.00 -1.41855e-05
14000.00 -1.42603e-05
14050.00 -1.42382e-05
14100.00 -1.39755e-05
14150.00 -1.36442e-05
14200.00 -1.35252e-05
14250.00 -1.38365e-05
14300.00 -1.34139e-05
14350.00 -1.27709e-05
14400.00 -1.31461e-05
14450.00 -1.37051e-05
14500.00 -1.3961e-05
14550.00 -1.41082e-05
14600.00 -1.40745e-05
14650.00 -1.37967e-05
14700.00 -1.3934e-05
14750.00 -1.44439e-05
14800.00 -1.45546e-05
14850.00 -1.43976e-05
14900.00 -1.4234e-05
14950.00 -1.40627e-05
15000.00 -1.37385e-05
15050.00 -1.38031e-05
15100.00 -1.44824e-05
15150.00 -1.49389e-05
15200.00 -1.50153e-05
15250.00 -1.49047e-05
15300.00 -1.48656e-05
15350.00 -1.48251e-05
15400.00 -1.45276e-05
15450.00 -1.42298e-05
15500.00 -1.43651e-05
15550.00 -1.48526e-05
15600.00 -1.52002e-05
15650.00 -1.49742e-05
15700.00 -1.5051e-05
15750.00 -1.53033e-05
15800.00 -1.45121e-05
15850.00 -1.37069e-05
15900.00 -1.39351e-05
15950.00 -1.45602e-05
16000.00 -1.49689e-05
16050.00 -1.47965e-05
16100.00 -1.43972e-05
16150.00 -1.46146e-05
16200.00 -1.47208e-05
16250.00 -1.45094e-05
16300.00 -1.4492e-05
16350.00 -1.49076e-05
16400.00 -1.51959e-05
16450.00 -1.51613e-05
16500.00 -1.48063e-05
16550.00 -1.44372e-05
16600.00 -1.44112e-05
16650.00 -1.44751e-05
16700.00 -1.48025e-05
16750.00 -1.5023e-05
16800.00 -1.50116e-05
16850.00 -1.48883e-05
16900.00 -1.49995e-05
16950.00 -1.53597e-05
17000.00 -1.54471e-05
17050.00 -1.51289e-05
17100.00 -1.50089e-05
17150.00 -1.50517e-05
17200.00 -1.49516e-05
17250.00 -1.53145e-05
17300.00 -1.55196e-05
17350.00 -1.52792e-05
17400.00 -1.52635e-05
17450.00 -1.49117e-05
17500.00 -1.50652e-05
17550.00 -1.57283e-05
17600.00 -1.58427e-05
17650.00 -1.56303e-05
17700.00 -1.52229e-05
17750.00 -1.48302e-05
17800.00 -1.47192e-05
17850.00 -1.49927e-05
17900.00 -1.52901e-05
17950.00 -1.5213e-05
18000.00 -1.48007e-05
18050.00 -1.51211e-05
18100.00 -1.5266e-05
18150.00 -1.47943e-05
18200.00 -1.45809e-05
18250.00 -1.46572e-05
18300.00 -1.50045e-05
18350.00 -1.50865e-05
18400.00 -1.49205e-05
18450.00 -1.51716e-05
18500.00 -1.57519e-05
18550.00 -1.59736e-05
18600.00 -1.60241e-05
18650.00 -1.65809e-05
18700.00 -1.67642e-05
18750.00 -1.58702e-05
18800.00 -1.55564e-05
18850.00 -1.59407e-05
18900.00 -1.57629e-05
18950.00 -1.55451e-05
19000.00 -1.5579e-05
19050.00 -1.53422e-05
19100.00 -1.54671e-05
19150.00 -1.58753e-05
19200.00 -1.57904e-05
19250.00 -1.56173e-05
19300.00 -1.54236e-05
19350.00 -1.55214e-05
19400.00 -1.59224e-05
19450.00 -1.5894e-05
19500.00 -1.58995e-05
19550.00 -1.61792e-05
19600.00 -1.65287e-05
19650.00 -1.68461e-05
19700.00 -1.69753e-05
19750.00 -1.69844e-05
19800.00 -1.68645e-05
19850.00 -1.6763e-05
19900.00 -1.65557e-05
19950.00 -1.61778e-05
20000.00 -1.63584e-05
20050.00 -1.69294e-05
20100.00 -1.70081e-05
20150.00 -1.67504e-05
20200.00 -1.65273e-05
20250.00 -1.66678e-05
20300.00 -1.69127e-05
20350.00 -1.66014e-05
20400.00 -1.63218e-05
20450.00 -1.62255e-05
20500.00 -1.66576e-05
20550.00 -1.70057e-05
20600.00 -1.66684e-05
20650.00 -1.64112e-05
20700.00 -1.62546e-05
20750.00 -1.62825e-05
20800.00 -1.63849e-05
20850.00 -1.6936e-05
20900.00 -1.75406e-05
20950.00 -1.75098e-05
21000.00 -1.77952e-05
21050.00 -1.81077e-05
21100.00 -1.78296e-05
21150.00 -1.76091e-05
21200.00 -1.76873e-05
21250.00 -1.79073e-05
21300.00 -1.80009e-05
21350.00 -1.80966e-05
21400.00 -1.87967e-05
21450.00 -1.95072e-05
21500.00 -1.97592e-05
21550.00 -1.96303e-05
21600.00 -1.96752e-05
21650.00 -2.02559e-05
21700.00 -2.01489e-05
21750.00 -2.00746e-05
21800.00 -2.04266e-05
21850.00 -2.0376e-05
21900.00 -2.04448e-05
21950.00 -2.03898e-05
22000.00 -2.02524e-05
22050.00 -2.03691e-05
22100.00 -2.01968e-05
22150.00 -1.99007e-05
22200.00 -2.01332e-05
22250.00 -2.03173e-05
22300.00 -2.04215e-05
22350.00 -2.05932e-05
22400.00 -2.06402e-05
22450.00 -2.10356e-05
22500.00 -2.13299e-05
22550.00 -2.14133e-05
22600.00 -2.12837e-05
22650.00 -2.10894e-05
22700.00 -2.08792e-05
22750.00 -2.0706e-05
22800.00 -2.04344e-05
22850.00 -2.04133e-05
22900.00 -2.02923e-05
22950.00 -2.03347e-05
23000.00 -2.0931e-05
23050.00 -2.10835e-05
23100.00 -2.08376e-05
23150.00 -2.07717e-05
23200.00 -2.09351e-05
23250.00 -2.11061e-05
23300.00 -2.14159e-05
23350.00 -2.14924e-05
23400.00 -2.15443e-05
23450.00 -2.20822e-05
23500.00 -2.22319e-05
23550.00 -2.20629e-05
23600.00 -2.18261e-05
23650.00 -2.14866e-05
23700.00 -2.16805e-05
23750.00 -2.20392e-05
23800.00 -2.20075e-05
23850.00 -2.18911e-05
23900.00 -2.22538e-05
23950.00 -2.24627e-05
24000.00 -2.27684e-05
24050.00 -2.30062e-05
24100.00 -2.27401e-05
24150.00 -2.28875e-05
24200.00 -2.3249e-05
24250.00 -2.31358e-05
24300.00 -2.29176e-05
24350.00 -2.28165e-05
24400.00 -2.25624e-05
24450.00 -2.25582e-05
24500.00 -2.27408e-05
24550.00 -2.2776e-05
24600.00 -2.2757e-05
24650.00 -2.27211e-05
24700.00 -2.29699e-05
24750.00 -2.28996e-05
24800.00 -2.27486e-05
24850.00 -2.31909e-05
24900.00 -2.35994e-05
24950.00 -2.35412e-05
25000.00 -2.34185e-05
25050.00 -2.33969e-05
25100.00 -2.33974e-05
25150.00 -2.33503e-05
25200.00 -2.3086e-05
25250.00 -2.28367e-05
25300.00 -2.27249e-05
25350.00 -2.29298e-05
25400.00 -2.34328e-05
25450.00 -2.37518e-05
25500.00 -2.36063e-05
25550.00 -2.34615e-05
25600.00 -2.32686e-05
25650.00 -2.32152e-05
25700.00 -2.36562e-05
25750.00 -2.38629e-05
25800.00 -2.3834e-05
25850.00 -2.39644e-05
25900.00 -2.4481e-05
25950.00 -2.50835e-05
26000.00 -2.50043e-05
26050.00 -2.49195e-05
26100.00 -2.50401e-05
26150.00 -2.49665e-05
26200.00 -2.45937e-05
26250.00 -2.44931e-05
26300.00 -2.43698e-05
26350.00 -2.43823e-05
26400.00 -2.47238e-05
26450.00 -2.46796e-05
26500.00 -2.49774e-05
26550.00 -2.52416e-05
26600.00 -2.51963e-05
26650.00 -2.51407e-05
26700.00 -2.49019e-05
26750.00 -2.43914e-05
26800.00 -2.37113e-05
26850.00 -2.3854e-05
26900.00 -2.43864e-05
26950.00 -2.46168e-05
27000.00 -2.48873e-05
27050.00 -2.48331e-05
27100.00 -2.45922e-05
27150.00 -2.43845e-05
27200.00 -2.43869e-05
27250.00 -2.44514e-05
27300.00 -2.42886e-05
27350.00 -2.45034e-05
27400.00 -2.49495e-05
27450.00 -2.51448e-05
27500.00 -2.52346e-05
27550.00 -2.53565e-05
27600.00 -2.54364e-05
27650.00 -2.53078e-05
27700.00 -2.50668e-05
27750.00 -2.48434e-05
27800.00 -2.4772e-05
27850.00 -2.49616e-05
27900.00 -2.46594e-05
27950.00 -2.41821e-05
28000.00 -2.45826e-05
28050.00 -2.50151e-05
28100.00 -2.52935e-05
28150.00 -2.55077e-05
28200.00 -2.53185e-05
28250.00 -2.52091e-05
28300.00 -2.53757e-05
28350.00 -2.56281e-05
28400.00 -2.5703e-05
28450.00 -2.55991e-05
28500.00 -2.56265e-05
28550.00 -2.57176e-05
28600.00 -2.58432e-05
28650.00 -2.53672e-05
28700.00 -2.47949e-05
28750.00 -2.49618e-05
28800.00 -2.5261e-05
28850.00 -2.5157e-05
28900.00 -2.50401e-05
28950.00 -2.51185e-05
29000.00 -2.5224e-05
29050.00 -2.50673e-05
29100.00 -2.51692e-05
29150.00 -2.57875e-05
29200.00 -2.59828e-05
29250.00 -2.58838e-05
29300.00 -2.62563e-05
29350.00 -2.66291e-05
29400.00 -2.62986e-05
29450.00 -2.60293e-05
29500.00 -2.58055e-05
29550.00 -2.60245e-05
29600.00 -2.60928e-05
29650.00 -2.59677e-05
29700.00 -2.62983e-05
29750.00 -2.62355e-05
29800.00 -2.62739e-05
29850.00 -2.69283e-05
29900.00 -2.74544e-05
29950.00 -2.72934e-05
30000.00 -2.68054e-05
30050.00 -2.6582e-05
30100.00 -2.67241e-05
30150.00 -2.68408e-05
30200.00 -2.68378e-05
30250.00 -2.71419e-05
30300.00 -2.7597e-05
30350.00 -2.78981e-05
30400.00 -2.80528e-05
30450.00 -2.78828e-05
30500.00 -2.79598e-05
30550.00 -2.79405e-05
30600.00 -2.71862e-05
30650.00 -2.71136e-05
30700.00 -2.7921e-05
30750.00 -2.80045e-05
30800.00 -2.79346e-05
30850.00 -2.80069e-05
30900.00 -2.80316e-05
30950.00 -2.808e-05
31000.00 -2.80886e-05
31050.00 -2.80164e-05
31100.00 -2.75822e-05
31150.00 -2.73457e-05
31200.00 -2.76072e-05
31250.00 -2.82672e-05
31300.00 -2.84369e-05
31350.00 -2.83081e-05
31400.00 -2.88326e-05
31450.00 -2.91058e-05
31500.00 -2.90199e-05
31550.00 -2.91765e-05
31600.00 -2.92251e-05
31650.00 -2.95435e-05
31700.00 -2.97925e-05
31750.00 -2.95152e-05
31800.00 -2.93917e-05
31850.00 -2.94438e-05
31900.00 -2.92263e-05
31950.00 -2.93705e-05
32000.00 -2.9917e-05
32050.00 -3.00184e-05
32100.00 -2.99468e-05
32150.00 -2.99164e-05
32200.00 -2.96628e-05
32250.00 -2.92624e-05
32300.00 -2.91906e-05
32350.00 -2.92532e-05
32400.00 -2.89106e-05
32450.00 -2.83116e-05
32500.00 -2.82702e-05
32550.00 -2.87978e-05
32600.00 -2.89553e-05
32650.00 -2.85348e-05
32700.00 -2.82672e-05
32750.00 -2.87513e-05
32800.00 -2.88047e-05
32850.00 -2.85957e-05
32900.00 -2.87535e-05
32950.00 -2.89431e-05
33000.00 -2.94467e-05
33050.00 -2.98321e-05
33100.00 -3.05001e-05
33150.00 -3.06677e-05
33200.00 -3.0464e-05
33250.00 -3.05373e-05
33300.00 -3.04609e-05
33350.00 -3.01865e-05
33400.00 -2.97327e-05
33450.00 -2.97244e-05
33500.00 -2.98379e-05
33550.00 -2.96785e-05
33600.00 -2.96829e-05
33650.00 -2.98923e-05
33700.00 -3.02172e-05
33750.00 -3.022e-05
33800.00 -3.02611e-05
33850.00 -3.07351e-05
33900.00 -3.08109e-05
33950.00 -3.0552e-05
34000.00 -3.0138e-05
34050.00 -2.96006e-05
34100.00 -2.98203e-05
34150.00 -3.00462e-05
34200.00 -3.01208e-05
34250.00 -3.04914e-05
34300.00 -3.03781e-05
34350.00 -3.02165e-05
34400.00 -2.99757e-05
34450.00 -2.97171e-05
34500.00 -2.99746e-05
34550.00 -3.01011e-05
34600.00 -3.00061e-05
34650.00 -3.00596e-05
34700.00 -2.96159e-05
34750.00 -2.94031e-05
34800.00 -2.9727e-05
34850.00 -3.0066e-05
34900.00 -3.034e-05
34950.00 -3.03005e-05
35000.00 -2.98616e-05
35050.00 -2.98279e-05
35100.00 -2.99772e-05
35150.00 -3.01597e-05
35200.00 -3.04525e-05
35250.00 -3.05805e-05
35300.00 -3.06624e-05
35350.00 -3.09054e-05
35400.00 -3.12312e-05
35450.00 -3.0838e-05
35500.00 -3.03576e-05
35550.00 -3.02099e-05
35600.00 -2.98634e-05
35650.00 -2.99267e-05
35700.00 -3.04898e-05
35750.00 -3.06763e-05
35800.00 -3.09659e-05
35850.00 -3.11594e-05
35900.00 -3.08326e-05
35950.00 -3.05235e-05
36000.00 -3.08335e-05
36050.00 -3.10331e-05
36100.00 -3.05632e-05
36150.00 -3.02127e-05
36200.00 -3.01015e-05
36250.00 -3.01621e-05
36300.00 -3.02277e-05
36350.00 -3.04969e-05
36400.00 -3.04935e-05
36450.00 -2.99052e-05
36500.00 -2.98186e-05
36550.00 -3.03841e-05
36600.00 -3.07524e-05
36650.00 -3.10326e-05
36700.00 -3.13357e-05
36750.00 -3.1367e-05
36800.00 -3.10421e-05
36850.00 -3.05165e-05
36900.00 -3.01934e-05
36950.00 -3.0447e-05
37000.00 -3.07545e-05
37050.00 -3.04563e-05
37100.00 -3.03019e-05
37150.00 -3.08176e-05
37200.00 -3.14077e-05
37250.00 -3.14271e-05
37300.00 -3.12188e-05
37350.00 -3.14831e-05
37400.00 -3.15629e-05
37450.00 -3.13641e-05
37500.00 -3.16533e-05
37550.00 -3.1979e-05
37600.00 -3.19462e-05
37650.00 -3.17997e-05
37700.00 -3.18035e-05
37750.00 -3.20816e-05
37800.00 -3.26021e-05
37850.00 -3.31443e-05
37900.00 -3.31121e-05
37950.00 -3.28238e-05
38000.00 -3.26041e-05
38050.00 -3.24565e-05
38100.00 -3.26171e-05
38150.00 -3.29106e-05
38200.00 -3.321e-05
38250.00 -3.31217e-05
38300.00 -3.28202e-05
38350.00 -3.29747e-05
38400.00 -3.33466e-05
38450.00 -3.33849e-05
38500.00 -3.3131e-05
38550.00 -3.25326e-05
38600.00 -3.2315e-05
38650.00 -3.25822e-05
38700.00 -3.24797e-05
38750.00 -3.24386e-05
38800.00 -3.21562e-05
38850.00 -3.21066e-05
38900.00 -3.24968e-05
38950.00 -3.2513e-05
39000.00 -3.23866e-05
39050.00 -3.21206e-05
39100.00 -3.20763e-05
39150.00 -3.22357e-05
39200.00 -3.21775e-05
39250.00 -3.25067e-05
39300.00 -3.29104e-05
39350.00 -3.27793e-05
39400.00 -3.26131e-05
39450.00 -3.27352e-05
39500.00 -3.2952e-05
39550.00 -3.27905e-05
39600.00 -3.2626e-05
39650.00 -3.26386e-05
39700.00 -3.23074e-05
39750.00 -3.16097e-05
39800.00 -3.19548e-05
39850.00 -3.23279e-05
39900.00 -3.20842e-05
39950.00 -3.22687e-05
40000.00 -3.21321e-05
40050.00 -3.17108e-05
40100.00 -3.16247e-05
40150.00 -3.20516e-05
40200.00 -3.28411e-05
40250.00 -3.2955e-05
40300.00 -3.27625e-05
40350.00 -3.26964e-05
40400.00 -3.23458e-05
40450.00 -3.24263e-05
40500.00 -3.28593e-05
40550.00 -3.3299e-05
40600.00 -3.35785e-05
40650.00 -3.37019e-05
40700.00 -3.37134e-05
40750.00 -3.35844e-05
40800.00 -3.35173e-05
40850.00 -3.36438e-05
40900.00 -3.40273e-05
40950.00 -3.4506e-05
41000.00 -3.45118e-05
41050.00 -3.39531e-05
41100.00 -3.39626e-05
41150.00 -3.45051e-05
41200.00 -3.44738e-05
41250.00 -3.42645e-05
41300.00 -3.45001e-05
41350.00 -3.50654e-05
41400.00 -3.54778e-05
41450.00 -3.54466e-05
41500.00 -3.57324e-05
41550.00 -3.64522e-05
41600.00 -3.65587e-05
41650.00 -3.62066e-05
41700.00 -3.60676e-05
41750.00 -3.61882e-05
41800.00 -3.58687e-05
41850.00 -3.52674e-05
41900.00 -3.49261e-05
41950.00 -3.47657e-05
42000.00 -3.48039e-05
42050.00 -3.47861e-05
42100.00 -3.49835e-05
42150.00 -3.49438e-05
42200.00 -3.51393e-05
42250.00 -3.53158e-05
42300.00 -3.54159e-05
42350.00 -3.58878e-05
42400.00 -3.60578e-05
42450.00 -3.62977e-05
42500.00 -3.66521e-05
42550.00 -3.64942e-05
42600.00 -3.59226e-05
42650.00 -3.57985e-05
42700.00 -3.57959e-05
42750.00 -3.59057e-05
42800.00 -3.61163e-05
42850.00 -3.58803e-05
42900.00 -3.57399e-05
42950.00 -3.57484e-05
43000.00 -3.53497e-05
43050.00 -3.51335e-05
43100.00 -3.53566e-05
43150.00 -3.54455e-05
43200.00 -3.56205e-05
43250.00 -3.59387e-05
43300.00 -3.58568e-05
43350.00 -3.58645e-05
43400.00 -3.60557e-05
43450.00 -3.59912e-05
43500.00 -3.58284e-05
43550.00 -3.60592e-05
43600.00 -3.64126e-05
43650.00 -3.62073e-05
43700.00 -3.59225e-05
43750.00 -3.57803e-05
43800.00 -3.57524e-05
43850.00 -3.56236e-05
43900.00 -3.56007e-05
43950.00 -3.54806e-05
44000.00 -3.55412e-05
44050.00 -3.59062e-05
44100.00 -3.59544e-05
44150.00 -3.63139e-05
44200.00 -3.64896e-05
44250.00 -3.58234e-05
44300.00 -3.5597e-05
44350.00 -3.55208e-05
44400.00 -3.52066e-05
44450.00 -3.54056e-05
44500.00 -3.56516e-05
44550.00 -3.5734e-05
44600.00 -3.5632e-05
44650.00 -3.60062e-05
44700.00 -3.63082e-05
44750.00 -3.61198e-05
44800.00 -3.6301e-05
44850.00 -3.62639e-05
44900.00 -3.61643e-05
44950.00 -3.64325e-05
45000.00 -3.61552e-05
45050.00 -3.54636e-05
45100.00 -3.54488e-05
45150.00 -3.59048e-05
45200.00 -3.61016e-05
45250.00 -3.62366e-05
45300.00 -3.62278e-05
45350.00 -3.59225e-05
45400.00 -3.55413e-05
45450.00 -3.54487e-05
45500.00 -3.57962e-05
45550.00 -3.60396e-05
45600.00 -3.59947e-05
45650.00 -3.59593e-05
45700.00 -3.60993e-05
45750.00 -3.62927e-05
45800.00 -3.6529e-05
45850.00 -3.66766e-05
45900.00 -3.6784e-05
45950.00 -3.68327e-05
46000.00 -3.66891e-05
46050.00 -3.68383e-05
46100.00 -3.69654e-05
46150.00 -3.7091e-05
46200.00 -3.68457e-05
46250.00 -3.61901e-05
46300.00 -3.56955e-05
46350.00 -3.53503e-05
46400.00 -3.51933e-05
46450.00 -3.50032e-05
46500.00 -3.5212e-05
46550.00 -3.57676e-05
46600.00 -3.6095e-05
46650.00 -3.63302e-05
46700.00 -3.62615e-05
46750.00 -3.6331e-05
46800.00 -3.67564e-05
46850.00 -3.68688e-05
46900.00 -3.71223e-05
46950.00 -3.72102e-05
47000.00 -3.6678e-05
47050.00 -3.62974e-05
47100.00 -3.59079e-05
47150.00 -3.56292e-05
47200.00 -3.59873e-05
47250.00 -3.61919e-05
47300.00 -3.59582e-05
47350.00 -3.58229e-05
47400.00 -3.60266e-05
47450.00 -3.6441e-05
47500.00 -3.68475e-05
47550.00 -3.70927e-05
47600.00 -3.7028e-05
47650.00 -3.73262e-05
47700.00 -3.74947e-05
47750.00 -3.72597e-05
47800.00 -3.72907e-05
47850.00 -3.72525e-05
47900.00 -3.69937e-05
47950.00 -3.67231e-05
48000.00 -3.6845e-05
48050.00 -3.71521e-05
48100.00 -3.76515e-05
48150.00 -3.8072e-05
48200.00 -3.78894e-05
48250.00 -3.75437e-05
48300.00 -3.75049e-05
48350.00 -3.72567e-05
48400.00 -3.70695e-05
48450.00 -3.71246e-05
48500.00 -3.67601e-05
48550.00 -3.67556e-05
48600.00 -3.68691e-05
48650.00 -3.65735e-05
48700.00 -3.65449e-05
48750.00 -3.67587e-05
48800.00 -3.67739e-05
48850.00 -3.62727e-05
48900.00 -3.6053e-05
48950.00 -3.62223e-05
49000.00 -3.62776e-05
49050.00 -3.64025e-05
49100.00 -3.65434e-05
49150.00 -3.69192e-05
49200.00 -3.74614e-05
49250.00 -3.74814e-05
49300.00 -3.70017e-05
49350.00 -3.65278e-05
49400.00 -3.66577e-05
49450.00 -3.73089e-05
49500.00 -3.74954e-05
49550.00 -3.73341e-05
49600.00 -3.71912e-05
49650.00 -3.71273e-05
49700.00 -3.74217e-05
49750.00 -3.74622e-05
49800.00 -3.7398e-05
49850.00 -3.75897e-05
49900.00 -3.75674e-05
49950.00 -3.77359e-05
50000.00 -3.81895e-05
50050.00 -3.84423e-05
50100.00 -3.80802e-05
50150.00 -3.77689e-05
50200.00 -3.80275e-05
50250.00 -3.79865e-05
50300.00 -3.79419e-05
50350.00 -3.78738e-05
50400.00 -3.78127e-05
50450.00 -3.77515e-05
50500.00 -3.78117e-05
50550.00 -3.78885e-05
50600.00 -3.77594e-05
50650.00 -3.76913e-05
50700.00 -3.76988e-05
50750.00 -3.74851e-05
50800.00 -3.72525e-05
50850.00 -3.75432e-05
50900.00 -3.72656e-05
50950.00 -3.71048e-05
51000.00 -3.70035e-05
51050.00 -3.66637e-05
51100.00 -3.71939e-05
51150.00 -3.75143e-05
51200.00 -3.73512e-05
51250.00 -3.74004e-05
51300.00 -3.75345e-05
51350.00 -3.78494e-05
51400.00 -3.81541e-05
51450.00 -3.80203e-05
51500.00 -3.7981e-05
51550.00 -3.74601e-05
51600.00 -3.6915e-05
51650.00 -3.72354e-05
51700.00 -3.76096e-05
51750.00 -3.77743e-05
51800.00 -3.78279e-05
51850.00 -3.80551e-05
51900.00 -3.83715e-05
51950.00 -3.85285e-05
52000.00 -3.84217e-05
52050.00 -3.86344e-05
52100.00 -3.9082e-05
52150.00 -3.92818e-05
52200.00 -3.93965e-05
52250.00 -3.93493e-05
52300.00 -3.94459e-05
52350.00 -3.92769e-05
52400.00 -3.85545e-05
52450.00 -3.82966e-05
52500.00 -3.82646e-05
52550.00 -3.80059e-05
52600.00 -3.82727e-05
52650.00 -3.83388e-05
52700.00 -3.83059e-05
52750.00 -3.85672e-05
52800.00 -3.84426e-05
52850.00 -3.85105e-05
52900.00 -3.85844e-05
52950.00 -3.84862e-05
53000.00 -3.83261e-05
53050.00 -3.83101e-05
53100.00 -3.82272e-05
53150.00 -3.81029e-05
53200.00 -3.78922e-05
53250.00 -3.78499e-05
53300.00 -3.79205e-05
53350.00 -3.78936e-05
53400.00 -3.79135e-05
53450.00 -3.80513e-05
53500.00 -3.81229e-05
53550.00 -3.76468e-05
53600.00 -3.74867e-05
53650.00 -3.77553e-05
53700.00 -3.79684e-05
53750.00 -3.82551e-05
53800.00 -3.84547e-05
53850.00 -3.85475e-05
53900.00 -3.88065e-05
53950.00 -3.90592e-05
54000.00 -3.90106e-05
54050.00 -3.91857e-05
54100.00 -3.97926e-05
54150.00 -4.03383e-05
54200.00 -4.03894e-05
54250.00 -4.05756e-05
54300.00 -4.07698e-05
54350.00 -4.00141e-05
54400.00 -3.99836e-05
54450.00 -4.02128e-05
54500.00 -3.99724e-05
54550.00 -4.00845e-05
54600.00 -3.99336e-05
54650.00 -3.9984e-05
54700.00 -4.02808e-05
54750.00 -4.02866e-05
54800.00 -4.08052e-05
54850.00 -4.09439e-05
54900.00 -4.06944e-05
54950.00 -4.06293e-05
55000.00 -4.02441e-05
55050.00 -4.04156e-05
55100.00 -4.07195e-05
55150.00 -4.074e-05
55200.00 -4.05889e-05
55250.00 -4.06837e-05
55300.00 -4.03978e-05
55350.00 -3.9733e-05
55400.00 -3.95956e-05
55450.00 -3.94778e-05
55500.00 -3.93218e-05
55550.00 -3.94654e-05
55600.00 -4.03172e-05
55650.00 -4.0969e-05
55700.00 -4.09463e-05
55750.00 -4.08155e-05
55800.00 -4.08255e-05
55850.00 -4.07871e-05
55900.00 -4.01417e-05
55950.00 -3.99855e-05
56000.00 -4.05002e-05
56050.00 -4.07287e-05
56100.00 -4.07874e-05
56150.00 -4.06967e-05
56200.00 -4.04205e-05
56250.00 -4.08932e-05
56300.00 -4.13625e-05
56350.00 -4.10792e-05
56400.00 -4.0967e-05
56450.00 -4.08799e-05
56500.00 -4.10187e-05
56550.00 -4.12166e-05
56600.00 -4.1434e-05
56650.00 -4.2095e-05
56700.00 -4.23451e-05
56750.00 -4.177e-05
56800.00 -4.14572e-05
56850.00 -4.13933e-05
56900.00 -4.13354e-05
56950.00 -4.1361e-05
57000.00 -4.16817e-05
57050.00 -4.2178e-05
57100.00 -4.19801e-05
57150.00 -4.18505e-05
57200.00 -4.16961e-05
57250.00 -4.11219e-05
57300.00 -4.12189e-05
57350.00 -4.15434e-05
57400.00 -4.14703e-05
57450.00 -4.16242e-05
57500.00 -4.18535e-05
57550.00 -4.19947e-05
57600.00 -4.18085e-05
57650.00 -4.18143e-05
57700.00 -4.22188e-05
57750.00 -4.17629e-05
57800.00 -4.11915e-05
57850.00 -4.18874e-05
57900.00 -4.25756e-05
57950.00 -4.26415e-05
58000.00 -4.29632e-05
58050.00 -4.33407e-05
58100.00 -4.34478e-05
58150.00 -4.3196e-05
58200.00 -4.29814e-05
58250.00 -4.27028e-05
58300.00 -4.25565e-05
58350.00 -4.25544e-05
58400.00 -4.24282e-05
58450.00 -4.22652e-05
58500.00 -4.23296e-05
58550.00 -4.24268e-05
58600.00 -4.21752e-05
58650.00 -4.18027e-05
58700.00 -4.17198e-05
58750.00 -4.20081e-05
58800.00 -4.21757e-05
58850.00 -4.21059e-05
58900.00 -4.19451e-05
58950.00 -4.16003e-05
59000.00 -4.15352e-05
59050.00 -4.18513e-05
59100.00 -4.24286e-05
59150.00 -4.33634e-05
59200.00 -4.3731e-05
59250.00 -4.31166e-05
59300.00 -4.27246e-05
59350.00 -4.27422e-05
59400.00 -4.22726e-05
59450.00 -4.22486e-05
59500.00 -4.22309e-05
59550.00 -4.22841e-05
59600.00 -4.25477e-05
59650.00 -4.24086e-05
59700.00 -4.27006e-05
59750.00 -4.30247e-05
59800.00 -4.32329e-05
59850.00 -4.33226e-05
59900.00 -4.29381e-05
59950.00 -4.24995e-05
60000.00 -4.23605e-05
60050.00 -4.20496e-05
60100.00 -4.16063e-05
60150.00 -4.18935e-05
60200.00 -4.2217e-05
60250.00 -4.2051e-05
60300.00 -4.18396e-05
60350.00 -4.17608e-05
60400.00 -4.1825e-05
60450.00 -4.21751e-05
60500.00 -4.24437e-05
60550.00 -4.24475e-05
60600.00 -4.25119e-05
60650.00 -4.27312e-05
60700.00 -4.28442e-05
60750.00 -4.2534e-05
60800.00 -4.20448e-05
60850.00 -4.17338e-05
60900.00 -4.17189e-05
60950.00 -4.17971e-05
61000.00 -4.20706e-05
61050.00 -4.2277e-05
61100.00 -4.24866e-05
61150.00 -4.24663e-05
61200.00 -4.22949e-05
61250.00 -4.21509e-05
61300.00 -4.1787e-05
61350.00 -4.13466e-05
61400.00 -4.12324e-05
61450.00 -4.14477e-05
61500.00 -4.15963e-05
61550.00 -4.17045e-05
61600.00 -4.14977e-05
61650.00 -4.13041e-05
61700.00 -4.15379e-05
61750.00 -4.15474e-05
61800.00 -4.15607e-05
61850.00 -4.16119e-05
61900.00 -4.15786e-05
61950.00 -4.18123e-05
62000.00 -4.20798e-05
62050.00 -4.21388e-05
62100.00 -4.20959e-05
62150.00 -4.23776e-05
62200.00 -4.27108e-05
62250.00 -4.29394e-05
62300.00 -4.3255e-05
62350.00 -4.35168e-05
62400.00 -4.32894e-05
62450.00 -4.30082e-05
62500.00 -4.30656e-05
62550.00 -4.3132e-05
62600.00 -4.30814e-05
62650.00 -4.30579e-05
62700.00 -4.30572e-05
62750.00 -4.31539e-05
62800.00 -4.29099e-05
62850.00 -4.27212e-05
62900.00 -4.30287e-05
62950.00 -4.29522e-05
63000.00 -4.29944e-05
63050.00 -4.343e-05
63100.00 -4.357e-05
63150.00 -4.29705e-05
63200.00 -4.2871e-05
63250.00 -4.31419e-05
63300.00 -4.29368e-05
63350.00 -4.29241e-05
63400.00 -4.31076e-05
63450.00 -4.34492e-05
63500.00 -4.3501e-05
63550.00 -4.31958e-05
63600.00 -4.28012e-05
63650.00 -4.2634e-05
63700.00 -4.28901e-05
63750.00 -4.31506e-05
63800.00 -4.35764e-05
63850.00 -4.3959e-05
63900.00 -4.36731e-05
63950.00 -4.36297e-05
64000.00 -4.39986e-05
64050.00 -4.40159e-05
64100.00 -4.45063e-05
64150.00 -4.5259e-05
64200.00 -4.49162e-05
64250.00 -4.47957e-05
64300.00 -4.50859e-05
64350.00 -4.51302e-05
64400.00 -4.54548e-05
64450.00 -4.55849e-05
64500.00 -4.54662e-05
64550.00 -4.52639e-05
64600.00 -4.51455e-05
64650.00 -4.51961e-05
64700.00 -4.50216e-05
64750.00 -4.49111e-05
64800.00 -4.51881e-05
64850.00 -4.52092e-05
64900.00 -4.49029e-05
64950.00 -4.49833e-05
65000.00 -4.52151e-05
65050.00 -4.52235e-05
65100.00 -4.48255e-05
65150.00 -4.4691e-05
65200.00 -4.49994e-05
65250.00 -4.49879e-05
65300.00 -4.49064e-05
65350.00 -4.47559e-05
65400.00 -4.49314e-05
65450.00 -4.5281e-05
65500.00 -4.54012e-05
65550.00 -4.50864e-05
65600.00 -4.44339e-05
65650.00 -4.43782e-05
65700.00 -4.46223e-05
65750.00 -4.45707e-05
65800.00 -4.442e-05
65850.00 -4.44511e-05
65900.00 -4.46782e-05
65950.00 -4.48132e-05
66000.00 -4.47127e-05
66050.00 -4.4833e-05
66100.00 -4.50944e-05
66150.00 -4.51498e-05
66200.00 -4.54077e-05
66250.00 -4.5455e-05
66300.00 -4.54078e-05
66350.00 -4.5218e-05
66400.00 -4.49253e-05
66450.00 -4.52157e-05
66500.00 -4.54953e-05
66550.00 -4.53043e-05
66600.00 -4.47845e-05
66650.00 -4.47273e-05
66700.00 -4.5102e-05
66750.00 -4.51663e-05
66800.00 -4.58755e-05
66850.00 -4.64839e-05
66900.00 -4.63888e-05
66950.00 -4.64557e-05
67000.00 -4.64811e-05
67050.00 -4.63434e-05
67100.00 -4.61275e-05
67150.00 -4.59505e-05
67200.00 -4.56714e-05
67250.00 -4.53334e-05
67300.00 -4.58624e-05
67350.00 -4.64766e-05
67400.00 -4.63465e-05
67450.00 -4.65334e-05
67500.00 -4.63708e-05
67550.00 -4.6323e-05
67600.00 -4.60691e-05
67650.00 -4.5654e-05
67700.00 -4.52663e-05
67750.00 -4.46192e-05
67800.00 -4.47684e-05
67850.00 -4.50866e-05
67900.00 -4.50905e-05
67950.00 -4.51828e-05
68000.00 -4.51201e-05
68050.00 -4.47897e-05
68100.00 -4.48534e-05
68150.00 -4.51972e-05
68200.00 -4.55287e-05
68250.00 -4.56046e-05
68300.00 -4.51881e-05
68350.00 -4.48615e-05
68400.00 -4.52737e-05
68450.00 -4.58773e-05
68500.00 -4.61742e-05
68550.00 -4.61842e-05
68600.00 -4.60092e-05
68650.00 -4.59699e-05
68700.00 -4.59982e-05
68750.00 -4.63314e-05
68800.00 -4.67713e-05
68850.00 -4.68368e-05
68900.00 -4.68624e-05
68950.00 -4.69332e-05
69000.00 -4.70262e-05
69050.00 -4.68595e-05
69100.00 -4.66071e-05
69150.00 -4.65202e-05
69200.00 -4.61803e-05
69250.00 -4.61672e-05
69300.00 -4.65176e-05
69350.00 -4.65614e-05
69400.00 -4.6271e-05
69450.00 -4.60269e-05
69500.00 -4.61637e-05
69550.00 -4.6275e-05
69600.00 -4.61555e-05
69650.00 -4.58996e-05
69700.00 -4.60556e-05
69750.00 -4.62247e-05
69800.00 -4.63338e-05
69850.00 -4.70323e-05
69900.00 -4.73451e-05
69950.00 -4.6756e-05
70000.00 -4.63122e-05
70050.00 -4.61661e-05
70100.00 -4.59354e-05
70150.00 -4.59192e-05
70200.00 -4.60356e-05
70250.00 -4.61341e-05
70300.00 -4.62756e-05
70350.00 -4.6369e-05
70400.00 -4.61494e-05
70450.00 -4.60157e-05
70500.00 -4.63274e-05
70550.00 -4.63465e-05
70600.00 -4.64991e-05
70650.00 -4.69988e-05
70700.00 -4.74139e-05
70750.00 -4.76988e-05
70800.00 -4.78311e-05
70850.00 -4.78148e-05
70900.00 -4.78312e-05
70950.00 -4.82307e-05
71000.00 -4.84997e-05
71050.00 -4.83089e-05
71100.00 -4.7798e-05
71150.00 -4.76956e-05
71200.00 -4.81002e-05
71250.00 -4.80987e-05
71300.00 -4.78437e-05
71350.00 -4.73397e-05
71400.00 -4.71449e-05
71450.00 -4.79096e-05
71500.00 -4.79544e-05
71550.00 -4.75142e-05
71600.00 -4.75402e-05
71650.00 -4.78993e-05
71700.00 -4.8052e-05
71750.00 -4.80396e-05
71800.00 -4.84046e-05
71850.00 -4.85345e-05
71900.00 -4.82246e-05
71950.00 -4.81269e-05
72000.00 -4.82934e-05
72050.00 -4.84482e-05
72100.00 -4.84257e-05
72150.00 -4.85007e-05
72200.00 -4.908e-05
72250.00 -4.95633e-05
72300.00 -4.98035e-05
72350.00 -4.94991e-05
72400.00 -4.92849e-05
72450.00 -4.9494e-05
72500.00 -4.95392e-05
72550.00 -4.9438e-05
72600.00 -4.92005e-05
72650.00 -4.90004e-05
72700.00 -4.87288e-05
72750.00 -4.85867e-05
72800.00 -4.88857e-05
72850.00 -4.89523e-05
72900.00 -4.8847e-05
72950.00 -4.88228e-05
73000.00 -4.86477e-05
73050.00 -4.85258e-05
73100.00 -4.83442e-05
73150.00 -4.81528e-05
73200.00 -4.78713e-05
73250.00 -4.8014e-05
73300.00 -4.8635e-05
73350.00 -4.88269e-05
73400.00 -4.87815e-05
73450.00 -4.92087e-05
73500.00 -4.95358e-05
73550.00 -4.97509e-05
73600.00 -5.00368e-05
73650.00 -4.9992e-05
73700.00 -5.00072e-05
73750.00 -5.03621e-05
73800.00 -5.07384e-05
73850.00 -5.06113e-05
73900.00 -5.0334e-05
73950.00 -5.02387e-05
74000.00 -5.03023e-05
74050.00 -5.03631e-05
74100.00 -5.07428e-05
74150.00 -5.14178e-05
74200.00 -5.14739e-05
74250.00 -5.15203e-05
74300.00 -5.1926e-05
74350.00 -5.21598e-05
74400.00 -5.23822e-05
74450.00 -5.23459e-05
74500.00 -5.24277e-05
74550.00 -5.25213e-05
74600.00 -5.24604e-05
74650.00 -5.26703e-05
74700.00 -5.28342e-05
74750.00 -5.31261e-05
74800.00 -5.29686e-05
74850.00 -5.23816e-05
74900.00 -5.19836e-05
74950.00 -5.18189e-05
75000.00 -5.21798e-05
75050.00 -5.24387e-05
75100.00 -5.25622e-05
75150.00 -5.28606e-05
75200.00 -5.30225e-05
75250.00 -5.28106e-05
75300.00 -5.27142e-05
75350.00 -5.27388e-05
75400.00 -5.29776e-05
75450.00 -5.34538e-05
75500.00 -5.34062e-05
75550.00 -5.32356e-05
75600.00 -5.34136e-05
75650.00 -5.36489e-05
75700.00 -5.33978e-05
75750.00 -5.28148e-05
75800.00 -5.27759e-05
75850.00 -5.32618e-05
75900.00 -5.34767e-05
75950.00 -5.37625e-05
76000.00 -5.39351e-05
76050.00 -5.34757e-05
76100.00 -5.32406e-05
76150.00 -5.31487e-05
76200.00 -5.32477e-05
76250.00 -5.34339e-05
76300.00 -5.35372e-05
76350.00 -5.36899e-05
76400.00 -5.37809e-05
76450.00 -5.37395e-05
76500.00 -5.32533e-05
76550.00 -5.31054e-05
76600.00 -5.34945e-05
76650.00 -5.36641e-05
76700.00 -5.39842e-05
76750.00 -5.43576e-05
76800.00 -5.47269e-05
76850.00 -5.48841e-05
76900.00 -5.45036e-05
76950.00 -5.42565e-05
77000.00 -5.37811e-05
77050.00 -5.35164e-05
77100.00 -5.35611e-05
77150.00 -5.34868e-05
77200.00 -5.35851e-05
77250.00 -5.40276e-05
77300.00 -5.38482e-05
77350.00 -5.35215e-05
77400.00 -5.35201e-05
77450.00 -5.37126e-05
77500.00 -5.40096e-05
77550.00 -5.37661e-05
77600.00 -5.37018e-05
77650.00 -5.3766e-05
77700.00 -5.38888e-05
77750.00 -5.40879e-05
77800.00 -5.42336e-05
77850.00 -5.45639e-05
77900.00 -5.47071e-05
77950.00 -5.45691e-05
78000.00 -5.44718e-05
78050.00 -5.45737e-05
78100.00 -5.52568e-05
78150.00 -5.59681e-05
78200.00 -5.61484e-05
78250.00 -5.62705e-05
78300.00 -5.62572e-05
78350.00 -5.6267e-05
78400.00 -5.67901e-05
78450.00 -5.67453e-05
78500.00 -5.65217e-05
78550.00 -5.64658e-05
78600.00 -5.60719e-05
78650.00 -5.612e-05
78700.00 -5.65369e-05
78750.00 -5.69287e-05
78800.00 -5.72097e-05
78850.00 -5.73576e-05
78900.00 -5.72506e-05
78950.00 -5.68428e-05
79000.00 -5.64692e-05
79050.00 -5.66767e-05
79100.00 -5.66113e-05
79150.00 -5.60354e-05
79200.00 -5.60767e-05
79250.00 -5.64333e-05
79300.00 -5.64273e-05
79350.00 -5.65017e-05
79400.00 -5.68207e-05
79450.00 -5.69805e-05
79500.00 -5.71502e-05
79550.00 -5.73528e-05
79600.00 -5.74116e-05
79650.00 -5.7456e-05
79700.00 -5.73319e-05
79750.00 -5.69414e-05
79800.00 -5.71798e-05
79850.00 -5.74408e-05
79900.00 -5.77901e-05
79950.00 -5.79621e-05
80000.00 -5.7603e-05
80050.00 -5.76712e-05
80100.00 -5.78008e-05
80150.00 -5.76694e-05
80200.00 -5.74965e-05
80250.00 -5.74532e-05
80300.00 -5.73379e-05
80350.00 -5.70683e-05
80400.00 -5.73246e-05
80450.00 -5.78907e-05
80500.00 -5.78933e-05
80550.00 -5.77555e-05
80600.00 -5.77776e-05
80650.00 -5.82063e-05
80700.00 -5.86887e-05
80750.00 -5.89145e-05
80800.00 -5.92962e-05
80850.00 -5.92889e-05
80900.00 -5.89851e-05
80950.00 -5.87805e-05
81000.00 -5.84729e-05
81050.00 -5.80353e-05
81100.00 -5.79311e-05
81150.00 -5.8316e-05
81200.00 -5.84617e-05
81250.00 -5.80796e-05
81300.00 -5.77641e-05
81350.00 -5.78649e-05
81400.00 -5.83215e-05
81450.00 -5.88497e-05
81500.00 -5.85242e-05
81550.00 -5.80426e-05
81600.00 -5.83862e-05
81650.00 -5.87647e-05
81700.00 -5.87589e-05
81750.00 -5.85132e-05
81800.00 -5.81366e-05
81850.00 -5.78358e-05
81900.00 -5.74643e-05
81950.00 -5.73038e-05
82000.00 -5.75393e-05
82050.00 -5.76753e-05
82100.00 -5.75835e-05
82150.00 -5.76565e-05
82200.00 -5.76708e-05
82250.00 -5.76314e-05
82300.00 -5.80732e-05
82350.00 -5.83401e-05
82400.00 -5.81986e-05
82450.00 -5.8584e-05
82500.00 -5.88737e-05
82550.00 -5.86608e-05
82600.00 -5.88192e-05
82650.00 -5.89322e-05
82700.00 -5.87607e-05
82750.00 -5.89458e-05
82800.00 -5.8977e-05
82850.00 -5.8645e-05
82900.00 -5.85073e-05
82950.00 -5.85366e-05
83000.00 -5.82344e-05
83050.00 -5.82474e-05
83100.00 -5.87579e-05
83150.00 -5.87174e-05
83200.00 -5.88662e-05
83250.00 -5.93284e-05
83300.00 -5.92612e-05
83350.00 -5.8893e-05
83400.00 -5.88882e-05
83450.00 -5.95346e-05
83500.00 -5.98236e-05
83550.00 -5.98889e-05
83600.00 -6.0107e-05
83650.00 -5.9648e-05
83700.00 -5.94126e-05
83750.00 -5.94137e-05
83800.00 -5.89033e-05
83850.00 -5.87732e-05
83900.00 -5.90621e-05
83950.00 -5.89353e-05
84000.00 -5.8662e-05
84050.00 -5.896e-05
84100.00 -5.93935e-05
84150.00 -5.96206e-05
84200.00 -5.94303e-05
84250.00 -5.87861e-05
84300.00 -5.86193e-05
84350.00 -5.8702e-05
84400.00 -5.88417e-05
84450.00 -5.92065e-05
84500.00 -5.94091e-05
84550.00 -5.99272e-05
84600.00 -6.06817e-05
84650.00 -6.0918e-05
84700.00 -6.02106e-05
84750.00 -5.95638e-05
84800.00 -5.98418e-05
84850.00 -6.05069e-05
84900.00 -6.14047e-05
84950.00 -6.2056e-05
85000.00 -6.21601e-05
85050.00 -6.23212e-05
85100.00 -6.19215e-05
85150.00 -6.15673e-05
85200.00 -6.20231e-05
85250.00 -6.20471e-05
85300.00 -6.16539e-05
85350.00 -6.14389e-05
85400.00 -6.17576e-05
85450.00 -6.2187e-05
85500.00 -6.19511e-05
85550.00 -6.16378e-05
85600.00 -6.19415e-05
85650.00 -6.21463e-05
85700.00 -6.17899e-05
85750.00 -6.15464e-05
85800.00 -6.16479e-05
85850.00 -6.18764e-05
85900.00 -6.21959e-05
85950.00 -6.2702e-05
86000.00 -6.27403e-05
86050.00 -6.2411e-05
86100.00 -6.22819e-05
86150.00 -6.19782e-05
86200.00 -6.20281e-05
86250.00 -6.25444e-05
86300.00 -6.31017e-05
86350.00 -6.32678e-05
86400.00 -6.3084e-05
86450.00 -6.31721e-05
86500.00 -6.37293e-05
86550.00 -6.42139e-05
86600.00 -6.4479e-05
86650.00 -6.43632e-05
86700.00 -6.37848e-05
86750.00 -6.36115e-05
86800.00 -6.39997e-05
86850.00 -6.42589e-05
86900.00 -6.42782e-05
86950.00 -6.41987e-05
87000.00 -6.43166e-05
87050.00 -6.45254e-05
87100.00 -6.40839e-05
87150.00 -6.35616e-05
87200.00 -6.36697e-05
87250.00 -6.37202e-05
87300.00 -6.37581e-05
87350.00 -6.41798e-05
87400.00 -6.46145e-05
87450.00 -6.49181e-05
87500.00 -6.51789e-05
87550.00 -6.49099e-05
87600.00 -6.44255e-05
87650.00 -6.43305e-05
87700.00 -6.38909e-05
87750.00 -6.35933e-05
87800.00 -6.39172e-05
87850.00 -6.43143e-05
87900.00 -6.42244e-05
87950.00 -6.39824e-05
88000.00 -6.40638e-05
88050.00 -6.41837e-05
88100.00 -6.40957e-05
88150.00 -6.39031e-05
88200.00 -6.40986e-05
88250.00 -6.44872e-05
88300.00 -6.44911e-05
88350.00 -6.44595e-05
88400.00 -6.41273e-05
88450.00 -6.36893e-05
88500.00 -6.36826e-05
88550.00 -6.39667e-05
88600.00 -6.42758e-05
88650.00 -6.453e-05
88700.00 -6.50089e-05
88750.00 -6.5232e-05
88800.00 -6.50194e-05
88850.00 -6.48383e-05
88900.00 -6.49739e-05
88950.00 -6.50551e-05
89000.00 -6.512e-05
89050.00 -6.47875e-05
89100.00 -6.46545e-05
89150.00 -6.53388e-05
89200.00 -6.59739e-05
89250.00 -6.61278e-05
89300.00 -6.55188e-05
89350.00 -6.53926e-05
89400.00 -6.58564e-05
89450.00 -6.54802e-05
89500.00 -6.51822e-05
89550.00 -6.52286e-05
89600.00 -6.48255e-05
89650.00 -6.45895e-05
89700.00 -6.44397e-05
89750.00 -6.42097e-05
89800.00 -6.43355e-05
89850.00 -6.4767e-05
89900.00 -6.52749e-05
89950.00 -6.55944e-05
90000.00 -6.56651e-05
90050.00 -6.59944e-05
90100.00 -6.62001e-05
90150.00 -6.61014e-05
90200.00 -6.60936e-05
90250.00 -6.6039e-05
90300.00 -6.59522e-05
90350.00 -6.59861e-05
90400.00 -6.58349e-05
90450.00 -6.56186e-05
90500.00 -6.58586e-05
90550.00 -6.6423e-05
90600.00 -6.69456e-05
90650.00 -6.70889e-05
90700.00 -6.67796e-05
90750.00 -6.63694e-05
90800.00 -6.65083e-05
90850.00 -6.66417e-05
90900.00 -6.66049e-05
90950.00 -6.63625e-05
91000.00 -6.6099e-05
91050.00 -6.62655e-05
91100.00 -6.65822e-05
91150.00 -6.67733e-05
91200.00 -6.68473e-05
91250.00 -6.68295e-05
91300.00 -6.67456e-05
91350.00 -6.67311e-05
91400.00 -6.69762e-05
91450.00 -6.71391e-05
91500.00 -6.71276e-05
91550.00 -6.69748e-05
91600.00 -6.6757e-05
91650.00 -6.70095e-05
91700.00 -6.72634e-05
91750.00 -6.71638e-05
91800.00 -6.66275e-05
91850.00 -6.6557e-05
91900.00 -6.69154e-05
91950.00 -6.70862e-05
92000.00 -6.73034e-05
92050.00 -6.74503e-05
92100.00 -6.7105e-05
92150.00 -6.66343e-05
92200.00 -6.69468e-05
92250.00 -6.73633e-05
92300.00 -6.75582e-05
92350.00 -6.76026e-05
92400.00 -6.73863e-05
92450.00 -6.71252e-05
92500.00 -6.70171e-05
92550.00 -6.72981e-05
92600.00 -6.76867e-05
92650.00 -6.74919e-05
92700.00 -6.68363e-05
92750.00 -6.69076e-05
92800.00 -6.7364e-05
92850.00 -6.74278e-05
92900.00 -6.75169e-05
92950.00 -6.7516e-05
93000.00 -6.71573e-05
93050.00 -6.66237e-05
93100.00 -6.63562e-05
93150.00 -6.66284e-05
93200.00 -6.70538e-05
93250.00 -6.70494e-05
93300.00 -6.69086e-05
93350.00 -6.7089e-05
93400.00 -6.70631e-05
93450.00 -6.72065e-05
93500.00 -6.76458e-05
93550.00 -6.75407e-05
93600.00 -6.73986e-05
93650.00 -6.77417e-05
93700.00 -6.79266e-05
93750.00 -6.76124e-05
93800.00 -6.75074e-05
93850.00 -6.78261e-05
93900.00 -6.79413e-05
93950.00 -6.7924e-05
94000.00 -6.80694e-05
94050.00 -6.82525e-05
94100.00 -6.82845e-05
94150.00 -6.79853e-05
94200.00 -6.74397e-05
94250.00 -6.72568e-05
94300.00 -6.71591e-05
94350.00 -6.70441e-05
94400.00 -6.72838e-05
94450.00 -6.7539e-05
94500.00 -6.77173e-05
94550.00 -6.81485e-05
94600.00 -6.84681e-05
94650.00 -6.83693e-05
94700.00 -6.82483e-05
94750.00 -6.84377e-05
94800.00 -6.88041e-05
94850.00 -6.90024e-05
94900.00 -6.90078e-05
94950.00 -6.88744e-05
95000.00 -6.86506e-05
95050.00 -6.84696e-05
95100.00 -6.8141e-05
95150.00 -6.77758e-05
95200.00 -6.79291e-05
95250.00 -6.83796e-05
95300.00 -6.85611e-05
95350.00 -6.87786e-05
95400.00 -6.90299e-05
95450.00 -6.9084e-05
95500.00 -6.92115e-05
95550.00 -6.9513e-05
95600.00 -6.97144e-05
95650.00 -6.92217e-05
95700.00 -6.87436e-05
95750.00 -6.9011e-05
95800.00 -6.9179e-05
95850.00 -6.89627e-05
95900.00 -6.87369e-05
95950.00 -6.87059e-05
96000.00 -6.89841e-05
96050.00 -6.92221e-05
96100.00 -6.95944e-05
96150.00 -6.96238e-05
96200.00 -6.9228e-05
96250.00 -6.93202e-05
96300.00 -6.98841e-05
96350.00 -7.00259e-05
96400.00 -6.9399e-05
96450.00 -6.85719e-05
96500.00 -6.83825e-05
96550.00 -6.92937e-05
96600.00 -7.00982e-05
96650.00 -7.01334e-05
96700.00 -6.98934e-05
96750.00 -6.98616e-05
96800.00 -7.03249e-05
96850.00 -7.06649e-05
96900.00 -7.05561e-05
96950.00 -7.0542e-05
97000.00 -7.0507e-05
97050.00 -7.03218e-05
97100.00 -7.01647e-05
97150.00 -7.01142e-05
97200.00 -7.0094e-05
97250.00 -7.01113e-05
97300.00 -7.02179e-05
97350.00 -7.04436e-05
97400.00 -7.06347e-05
97450.00 -7.05031e-05
97500.00 -7.03388e-05
97550.00 -7.04055e-05
97600.00 -7.0633e-05
97650.00 -7.03893e-05
97700.00 -6.97401e-05
97750.00 -6.97813e-05
97800.00 -7.03937e-05
97850.00 -7.05411e-05
97900.00 -7.0784e-05
97950.00 -7.14744e-05
98000.00 -7.18611e-05
98050.00 -7.19739e-05
98100.00 -7.18935e-05
98150.00 -7.18205e-05
98200.00 -7.197e-05
98250.00 -7.16944e-05
98300.00 -7.15113e-05
98350.00 -7.16877e-05
98400.00 -7.20322e-05
98450.00 -7.19918e-05
98500.00 -7.16419e-05
98550.00 -7.14818e-05
98600.00 -7.15205e-05
98650.00 -7.15985e-05
98700.00 -7.14978e-05
98750.00 -7.15799e-05
98800.00 -7.15536e-05
98850.00 -7.15573e-05
98900.00 -7.18635e-05
98950.00 -7.19333e-05
99000.00 -7.18392e-05
99050.00 -7.21651e-05
99100.00 -7.26853e-05
99150.00 -7.26578e-05
99200.00 -7.25604e-05
99250.00 -7.28156e-05
99300.00 -7.29171e-05
99350.00 -7.30745e-05
99400.00 -7.30106e-05
99450.00 -7.27457e-05
99500.00 -7.27337e-05
99550.00 -7.29012e-05
99600.00 -7.3075e-05
99650.00 -7.3019e-05
99700.00 -7.2938e-05
99750.00 -7.25299e-05
99800.00 -7.19166e-05
99850.00 -7.19134e-05
99900.00 -7.20513e-05
