50.00 -1.90821e-07
100.00 -2.68496e-07
150.00 -4.22667e-07
200.00 -6.49039e-07
250.00 -6.92863e-07
300.00 -1.02213e-06
350.00 -1.55225e-06
400.00 -1.82581e-06
450.00 -2.14064e-06
500.00 -1.85041e-06
550.00 -1.3114e-06
600.00 -1.25734e-06
650.00 -1.63596e-06
700.00 -1.66891e-06
750.00 -1.26775e-06
800.00 -1.11082e-06
850.00 -1.03499e-06
900.00 -8.86938e-07
950.00 -1.16245e-06
1000.00 -1.64556e-06
1050.00 -1.97236e-06
1100.00 -1.98762e-06
1150.00 -1.85412e-06
1200.00 -1.75662e-06
1250.00 -1.4441e-06
1300.00 -1.11753e-06
1350.00 -1.56134e-06
1400.00 -2.104e-06
1450.00 -1.7261e-06
1500.00 -1.43282e-06
1550.00 -1.53695e-06
1600.00 -1.57739e-06
1650.00 -1.83515e-06
1700.00 -2.05851e-06
1750.00 -1.85062e-06
1800.00 -1.53747e-06
1850.00 -1.75976e-06
1900.00 -2.38263e-06
1950.00 -2.56874e-06
2000.00 -2.20341e-06
2050.00 -1.62718e-06
2100.00 -1.74457e-06
2150.00 -2.23388e-06
2200.00 -2.38818e-06
2250.00 -2.54769e-06
2300.00 -2.91769e-06
2350.00 -3.33531e-06
2400.00 -3.41388e-06
2450.00 -3.68393e-06
2500.00 -3.77005e-06
2550.00 -3.62277e-06
2600.00 -3.76151e-06
2650.00 -3.37022e-06
2700.00 -3.21962e-06
2750.00 -3.65423e-06
2800.00 -3.7574e-06
2850.00 -3.65932e-06
2900.00 -3.79913e-06
2950.00 -4.31272e-06
3000.00 -4.51516e-06
3050.00 -4.10548e-06
3100.00 -3.81485e-06
3150.00 -3.76088e-06
3200.00 -3.55931e-06
3250.00 -3.61336e-06
3300.00 -3.84774e-06
3350.00 -3.94242e-06
3400.00 -4.14257e-06
3450.00 -4.52273e-06
3500.00 -4.87355e-06
3550.00 -5.06385e-06
3600.00 -5.53282e-06
3650.00 -5.58814e-06
3700.00 -5.02563e-06
3750.00 -4.5148e-06
3800.00 -4.28381e-06
3850.00 -4.47758e-06
3900.00 -5.07878e-06
3950.00 -5.54714e-06
4000.00 -5.8059e-06
4050.00 -5.68793e-06
4100.00 -5.092e-06
4150.00 -5.0568e-06
4200.00 -4.93532e-06
4250.00 -4.59696e-06
4300.00 -4.89329e-06
4350.00 -5.15746e-06
4400.00 -5.13595e-06
4450.00 -5.2672e-06
4500.00 -5.31771e-06
4550.00 -5.60196e-06
4600.00 -5.9922e-06
4650.00 -6.01095e-06
4700.00 -6.08966e-06
4750.00 -6.23859e-06
4800.00 -6.53671e-06
4850.00 -6.63092e-06
4900.00 -6.38928e-06
4950.00 -5.68445e-06
5000.00 -5.12001e-06
5050.00 -5.2302e-06
5100.00 -5.48732e-06
5150.00 -5.30309e-06
5200.00 -5.14359e-06
5250.00 -5.69049e-06
5300.00 -5.67913e-06
5350.00 -5.61245e-06
5400.00 -5.92723e-06
5450.00 -6.1049e-06
5500.00 -5.93886e-06
5550.00 -5.46816e-06
5600.00 -5.29937e-06
5650.00 -5.13746e-06
5700.00 -4.9013e-06
5750.00 -4.79509e-06
5800.00 -5.15299e-06
5850.00 -5.72836e-06
5900.00 -5.87484e-06
5950.00 -5.74989e-06
6000.00 -6.0271e-06
6050.00 -6.39343e-06
6100.00 -6.63389e-06
6150.00 -6.77387e-06
6200.00 -6.45299e-06
6250.00 -6.46887e-06
6300.00 -6.78185e-06
6350.00 -6.36953e-06
6400.00 -6.23937e-06
6450.00 -6.95408e-06
6500.00 -7.12441e-06
6550.00 -6.82397e-06
6600.00 -6.57934e-06
6650.00 -6.39364e-06
6700.00 -6.43683e-06
6750.00 -6.78498e-06
6800.00 -6.81812e-06
6850.00 -6.78627e-06
6900.00 -7.34582e-06
6950.00 -7.93661e-06
7000.00 -8.02882e-06
7050.00 -7.77953e-06
7100.00 -7.52468e-06
7150.00 -7.13285e-06
7200.00 -7.17801e-06
7250.00 -7.47787e-06
7300.00 -7.3176e-06
7350.00 -7.05523e-06
7400.00 -7.13644e-06
7450.00 -7.03786e-06
7500.00 -6.87654e-06
7550.00 -7.08997e-06
7600.00 -7.16277e-06
7650.00 -6.91655e-06
7700.00 -6.09746e-06
7750.00 -6.01282e-06
7800.00 -6.54427e-06
7850.00 -6.54584e-06
7900.00 -6.37883e-06
7950.00 -6.24004e-06
8000.00 -6.02315e-06
8050.00 -6.23506e-06
8100.00 -6.72358e-06
8150.00 -6.8791e-06
8200.00 -7.06027e-06
8250.00 -6.77212e-06
8300.00 -6.67969e-06
8350.00 -6.87633e-06
8400.00 -7.0959e-06
8450.00 -7.12397e-06
8500.00 -7.09171e-06
8550.00 -7.18717e-06
8600.00 -6.85541e-06
8650.00 -6.95916e-06
8700.00 -7.05277e-06
8750.00 -6.79676e-06
8800.00 -6.86444e-06
8850.00 -6.91745e-06
8900.00 -6.79339e-06
8950.00 -6.6723e-06
9000.00 -6.87526e-06
9050.00 -6.79942e-06
9100.00 -6.39526e-06
9150.00 -6.74516e-06
9200.00 -7.01501e-06
9250.00 -6.99004e-06
9300.00 -7.04317e-06
9350.00 -7.02344e-06
9400.00 -7.40971e-06
9450.00 -7.44745e-06
9500.00 -7.09876e-06
9550.00 -7.37251e-06
9600.00 -7.99136e-06
9650.00 -8.17044e-06
9700.00 -7.73005e-06
9750.00 -7.0301e-06
9800.00 -6.76257e-06
9850.00 -6.82469e-06
9900.00 -6.63627e-06
9950.00 -6.54205e-06
10000.00 -6.28062e-06
10050.00 -5.90834e-06
10100.00 -6.37049e-06
10150.00 -6.96656e-06
10200.00 -6.97234e-06
10250.00 -6.71836e-06
10300.00 -6.43469e-06
10350.00 -6.55628e-06
10400.00 -6.39002e-06
10450.00 -6.51847e-06
10500.00 -6.97324e-06
10550.00 -6.96712e-06
10600.00 -7.12647e-06
10650.00 -7.37983e-06
10700.00 -7.5458e-06
10750.00 -7.58782e-06
10800.00 -7.11339e-06
10850.00 -6.6636e-06
10900.00 -6.96868e-06
10950.00 -7.50592e-06
11000.00 -7.6793e-06
11050.00 -7.31225e-06
11100.00 -6.88916e-06
11150.00 -6.59113e-06
11200.00 -6.57684e-06
11250.00 -6.82464e-06
11300.00 -7.17951e-06
11350.00 -7.24635e-06
11400.00 -7.38421e-06
11450.00 -7.41029e-06
11500.00 -6.83954e-06
11550.00 -6.80663e-06
11600.00 -7.01265e-06
11650.00 -6.84936e-06
11700.00 -6.92665e-06
11750.00 -7.16702e-06
11800.00 -7.57107e-06
11850.00 -8.23475e-06
11900.00 -7.92397e-06
11950.00 -7.43454e-06
12000.00 -7.50587e-06
12050.00 -7.86869e-06
12100.00 -8.25107e-06
12150.00 -8.05433e-06
12200.00 -7.94414e-06
12250.00 -8.11348e-06
12300.00 -8.38659e-06
12350.00 -8.43766e-06
12400.00 -8.59049e-06
12450.00 -8.76855e-06
12500.00 -8.32692e-06
12550.00 -7.67178e-06
12600.00 -7.1916e-06
12650.00 -7.03406e-06
12700.00 -7.27726e-06
12750.00 -7.50953e-06
12800.00 -7.44039e-06
12850.00 -7.39078e-06
12900.00 -7.52006e-06
12950.00 -7.97347e-06
13000.00 -8.03415e-06
13050.00 -8.02912e-06
13100.00 -8.27057e-06
13150.00 -8.3274e-06
13200.00 -8.54864e-06
13250.00 -9.07487e-06
13300.00 -9.48982e-06
13350.00 -9.45085e-06
13400.00 -9.5255e-06
13450.00 -9.9076e-06
13500.00 -1.01184e-05
13550.00 -1.01863e-05
13600.00 -1.03132e-05
13650.00 -1.10602e-05
13700.00 -1.16713e-05
13750.00 -1.12391e-05
13800.00 -1.07064e-05
13850.00 -1.04161e-05
13900.00 -1.0542e-05
13950.00 -1.08338e-05
14000.00 -1.15562e-05
14050.00 -1.17639e-05
14100.00 -1.17427e-05
14150.00 -1.22129e-05
14200.00 -1.21223e-05
14250.00 -1.16073e-05
14300.00 -1.12672e-05
14350.00 -1.16736e-05
14400.00 -1.20944e-05
14450.00 -1.21064e-05
14500.00 -1.19422e-05
14550.00 -1.15935e-05
14600.00 -1.14103e-05
14650.00 -1.15029e-05
14700.00 -1.11936e-05
14750.00 -1.07408e-05
14800.00 -1.08605e-05
14850.00 -1.07757e-05
14900.00 -1.07042e-05
14950.00 -1.10232e-05
15000.00 -1.11632e-05
15050.00 -1.10138e-05
15100.00 -1.09427e-05
15150.00 -1.08568e-05
15200.00 -1.08095e-05
15250.00 -1.11003e-05
15300.00 -1.12614e-05
15350.00 -1.13503e-05
15400.00 -1.16668e-05
15450.00 -1.19047e-05
15500.00 -1.20221e-05
15550.00 -1.23952e-05
15600.00 -1.27127e-05
15650.00 -1.2799e-05
15700.00 -1.29858e-05
15750.00 -1.34697e-05
15800.00 -1.38111e-05
15850.00 -1.31955e-05
15900.00 -1.27667e-05
15950.00 -1.30227e-05
16000.00 -1.31994e-05
16050.00 -1.35061e-05
16100.00 -1.37793e-05
16150.00 -1.39855e-05
16200.00 -1.41023e-05
16250.00 -1.39893e-05
16300.00 -1.38306e-05
16350.00 -1.38229e-05
16400.00 -1.42724e-05
16450.00 -1.49398e-05
16500.00 -1.52446e-05
16550.00 -1.53079e-05
16600.00 -1.50568e-05
16650.00 -1.4629e-05
16700.00 -1.42973e-05
16750.00 -1.42212e-05
16800.00 -1.44124e-05
16850.00 -1.45868e-05
16900.00 -1.46137e-05
16950.00 -1.50013e-05
17000.00 -1.54155e-05
17050.00 -1.53179e-05
17100.00 -1.52265e-05
17150.00 -1.53638e-05
17200.00 -1.51232e-05
17250.00 -1.47591e-05
17300.00 -1.43866e-05
17350.00 -1.41187e-05
17400.00 -1.42302e-05
17450.00 -1.44362e-05
17500.00 -1.52665e-05
17550.00 -1.55129e-05
17600.00 -1.49402e-05
17650.00 -1.45988e-05
17700.00 -1.47047e-05
17750.00 -1.49623e-05
17800.00 -1.52902e-05
17850.00 -1.5935e-05
17900.00 -1.60429e-05
17950.00 -1.57078e-05
18000.00 -1.54929e-05
18050.00 -1.55216e-05
18100.00 -1.57415e-05
18150.00 -1.59575e-05
18200.00 -1.60609e-05
18250.00 -1.58172e-05
18300.00 -1.57179e-05
18350.00 -1.59856e-05
18400.00 -1.67332e-05
18450.00 -1.70466e-05
18500.00 -1.63972e-05
18550.00 -1.59894e-05
18600.00 -1.62624e-05
18650.00 -1.64592e-05
18700.00 -1.65204e-05
18750.00 -1.6699e-05
18800.00 -1.64979e-05
18850.00 -1.63489e-05
18900.00 -1.6498e-05
18950.00 -1.6663e-05
19000.00 -1.71222e-05
19050.00 -1.76026e-05
19100.00 -1.80692e-05
19150.00 -1.83488e-05
19200.00 -1.81392e-05
19250.00 -1.80023e-05
19300.00 -1.78115e-05
19350.00 -1.72763e-05
19400.00 -1.72106e-05
19450.00 -1.71192e-05
19500.00 -1.67173e-05
19550.00 -1.6851e-05
19600.00 -1.69951e-05
19650.00 -1.68696e-05
19700.00 -1.64916e-05
19750.00 -1.62029e-05
19800.00 -1.62516e-05
19850.00 -1.64739e-05
19900.00 -1.64554e-05
19950.00 -1.66818e-05
20000.00 -1.73727e-05
20050.00 -1.73871e-05
20100.00 -1.72738e-05
20150.00 -1.71115e-05
20200.00 -1.67029e-05
20250.00 -1.69398e-05
20300.00 -1.7306e-05
20350.00 -1.74716e-05
20400.00 -1.75072e-05
20450.00 -1.73156e-05
20500.00 -1.7614e-05
20550.00 -1.77879e-05
20600.00 -1.77562e-05
20650.00 -1.77937e-05
20700.00 -1.79596e-05
20750.00 -1.83257e-05
20800.00 -1.83012e-05
20850.00 -1.8189e-05
20900.00 -1.82856e-05
20950.00 -1.8489e-05
21000.00 -1.84407e-05
21050.00 -1.8383e-05
21100.00 -1.84596e-05
21150.00 -1.86796e-05
21200.00 -1.88682e-05
21250.00 -1.88316e-05
21300.00 -1.89795e-05
21350.00 -1.93735e-05
21400.00 -1.97287e-05
21450.00 -1.95123e-05
21500.00 -1.94808e-05
21550.00 -1.93719e-05
21600.00 -1.8884e-05
21650.00 -1.86e-05
21700.00 -1.87267e-05
21750.00 -1.91235e-05
21800.00 -1.88346e-05
21850.00 -1.83664e-05
21900.00 -1.82112e-05
21950.00 -1.81325e-05
22000.00 -1.84786e-05
22050.00 -1.90606e-05
22100.00 -1.93693e-05
22150.00 -1.94794e-05
22200.00 -1.93618e-05
22250.00 -1.89585e-05
22300.00 -1.8755e-05
22350.00 -1.91846e-05
22400.00 -1.91776e-05
22450.00 -1.9004e-05
22500.00 -1.91653e-05
22550.00 -1.94987e-05
22600.00 -2.00893e-05
22650.00 -2.00493e-05
22700.00 -1.97918e-05
22750.00 -1.98464e-05
22800.00 -1.99246e-05
22850.00 -2.01543e-05
22900.00 -2.01835e-05
22950.00 -2.02224e-05
23000.00 -2.03246e-05
23050.00 -2.00591e-05
23100.00 -1.99711e-05
23150.00 -2.06008e-05
23200.00 -2.11527e-05
23250.00 -2.09233e-05
23300.00 -2.08153e-05
23350.00 -2.07926e-05
23400.00 -2.07113e-05
23450.00 -2.05023e-05
23500.00 -2.0396e-05
23550.00 -2.05454e-05
23600.00 -2.03421e-05
23650.00 -2.02817e-05
23700.00 -2.0622e-05
23750.00 -2.06781e-05
23800.00 -2.03199e-05
23850.00 -2.04425e-05
23900.00 -2.05484e-05
23950.00 -2.05167e-05
24000.00 -2.02609e-05
24050.00 -1.99078e-05
24100.00 -1.9817e-05
24150.00 -1.97124e-05
24200.00 -1.99419e-05
24250.00 -1.98864e-05
24300.00 -1.97142e-05
24350.00 -2.00678e-05
24400.00 -2.06483e-05
24450.00 -2.10013e-05
24500.00 -2.10403e-05
24550.00 -2.11881e-05
24600.00 -2.10908e-05
24650.00 -2.06654e-05
24700.00 -2.04618e-05
24750.00 -2.03934e-05
24800.00 -2.03481e-05
24850.00 -2.03733e-05
24900.00 -2.05976e-05
24950.00 -2.06254e-05
25000.00 -2.0583e-05
25050.00 -2.05104e-05
25100.00 -2.06101e-05
25150.00 -2.04677e-05
25200.00 -2.01807e-05
25250.00 -1.99217e-05
25300.00 -1.97594e-05
25350.00 -2.00984e-05
25400.00 -2.05402e-05
25450.00 -2.07333e-05
25500.00 -2.00751e-05
25550.00 -1.98074e-05
25600.00 -2.03762e-05
25650.00 -2.04277e-05
25700.00 -2.01997e-05
25750.00 -2.04018e-05
25800.00 -2.092e-05
25850.00 -2.12979e-05
25900.00 -2.11334e-05
25950.00 -2.08901e-05
26000.00 -2.10757e-05
26050.00 -2.13101e-05
26100.00 -2.13635e-05
26150.00 -2.13492e-05
26200.00 -2.12407e-05
26250.00 -2.1457e-05
26300.00 -2.15391e-05
26350.00 -2.16469e-05
26400.00 -2.16203e-05
26450.00 -2.12348e-05
26500.00 -2.1238e-05
26550.00 -2.15315e-05
26600.00 -2.20874e-05
26650.00 -2.23586e-05
26700.00 -2.20561e-05
26750.00 -2.21896e-05
26800.00 -2.26586e-05
26850.00 -2.2731e-05
26900.00 -2.27114e-05
26950.00 -2.25428e-05
27000.00 -2.28133e-05
27050.00 -2.30927e-05
27100.00 -2.30666e-05
27150.00 -2.30067e-05
27200.00 -2.26876e-05
27250.00 -2.27144e-05
27300.00 -2.3113e-05
27350.00 -2.30146e-05
27400.00 -2.26805e-05
27450.00 -2.28556e-05
27500.00 -2.25743e-05
27550.00 -2.23396e-05
27600.00 -2.29181e-05
27650.00 -2.29983e-05
27700.00 -2.27386e-05
27750.00 -2.28595e-05
27800.00 -2.29451e-05
27850.00 -2.30019e-05
27900.00 -2.31857e-05
27950.00 -2.31366e-05
28000.00 -2.32597e-05
28050.00 -2.35185e-05
28100.00 -2.34248e-05
28150.00 -2.34656e-05
28200.00 -2.35527e-05
28250.00 -2.36923e-05
28300.00 -2.39481e-05
28350.00 -2.38992e-05
28400.00 -2.38092e-05
28450.00 -2.42279e-05
28500.00 -2.47542e-05
28550.00 -2.45376e-05
28600.00 -2.38957e-05
28650.00 -2.38499e-05
28700.00 -2.39367e-05
28750.00 -2.36702e-05
28800.00 -2.3573e-05
28850.00 -2.36706e-05
28900.00 -2.37091e-05
28950.00 -2.40666e-05
29000.00 -2.43923e-05
29050.00 -2.4672e-05
29100.00 -2.43631e-05
29150.00 -2.41113e-05
29200.00 -2.43532e-05
29250.00 -2.47131e-05
29300.00 -2.5263e-05
29350.00 -2.52215e-05
29400.00 -2.5038e-05
29450.00 -2.52367e-05
29500.00 -2.58962e-05
29550.00 -2.63979e-05
29600.00 -2.60597e-05
29650.00 -2.55504e-05
29700.00 -2.53071e-05
29750.00 -2.51406e-05
29800.00 -2.54718e-05
29850.00 -2.58027e-05
29900.00 -2.58885e-05
29950.00 -2.58057e-05
30000.00 -2.53349e-05
30050.00 -2.51143e-05
30100.00 -2.52188e-05
30150.00 -2.56425e-05
30200.00 -2.59021e-05
30250.00 -2.58099e-05
30300.00 -2.56187e-05
30350.00 -2.49656e-05
30400.00 -2.47884e-05
30450.00 -2.52681e-05
30500.00 -2.57596e-05
30550.00 -2.60383e-05
30600.00 -2.61105e-05
30650.00 -2.65197e-05
30700.00 -2.68033e-05
30750.00 -2.69829e-05
30800.00 -2.70561e-05
30850.00 -2.67237e-05
30900.00 -2.66173e-05
30950.00 -2.66464e-05
31000.00 -2.66749e-05
31050.00 -2.69487e-05
31100.00 -2.73544e-05
31150.00 -2.69746e-05
31200.00 -2.65725e-05
31250.00 -2.68621e-05
31300.00 -2.74449e-05
31350.00 -2.75514e-05
31400.00 -2.70176e-05
31450.00 -2.65304e-05
31500.00 -2.66016e-05
31550.00 -2.66976e-05
31600.00 -2.64998e-05
31650.00 -2.67312e-05
31700.00 -2.70132e-05
31750.00 -2.71704e-05
31800.00 -2.74158e-05
31850.00 -2.76757e-05
31900.00 -2.80417e-05
31950.00 -2.81843e-05
32000.00 -2.78797e-05
32050.00 -2.74398e-05
32100.00 -2.72367e-05
32150.00 -2.73158e-05
32200.00 -2.75751e-05
32250.00 -2.77055e-05
32300.00 -2.79872e-05
32350.00 -2.81629e-05
32400.00 -2.79291e-05
32450.00 -2.8081e-05
32500.00 -2.85218e-05
32550.00 -2.87726e-05
32600.00 -2.90164e-05
32650.00 -2.90769e-05
32700.00 -2.86457e-05
32750.00 -2.82743e-05
32800.00 -2.779e-05
32850.00 -2.76978e-05
32900.00 -2.77379e-05
32950.00 -2.75975e-05
33000.00 -2.76629e-05
33050.00 -2.80194e-05
33100.00 -2.81662e-05
33150.00 -2.80236e-05
33200.00 -2.83316e-05
33250.00 -2.80088e-05
33300.00 -2.76589e-05
33350.00 -2.78521e-05
33400.00 -2.81976e-05
33450.00 -2.84601e-05
33500.00 -2.8245e-05
33550.00 -2.8184e-05
33600.00 -2.87157e-05
33650.00 -2.91062e-05
33700.00 -2.89264e-05
33750.00 -2.87961e-05
33800.00 -2.88968e-05
33850.00 -2.90746e-05
33900.00 -2.89695e-05
33950.00 -2.9103e-05
34000.00 -2.97485e-05
34050.00 -2.99961e-05
34100.00 -2.93854e-05
34150.00 -2.88851e-05
34200.00 -2.88603e-05
34250.00 -2.91029e-05
34300.00 -2.92945e-05
34350.00 -2.96414e-05
34400.00 -3.01213e-05
34450.00 -3.02832e-05
34500.00 -3.05155e-05
34550.00 -3.09365e-05
34600.00 -3.08332e-05
34650.00 -3.06097e-05
34700.00 -3.06584e-05
34750.00 -3.04233e-05
34800.00 -3.03456e-05
34850.00 -3.02508e-05
34900.00 -2.9855e-05
34950.00 -3.01371e-05
35000.00 -3.06159e-05
35050.00 -3.09712e-05
35100.00 -3.1196e-05
35150.00 -3.0849e-05
35200.00 -3.07008e-05
35250.00 -3.0959e-05
35300.00 -3.15206e-05
35350.00 -3.18341e-05
35400.00 -3.16735e-05
35450.00 -3.17395e-05
35500.00 -3.20266e-05
35550.00 -3.19821e-05
35600.00 -3.17382e-05
35650.00 -3.17349e-05
35700.00 -3.15864e-05
35750.00 -3.14274e-05
35800.00 -3.13091e-05
35850.00 -3.13299e-05
35900.00 -3.16487e-05
35950.00 -3.1824e-05
36000.00 -3.18969e-05
36050.00 -3.16604e-05
36100.00 -3.1441e-05
36150.00 -3.13697e-05
36200.00 -3.14331e-05
36250.00 -3.14658e-05
36300.00 -3.15164e-05
36350.00 -3.15633e-05
36400.00 -3.15081e-05
36450.00 -3.13255e-05
36500.00 -3.12704e-05
36550.00 -3.1399e-05
36600.00 -3.16485e-05
36650.00 -3.18282e-05
36700.00 -3.15857e-05
36750.00 -3.1477e-05
36800.00 -3.16235e-05
36850.00 -3.16654e-05
36900.00 -3.16062e-05
36950.00 -3.17644e-05
37000.00 -3.17621e-05
37050.00 -3.17401e-05
37100.00 -3.17865e-05
37150.00 -3.16437e-05
37200.00 -3.16359e-05
37250.00 -3.17189e-05
37300.00 -3.13429e-05
37350.00 -3.10365e-05
37400.00 -3.09157e-05
37450.00 -3.07255e-05
37500.00 -3.08598e-05
37550.00 -3.09523e-05
37600.00 -3.12231e-05
37650.00 -3.15422e-05
37700.00 -3.17679e-05
37750.00 -3.1878e-05
37800.00 -3.13674e-05
37850.00 -3.11944e-05
37900.00 -3.12051e-05
37950.00 -3.13411e-05
38000.00 -3.20145e-05
38050.00 -3.24324e-05
38100.00 -3.22609e-05
38150.00 -3.23041e-05
38200.00 -3.25427e-05
38250.00 -3.26063e-05
38300.00 -3.27398e-05
38350.00 -3.30968e-05
38400.00 -3.35943e-05
38450.00 -3.36828e-05
38500.00 -3.36302e-05
38550.00 -3.38365e-05
38600.00 -3.35804e-05
38650.00 -3.2988e-05
38700.00 -3.30142e-05
38750.00 -3.30613e-05
38800.00 -3.33086e-05
38850.00 -3.36725e-05
38900.00 -3.39384e-05
38950.00 -3.39846e-05
39000.00 -3.39288e-05
39050.00 -3.41997e-05
39100.00 -3.4396e-05
39150.00 -3.41567e-05
39200.00 -3.40031e-05
39250.00 -3.41592e-05
39300.00 -3.41274e-05
39350.00 -3.43282e-05
39400.00 -3.45845e-05
39450.00 -3.46316e-05
39500.00 -3.46946e-05
39550.00 -3.44205e-05
39600.00 -3.41466e-05
39650.00 -3.40873e-05
39700.00 -3.36668e-05
39750.00 -3.38528e-05
39800.00 -3.44651e-05
39850.00 -3.49402e-05
39900.00 -3.55523e-05
39950.00 -3.59091e-05
40000.00 -3.59534e-05
40050.00 -3.60317e-05
40100.00 -3.6543e-05
40150.00 -3.70041e-05
40200.00 -3.70562e-05
40250.00 -3.70242e-05
40300.00 -3.67734e-05
40350.00 -3.66173e-05
40400.00 -3.69428e-05
40450.00 -3.74783e-05
40500.00 -3.77376e-05
40550.00 -3.78125e-05
40600.00 -3.80216e-05
40650.00 -3.81408e-05
40700.00 -3.80859e-05
40750.00 -3.79294e-05
40800.00 -3.8049e-05
40850.00 -3.80116e-05
40900.00 -3.79693e-05
40950.00 -3.80615e-05
41000.00 -3.79728e-05
41050.00 -3.82819e-05
41100.00 -3.86248e-05
41150.00 -3.90281e-05
41200.00 -3.90909e-05
41250.00 -3.84279e-05
41300.00 -3.80748e-05
41350.00 -3.80081e-05
41400.00 -3.80175e-05
41450.00 -3.78791e-05
41500.00 -3.76226e-05
41550.00 -3.73367e-05
41600.00 -3.72136e-05
41650.00 -3.7096e-05
41700.00 -3.70362e-05
41750.00 -3.74176e-05
41800.00 -3.78006e-05
41850.00 -3.77131e-05
41900.00 -3.76497e-05
41950.00 -3.77214e-05
42000.00 -3.76506e-05
42050.00 -3.8007e-05
42100.00 -3.83732e-05
42150.00 -3.81801e-05
42200.00 -3.78361e-05
42250.00 -3.75756e-05
42300.00 -3.70281e-05
42350.00 -3.64685e-05
42400.00 -3.63424e-05
42450.00 -3.66371e-05
42500.00 -3.70617e-05
42550.00 -3.71066e-05
42600.00 -3.68445e-05
42650.00 -3.69693e-05
42700.00 -3.71375e-05
42750.00 -3.68844e-05
42800.00 -3.67526e-05
42850.00 -3.72545e-05
42900.00 -3.76679e-05
42950.00 -3.74638e-05
43000.00 -3.75691e-05
43050.00 -3.80421e-05
43100.00 -3.77198e-05
43150.00 -3.76606e-05
43200.00 -3.80804e-05
43250.00 -3.82588e-05
43300.00 -3.86672e-05
43350.00 -3.8716e-05
43400.00 -3.82674e-05
43450.00 -3.79653e-05
43500.00 -3.77388e-05
43550.00 -3.76058e-05
43600.00 -3.78392e-05
43650.00 -3.83605e-05
43700.00 -3.87502e-05
43750.00 -3.90022e-05
43800.00 -3.94484e-05
43850.00 -3.96419e-05
43900.00 -3.97004e-05
43950.00 -3.93703e-05
44000.00 -3.91464e-05
44050.00 -3.93529e-05
44100.00 -3.93199e-05
44150.00 -3.96667e-05
44200.00 -4.03541e-05
44250.00 -4.06776e-05
44300.00 -4.04312e-05
44350.00 -3.95836e-05
44400.00 -3.96426e-05
44450.00 -3.99347e-05
44500.00 -3.97084e-05
44550.00 -3.9798e-05
44600.00 -3.96451e-05
44650.00 -3.94329e-05
44700.00 -3.94323e-05
44750.00 -3.94183e-05
44800.00 -3.92521e-05
44850.00 -3.97488e-05
44900.00 -4.01843e-05
44950.00 -4.01543e-05
45000.00 -4.01292e-05
45050.00 -3.96261e-05
45100.00 -3.93314e-05
45150.00 -3.94074e-05
45200.00 -3.96065e-05
45250.00 -3.96228e-05
45300.00 -3.93629e-05
45350.00 -3.92873e-05
45400.00 -3.94917e-05
45450.00 -4.00745e-05
45500.00 -4.02925e-05
45550.00 -3.99301e-05
45600.00 -3.97804e-05
45650.00 -3.98629e-05
45700.00 -4.00896e-05
45750.00 -4.01844e-05
45800.00 -4.00386e-05
45850.00 -3.95884e-05
45900.00 -3.9364e-05
45950.00 -3.90434e-05
46000.00 -3.87738e-05
46050.00 -3.937e-05
46100.00 -3.99913e-05
46150.00 -4.02295e-05
46200.00 -4.01934e-05
46250.00 -4.03433e-05
46300.00 -4.048e-05
46350.00 -4.02761e-05
46400.00 -4.03781e-05
46450.00 -4.05855e-05
46500.00 -4.04533e-05
46550.00 -4.06581e-05
46600.00 -4.12046e-05
46650.00 -4.09257e-05
46700.00 -4.04002e-05
46750.00 -4.05543e-05
46800.00 -4.12185e-05
46850.00 -4.14799e-05
46900.00 -4.18175e-05
46950.00 -4.2057e-05
47000.00 -4.16708e-05
47050.00 -4.14992e-05
47100.00 -4.11185e-05
47150.00 -4.09905e-05
47200.00 -4.09113e-05
47250.00 -4.06831e-05
47300.00 -4.05942e-05
47350.00 -4.07829e-05
47400.00 -4.13793e-05
47450.00 -4.1625e-05
47500.00 -4.14939e-05
47550.00 -4.1447e-05
47600.00 -4.16364e-05
47650.00 -4.20095e-05
47700.00 -4.22445e-05
47750.00 -4.20557e-05
47800.00 -4.17562e-05
47850.00 -4.21809e-05
47900.00 -4.25942e-05
47950.00 -4.25031e-05
48000.00 -4.25556e-05
48050.00 -4.25245e-05
48100.00 -4.23414e-05
48150.00 -4.21012e-05
48200.00 -4.19794e-05
48250.00 -4.17598e-05
48300.00 -4.13002e-05
48350.00 -4.11072e-05
48400.00 -4.09755e-05
48450.00 -4.11142e-05
48500.00 -4.12462e-05
48550.00 -4.14423e-05
48600.00 -4.20383e-05
48650.00 -4.19977e-05
48700.00 -4.17404e-05
48750.00 -4.18281e-05
48800.00 -4.2285e-05
48850.00 -4.25319e-05
48900.00 -4.19463e-05
48950.00 -4.17586e-05
49000.00 -4.19353e-05
49050.00 -4.20512e-05
49100.00 -4.19973e-05
49150.00 -4.16483e-05
49200.00 -4.13602e-05
49250.00 -4.13717e-05
49300.00 -4.15576e-05
49350.00 -4.21697e-05
49400.00 -4.27823e-05
49450.00 -4.25983e-05
49500.00 -4.22169e-05
49550.00 -4.17332e-05
49600.00 -4.16215e-05
49650.00 -4.21842e-05
49700.00 -4.24271e-05
49750.00 -4.28203e-05
49800.00 -4.31724e-05
49850.00 -4.29514e-05
49900.00 -4.34655e-05
49950.00 -4.37384e-05
50000.00 -4.32745e-05
50050.00 -4.30503e-05
50100.00 -4.31533e-05
50150.00 -4.34544e-05
50200.00 -4.38383e-05
50250.00 -4.418e-05
50300.00 -4.41385e-05
50350.00 -4.40667e-05
50400.00 -4.41562e-05
50450.00 -4.40539e-05
50500.00 -4.37801e-05
50550.00 -4.39612e-05
50600.00 -4.46378e-05
50650.00 -4.48639e-05
50700.00 -4.47985e-05
50750.00 -4.5004e-05
50800.00 -4.5222e-05
50850.00 -4.52521e-05
50900.00 -4.49844e-05
50950.00 -4.49694e-05
51000.00 -4.53812e-05
51050.00 -4.53563e-05
51100.00 -4.5105e-05
51150.00 -4.48468e-05
51200.00 -4.46289e-05
51250.00 -4.46908e-05
51300.00 -4.46706e-05
51350.00 -4.44436e-05
51400.00 -4.48941e-05
51450.00 -4.52252e-05
51500.00 -4.54189e-05
51550.00 -4.61476e-05
51600.00 -4.62005e-05
51650.00 -4.6221e-05
51700.00 -4.62819e-05
51750.00 -4.61071e-05
51800.00 -4.64064e-05
51850.00 -4.65046e-05
51900.00 -4.64155e-05
51950.00 -4.65714e-05
52000.00 -4.62878e-05
52050.00 -4.59052e-05
52100.00 -4.61512e-05
52150.00 -4.62627e-05
52200.00 -4.63469e-05
52250.00 -4.68286e-05
52300.00 -4.70915e-05
52350.00 -4.69422e-05
52400.00 -4.72169e-05
52450.00 -4.76163e-05
52500.00 -4.73054e-05
52550.00 -4.70839e-05
52600.00 -4.69448e-05
52650.00 -4.7166e-05
52700.00 -4.75007e-05
52750.00 -4.75908e-05
52800.00 -4.77518e-05
52850.00 -4.81261e-05
52900.00 -4.83122e-05
52950.00 -4.84256e-05
53000.00 -4.83728e-05
53050.00 -4.85291e-05
53100.00 -4.87721e-05
53150.00 -4.86583e-05
53200.00 -4.90502e-05
53250.00 -4.91924e-05
53300.00 -4.87932e-05
53350.00 -4.85157e-05
53400.00 -4.86596e-05
53450.00 -4.89949e-05
53500.00 -4.89925e-05
53550.00 -4.91442e-05
53600.00 -4.94359e-05
53650.00 -4.90982e-05
53700.00 -4.88938e-05
53750.00 -4.90169e-05
53800.00 -4.91241e-05
53850.00 -4.90287e-05
53900.00 -4.87191e-05
53950.00 -4.85425e-05
54000.00 -4.82181e-05
54050.00 -4.80578e-05
54100.00 -4.81212e-05
54150.00 -4.80021e-05
54200.00 -4.79415e-05
54250.00 -4.7841e-05
54300.00 -4.81391e-05
54350.00 -4.863e-05
54400.00 -4.87509e-05
54450.00 -4.91741e-05
54500.00 -4.93432e-05
54550.00 -4.90246e-05
54600.00 -4.88829e-05
54650.00 -4.83006e-05
54700.00 -4.83382e-05
54750.00 -4.91109e-05
54800.00 -4.95055e-05
54850.00 -4.95774e-05
54900.00 -4.93453e-05
54950.00 -4.90134e-05
55000.00 -4.93157e-05
55050.00 -4.98606e-05
55100.00 -4.98026e-05
55150.00 -5.0394e-05
55200.00 -5.08016e-05
55250.00 -5.08757e-05
55300.00 -5.1434e-05
55350.00 -5.1354e-05
55400.00 -5.11239e-05
55450.00 -5.0976e-05
55500.00 -5.09336e-05
55550.00 -5.08747e-05
55600.00 -5.05728e-05
55650.00 -5.07473e-05
55700.00 -5.09998e-05
55750.00 -5.07949e-05
55800.00 -5.05915e-05
55850.00 -5.0568e-05
55900.00 -5.07504e-05
55950.00 -5.10903e-05
56000.00 -5.10867e-05
56050.00 -5.14217e-05
56100.00 -5.1674e-05
56150.00 -5.16904e-05
56200.00 -5.20336e-05
56250.00 -5.23305e-05
56300.00 -5.24685e-05
56350.00 -5.22221e-05
56400.00 -5.18927e-05
56450.00 -5.16748e-05
56500.00 -5.18922e-05
56550.00 -5.21798e-05
56600.00 -5.18035e-05
56650.00 -5.16877e-05
56700.00 -5.19616e-05
56750.00 -5.16244e-05
56800.00 -5.15606e-05
56850.00 -5.18636e-05
56900.00 -5.16616e-05
56950.00 -5.18636e-05
57000.00 -5.23779e-05
57050.00 -5.23372e-05
57100.00 -5.22838e-05
57150.00 -5.24668e-05
57200.00 -5.29614e-05
57250.00 -5.346e-05
57300.00 -5.34277e-05
57350.00 -5.31849e-05
57400.00 -5.28199e-05
57450.00 -5.27076e-05
57500.00 -5.2593e-05
57550.00 -5.25247e-05
57600.00 -5.26265e-05
57650.00 -5.25046e-05
57700.00 -5.22627e-05
57750.00 -5.21677e-05
57800.00 -5.23573e-05
57850.00 -5.21577e-05
57900.00 -5.23589e-05
57950.00 -5.29324e-05
58000.00 -5.28983e-05
58050.00 -5.27374e-05
58100.00 -5.25133e-05
58150.00 -5.26007e-05
58200.00 -5.29335e-05
58250.00 -5.3006e-05
58300.00 -5.29637e-05
58350.00 -5.31447e-05
58400.00 -5.32415e-05
58450.00 -5.32849e-05
58500.00 -5.3632e-05
58550.00 -5.39319e-05
58600.00 -5.39071e-05
58650.00 -5.36671e-05
58700.00 -5.36477e-05
58750.00 -5.33149e-05
58800.00 -5.25438e-05
58850.00 -5.21671e-05
58900.00 -5.22656e-05
58950.00 -5.23989e-05
59000.00 -5.24802e-05
59050.00 -5.26281e-05
59100.00 -5.29547e-05
59150.00 -5.30194e-05
59200.00 -5.32468e-05
59250.00 -5.36171e-05
59300.00 -5.31742e-05
59350.00 -5.2723e-05
59400.00 -5.26142e-05
59450.00 -5.24287e-05
59500.00 -5.2642e-05
59550.00 -5.30414e-05
59600.00 -5.33218e-05
59650.00 -5.39227e-05
59700.00 -5.4155e-05
59750.00 -5.40142e-05
59800.00 -5.42521e-05
59850.00 -5.45656e-05
59900.00 -5.51439e-05
59950.00 -5.51214e-05
60000.00 -5.46152e-05
60050.00 -5.46894e-05
60100.00 -5.48894e-05
60150.00 -5.46084e-05
60200.00 -5.4608e-05
60250.00 -5.48902e-05
60300.00 -5.44881e-05
60350.00 -5.44174e-05
60400.00 -5.47865e-05
60450.00 -5.46735e-05
60500.00 -5.46696e-05
60550.00 -5.48209e-05
60600.00 -5.47107e-05
60650.00 -5.45268e-05
60700.00 -5.42102e-05
60750.00 -5.41019e-05
60800.00 -5.42699e-05
60850.00 -5.46767e-05
60900.00 -5.48391e-05
60950.00 -5.45962e-05
61000.00 -5.46893e-05
61050.00 -5.49628e-05
61100.00 -5.49091e-05
61150.00 -5.47984e-05
61200.00 -5.50353e-05
61250.00 -5.51389e-05
61300.00 -5.50253e-05
61350.00 -5.51794e-05
61400.00 -5.54122e-05
61450.00 -5.53685e-05
61500.00 -5.47488e-05
61550.00 -5.42158e-05
61600.00 -5.40528e-05
61650.00 -5.41708e-05
61700.00 -5.47229e-05
61750.00 -5.5173e-05
61800.00 -5.53193e-05
61850.00 -5.5383e-05
61900.00 -5.57316e-05
61950.00 -5.61526e-05
62000.00 -5.61654e-05
62050.00 -5.6121e-05
62100.00 -5.60171e-05
62150.00 -5.55314e-05
62200.00 -5.53145e-05
62250.00 -5.59473e-05
62300.00 -5.67116e-05
62350.00 -5.72752e-05
62400.00 -5.75177e-05
62450.00 -5.72688e-05
62500.00 -5.71424e-05
62550.00 -5.70847e-05
62600.00 -5.67782e-05
62650.00 -5.64624e-05
62700.00 -5.63685e-05
62750.00 -5.61848e-05
62800.00 -5.63933e-05
62850.00 -5.69177e-05
62900.00 -5.68664e-05
62950.00 -5.64134e-05
63000.00 -5.58921e-05
63050.00 -5.55154e-05
63100.00 -5.5723e-05
63150.00 -5.58968e-05
63200.00 -5.57225e-05
63250.00 -5.59154e-05
63300.00 -5.6265e-05
63350.00 -5.70475e-05
63400.00 -5.76056e-05
63450.00 -5.7585e-05
63500.00 -5.79639e-05
63550.00 -5.82787e-05
63600.00 -5.81865e-05
63650.00 -5.80995e-05
63700.00 -5.8089e-05
63750.00 -5.78535e-05
63800.00 -5.70635e-05
63850.00 -5.67483e-05
63900.00 -5.71639e-05
63950.00 -5.72976e-05
64000.00 -5.72224e-05
64050.00 -5.71265e-05
64100.00 -5.73291e-05
64150.00 -5.7469e-05
64200.00 -5.76346e-05
64250.00 -5.79806e-05
64300.00 -5.78024e-05
64350.00 -5.72408e-05
64400.00 -5.73981e-05
64450.00 -5.76648e-05
64500.00 -5.74646e-05
64550.00 -5.74129e-05
64600.00 -5.69961e-05
64650.00 -5.63507e-05
64700.00 -5.62037e-05
64750.00 -5.63191e-05
64800.00 -5.66094e-05
64850.00 -5.68082e-05
64900.00 -5.67988e-05
64950.00 -5.64557e-05
65000.00 -5.6415e-05
65050.00 -5.69611e-05
65100.00 -5.68786e-05
65150.00 -5.67852e-05
65200.00 -5.69037e-05
65250.00 -5.73039e-05
65300.00 -5.73655e-05
65350.00 -5.69099e-05
65400.00 -5.67662e-05
65450.00 -5.68667e-05
65500.00 -5.68884e-05
65550.00 -5.66259e-05
65600.00 -5.66584e-05
65650.00 -5.70724e-05
65700.00 -5.74532e-05
65750.00 -5.76954e-05
65800.00 -5.75208e-05
65850.00 -5.70574e-05
65900.00 -5.67663e-05
65950.00 -5.66803e-05
66000.00 -5.64847e-05
66050.00 -5.63014e-05
66100.00 -5.66711e-05
66150.00 -5.70644e-05
66200.00 -5.6952e-05
66250.00 -5.67037e-05
66300.00 -5.70221e-05
66350.00 -5.75888e-05
66400.00 -5.73971e-05
66450.00 -5.72029e-05
66500.00 -5.72241e-05
66550.00 -5.71465e-05
66600.00 -5.72511e-05
66650.00 -5.73446e-05
66700.00 -5.72888e-05
66750.00 -5.76125e-05
66800.00 -5.77459e-05
66850.00 -5.71856e-05
66900.00 -5.67127e-05
66950.00 -5.6737e-05
67000.00 -5.69037e-05
67050.00 -5.69298e-05
67100.00 -5.69119e-05
67150.00 -5.70809e-05
67200.00 -5.74841e-05
67250.00 -5.75461e-05
67300.00 -5.75886e-05
67350.00 -5.7935e-05
67400.00 -5.7986e-05
67450.00 -5.81023e-05
67500.00 -5.83935e-05
67550.00 -5.86262e-05
67600.00 -5.86444e-05
67650.00 -5.83906e-05
67700.00 -5.85289e-05
67750.00 -5.88723e-05
67800.00 -5.88936e-05
67850.00 -5.8782e-05
67900.00 -5.84678e-05
67950.00 -5.77722e-05
68000.00 -5.73445e-05
68050.00 -5.75127e-05
68100.00 -5.76064e-05
68150.00 -5.76757e-05
68200.00 -5.82496e-05
68250.00 -5.8551e-05
68300.00 -5.81809e-05
68350.00 -5.81121e-05
68400.00 -5.84617e-05
68450.00 -5.88234e-05
68500.00 -5.90529e-05
68550.00 -5.88072e-05
68600.00 -5.89248e-05
68650.00 -5.89388e-05
68700.00 -5.88271e-05
68750.00 -5.92808e-05
68800.00 -5.96405e-05
68850.00 -5.94812e-05
68900.00 -5.88005e-05
68950.00 -5.83518e-05
69000.00 -5.84638e-05
69050.00 -5.88059e-05
69100.00 -5.89025e-05
69150.00 -5.9262e-05
69200.00 -5.96444e-05
69250.00 -5.9639e-05
69300.00 -5.96846e-05
69350.00 -5.9808e-05
69400.00 -5.98252e-05
69450.00 -5.95418e-05
69500.00 -5.96263e-05
69550.00 -6.02567e-05
69600.00 -6.05927e-05
69650.00 -6.0455e-05
69700.00 -6.0384e-05
69750.00 -6.02962e-05
69800.00 -5.98398e-05
69850.00 -5.95487e-05
69900.00 -6.00684e-05
69950.00 -6.00475e-05
70000.00 -5.93913e-05
70050.00 -5.97802e-05
70100.00 -6.04389e-05
70150.00 -6.11825e-05
70200.00 -6.13881e-05
70250.00 -6.09412e-05
70300.00 -6.08025e-05
70350.00 -6.09884e-05
70400.00 -6.15793e-05
70450.00 -6.186e-05
70500.00 -6.14549e-05
70550.00 -6.10296e-05
70600.00 -6.09504e-05
70650.00 -6.10561e-05
70700.00 -6.12069e-05
70750.00 -6.13066e-05
70800.00 -6.18852e-05
70850.00 -6.22698e-05
70900.00 -6.20494e-05
70950.00 -6.17551e-05
71000.00 -6.19093e-05
71050.00 -6.21422e-05
71100.00 -6.23102e-05
71150.00 -6.24849e-05
71200.00 -6.25521e-05
71250.00 -6.26914e-05
71300.00 -6.27411e-05
71350.00 -6.31537e-05
71400.00 -6.31566e-05
71450.00 -6.27345e-05
71500.00 -6.30022e-05
71550.00 -6.36372e-05
71600.00 -6.35736e-05
71650.00 -6.35047e-05
71700.00 -6.36687e-05
71750.00 -6.35801e-05
71800.00 -6.36588e-05
71850.00 -6.37507e-05
71900.00 -6.39034e-05
71950.00 -6.40923e-05
72000.00 -6.41361e-05
72050.00 -6.42298e-05
72100.00 -6.43091e-05
72150.00 -6.41768e-05
72200.00 -6.44594e-05
72250.00 -6.4878e-05
72300.00 -6.46954e-05
72350.00 -6.45431e-05
72400.00 -6.45784e-05
72450.00 -6.45441e-05
72500.00 -6.45758e-05
72550.00 -6.45184e-05
72600.00 -6.44891e-05
72650.00 -6.41338e-05
72700.00 -6.39509e-05
72750.00 -6.42598e-05
72800.00 -6.44734e-05
72850.00 -6.4552e-05
72900.00 -6.45759e-05
72950.00 -6.45034e-05
73000.00 -6.46245e-05
73050.00 -6.4743e-05
73100.00 -6.49248e-05
73150.00 -6.53287e-05
73200.00 -6.54562e-05
73250.00 -6.54479e-05
73300.00 -6.54774e-05
73350.00 -6.54142e-05
73400.00 -6.56653e-05
73450.00 -6.65155e-05
73500.00 -6.67e-05
73550.00 -6.61492e-05
73600.00 -6.61651e-05
73650.00 -6.66949e-05
73700.00 -6.71374e-05
73750.00 -6.73824e-05
73800.00 -6.75011e-05
73850.00 -6.7491e-05
73900.00 -6.70378e-05
73950.00 -6.6285e-05
74000.00 -6.60331e-05
74050.00 -6.66343e-05
74100.00 -6.68127e-05
74150.00 -6.63142e-05
74200.00 -6.61176e-05
74250.00 -6.62867e-05
74300.00 -6.65179e-05
74350.00 -6.66809e-05
74400.00 -6.63475e-05
74450.00 -6.61244e-05
74500.00 -6.63172e-05
74550.00 -6.6566e-05
74600.00 -6.66233e-05
74650.00 -6.6203e-05
74700.00 -6.63757e-05
74750.00 -6.67226e-05
74800.00 -6.69448e-05
74850.00 -6.7189e-05
74900.00 -6.72278e-05
74950.00 -6.72313e-05
75000.00 -6.71953e-05
75050.00 -6.74247e-05
75100.00 -6.78751e-05
75150.00 -6.81331e-05
75200.00 -6.83734e-05
75250.00 -6.85933e-05
75300.00 -6.85919e-05
75350.00 -6.89139e-05
75400.00 -6.93685e-05
75450.00 -6.94281e-05
75500.00 -6.94265e-05
75550.00 -6.98744e-05
75600.00 -6.99091e-05
75650.00 -6.96701e-05
75700.00 -6.9672e-05
75750.00 -7.01113e-05
75800.00 -7.04908e-05
75850.00 -7.03509e-05
75900.00 -7.07686e-05
75950.00 -7.09895e-05
76000.00 -7.05531e-05
76050.00 -7.0339e-05
76100.00 -7.01893e-05
76150.00 -7.02017e-05
76200.00 -7.01813e-05
76250.00 -7.00418e-05
76300.00 -6.98591e-05
76350.00 -6.96267e-05
76400.00 -6.99377e-05
76450.00 -7.01949e-05
76500.00 -7.04436e-05
76550.00 -7.07289e-05
76600.00 -7.06442e-05
76650.00 -7.01952e-05
76700.00 -7.03231e-05
76750.00 -7.06467e-05
76800.00 -7.06566e-05
76850.00 -7.11834e-05
76900.00 -7.17789e-05
76950.00 -7.19766e-05
77000.00 -7.17755e-05
77050.00 -7.18779e-05
77100.00 -7.22016e-05
77150.00 -7.18057e-05
77200.00 -7.15461e-05
77250.00 -7.18354e-05
77300.00 -7.17351e-05
77350.00 -7.16376e-05
77400.00 -7.20268e-05
77450.00 -7.22976e-05
77500.00 -7.19025e-05
77550.00 -7.17783e-05
77600.00 -7.21819e-05
77650.00 -7.24121e-05
77700.00 -7.28934e-05
77750.00 -7.31257e-05
77800.00 -7.2849e-05
77850.00 -7.30517e-05
77900.00 -7.3444e-05
77950.00 -7.36721e-05
78000.00 -7.39005e-05
78050.00 -7.3857e-05
78100.00 -7.35566e-05
78150.00 -7.36783e-05
78200.00 -7.33871e-05
78250.00 -7.30322e-05
78300.00 -7.34307e-05
78350.00 -7.36114e-05
78400.00 -7.37282e-05
78450.00 -7.36323e-05
78500.00 -7.38058e-05
78550.00 -7.41699e-05
78600.00 -7.40205e-05
78650.00 -7.39552e-05
78700.00 -7.39678e-05
78750.00 -7.37373e-05
78800.00 -7.34186e-05
78850.00 -7.35471e-05
78900.00 -7.3893e-05
78950.00 -7.44769e-05
79000.00 -7.45729e-05
79050.00 -7.39098e-05
79100.00 -7.38679e-05
79150.00 -7.37819e-05
79200.00 -7.34037e-05
79250.00 -7.35042e-05
79300.00 -7.39103e-05
79350.00 -7.41123e-05
79400.00 -7.4118e-05
79450.00 -7.39914e-05
79500.00 -7.40315e-05
79550.00 -7.42875e-05
79600.00 -7.43133e-05
79650.00 -7.46006e-05
79700.00 -7.51128e-05
79750.00 -7.52164e-05
79800.00 -7.50685e-05
79850.00 -7.49869e-05
79900.00 -7.50514e-05
79950.00 -7.52157e-05
80000.00 -7.54481e-05
80050.00 -7.60402e-05
80100.00 -7.64959e-05
80150.00 -7.61077e-05
80200.00 -7.55397e-05
80250.00 -7.53984e-05
80300.00 -7.54367e-05
80350.00 -7.58444e-05
80400.00 -7.6206e-05
80450.00 -7.64189e-05
80500.00 -7.65086e-05
80550.00 -7.64762e-05
80600.00 -7.64542e-05
80650.00 -7.6372e-05
80700.00 -7.62573e-05
80750.00 -7.61372e-05
80800.00 -7.62946e-05
80850.00 -7.65126e-05
80900.00 -7.64071e-05
80950.00 -7.62517e-05
81000.00 -7.6304e-05
81050.00 -7.61173e-05
81100.00 -7.59594e-05
81150.00 -7.63142e-05
81200.00 -7.64139e-05
81250.00 -7.64792e-05
81300.00 -7.63158e-05
81350.00 -7.5771e-05
81400.00 -7.59134e-05
81450.00 -7.63535e-05
81500.00 -7.6681e-05
81550.00 -7.66256e-05
81600.00 -7.68977e-05
81650.00 -7.7565e-05
81700.00 -7.79757e-05
81750.00 -7.85067e-05
81800.00 -7.86535e-05
81850.00 -7.84363e-05
81900.00 -7.82077e-05
81950.00 -7.81082e-05
82000.00 -7.82204e-05
82050.00 -7.78292e-05
82100.00 -7.75752e-05
82150.00 -7.74407e-05
82200.00 -7.72097e-05
82250.00 -7.71796e-05
82300.00 -7.72205e-05
82350.00 -7.73451e-05
82400.00 -7.71457e-05
82450.00 -7.70892e-05
82500.00 -7.71704e-05
82550.00 -7.69044e-05
82600.00 -7.65188e-05
82650.00 -7.64896e-05
82700.00 -7.66528e-05
82750.00 -7.66514e-05
82800.00 -7.68228e-05
82850.00 -7.68712e-05
82900.00 -7.69682e-05
82950.00 -7.68202e-05
83000.00 -7.64241e-05
83050.00 -7.66991e-05
83100.00 -7.71689e-05
83150.00 -7.7415e-05
83200.00 -7.77741e-05
83250.00 -7.81142e-05
83300.00 -7.82557e-05
83350.00 -7.85869e-05
83400.00 -7.86565e-05
83450.00 -7.83556e-05
83500.00 -7.86252e-05
83550.00 -7.9019e-05
83600.00 -7.8839e-05
83650.00 -7.85749e-05
83700.00 -7.88526e-05
83750.00 -7.91788e-05
83800.00 -7.92088e-05
83850.00 -7.92885e-05
83900.00 -7.93073e-05
83950.00 -7.94917e-05
84000.00 -7.97011e-05
84050.00 -7.91594e-05
84100.00 -7.87761e-05
84150.00 -7.90679e-05
84200.00 -7.90727e-05
84250.00 -7.91522e-05
84300.00 -7.94588e-05
84350.00 -7.95409e-05
84400.00 -7.95824e-05
84450.00 -7.97257e-05
84500.00 -7.98616e-05
84550.00 -8.00551e-05
84600.00 -7.98771e-05
84650.00 -7.92997e-05
84700.00 -7.92128e-05
84750.00 -7.965e-05
84800.00 -7.99929e-05
84850.00 -7.97593e-05
84900.00 -7.94311e-05
84950.00 -7.94896e-05
85000.00 -8.0099e-05
85050.00 -8.0437e-05
85100.00 -8.04231e-05
85150.00 -8.01447e-05
85200.00 -7.9513e-05
85250.00 -7.94774e-05
85300.00 -7.94876e-05
85350.00 -7.99289e-05
85400.00 -8.05335e-05
85450.00 -8.05707e-05
85500.00 -8.07194e-05
85550.00 -8.09324e-05
85600.00 -8.11586e-05
85650.00 -8.13838e-05
85700.00 -8.12768e-05
85750.00 -8.06175e-05
85800.00 -8.01092e-05
85850.00 -8.00762e-05
85900.00 -8.03146e-05
85950.00 -8.03496e-05
86000.00 -8.04424e-05
86050.00 -8.09052e-05
86100.00 -8.12405e-05
86150.00 -8.18019e-05
86200.00 -8.23569e-05
86250.00 -8.2447e-05
86300.00 -8.21629e-05
86350.00 -8.23736e-05
86400.00 -8.23336e-05
86450.00 -8.19414e-05
86500.00 -8.20919e-05
86550.00 -8.23776e-05
86600.00 -8.26003e-05
86650.00 -8.27668e-05
86700.00 -8.24152e-05
86750.00 -8.1884e-05
86800.00 -8.24456e-05
86850.00 -8.29262e-05
86900.00 -8.24534e-05
86950.00 -8.21268e-05
87000.00 -8.19747e-05
87050.00 -8.20217e-05
87100.00 -8.19166e-05
87150.00 -8.1595e-05
87200.00 -8.16227e-05
87250.00 -8.17387e-05
87300.00 -8.1881e-05
87350.00 -8.18674e-05
87400.00 -8.15252e-05
87450.00 -8.12699e-05
87500.00 -8.12927e-05
87550.00 -8.09117e-05
87600.00 -8.09574e-05
87650.00 -8.14722e-05
87700.00 -8.15032e-05
87750.00 -8.17907e-05
87800.00 -8.23754e-05
87850.00 -8.24439e-05
87900.00 -8.22568e-05
87950.00 -8.2136e-05
88000.00 -8.16927e-05
88050.00 -8.13855e-05
88100.00 -8.18518e-05
88150.00 -8.21168e-05
88200.00 -8.20626e-05
88250.00 -8.24062e-05
88300.00 -8.23299e-05
88350.00 -8.16673e-05
88400.00 -8.16426e-05
88450.00 -8.19264e-05
88500.00 -8.18154e-05
88550.00 -8.19963e-05
88600.00 -8.22299e-05
88650.00 -8.25787e-05
88700.00 -8.25586e-05
88750.00 -8.21229e-05
88800.00 -8.21967e-05
88850.00 -8.21923e-05
88900.00 -8.20112e-05
88950.00 -8.19896e-05
89000.00 -8.25465e-05
89050.00 -8.28229e-05
89100.00 -8.26979e-05
89150.00 -8.27581e-05
89200.00 -8.29341e-05
89250.00 -8.29859e-05
89300.00 -8.28601e-05
89350.00 -8.3246e-05
89400.00 -8.33668e-05
89450.00 -8.32577e-05
89500.00 -8.33958e-05
89550.00 -8.35746e-05
89600.00 -8.39731e-05
89650.00 -8.39047e-05
89700.00 -8.38221e-05
89750.00 -8.42903e-05
89800.00 -8.46339e-05
89850.00 -8.45742e-05
89900.00 -8.46084e-05
89950.00 -8.4815e-05
90000.00 -8.44882e-05
90050.00 -8.40547e-05
90100.00 -8.39122e-05
90150.00 -8.36744e-05
90200.00 -8.37751e-05
90250.00 -8.42882e-05
90300.00 -8.43966e-05
90350.00 -8.46435e-05
90400.00 -8.45102e-05
90450.00 -8.39222e-05
90500.00 -8.40102e-05
90550.00 -8.42154e-05
90600.00 -8.43906e-05
90650.00 -8.46558e-05
90700.00 -8.45636e-05
90750.00 -8.45351e-05
90800.00 -8.46567e-05
90850.00 -8.46556e-05
90900.00 -8.47923e-05
90950.00 -8.46539e-05
91000.00 -8.42898e-05
91050.00 -8.43783e-05
91100.00 -8.45471e-05
91150.00 -8.42124e-05
91200.00 -8.40477e-05
91250.00 -8.42505e-05
91300.00 -8.46494e-05
91350.00 -8.48886e-05
91400.00 -8.5035e-05
91450.00 -8.48755e-05
91500.00 -8.47172e-05
91550.00 -8.49125e-05
91600.00 -8.47736e-05
91650.00 -8.45457e-05
91700.00 -8.46824e-05
91750.00 -8.49076e-05
91800.00 -8.48086e-05
91850.00 -8.44912e-05
91900.00 -8.42946e-05
91950.00 -8.46152e-05
92000.00 -8.49671e-05
92050.00 -8.45932e-05
92100.00 -8.41113e-05
92150.00 -8.4723e-05
92200.00 -8.5387e-05
92250.00 -8.55755e-05
92300.00 -8.61338e-05
92350.00 -8.64512e-05
92400.00 -8.63437e-05
92450.00 -8.61325e-05
92500.00 -8.59431e-05
92550.00 -8.59095e-05
92600.00 -8.56996e-05
92650.00 -8.54235e-05
92700.00 -8.52103e-05
92750.00 -8.51917e-05
92800.00 -8.51744e-05
92850.00 -8.53173e-05
92900.00 -8.54234e-05
92950.00 -8.50647e-05
93000.00 -8.53045e-05
93050.00 -8.56623e-05
93100.00 -8.51883e-05
93150.00 -8.49607e-05
93200.00 -8.50669e-05
93250.00 -8.52531e-05
93300.00 -8.52739e-05
93350.00 -8.54019e-05
93400.00 -8.56454e-05
93450.00 -8.54616e-05
93500.00 -8.5591e-05
93550.00 -8.62094e-05
93600.00 -8.63057e-05
93650.00 -8.62019e-05
93700.00 -8.67005e-05
93750.00 -8.70281e-05
93800.00 -8.72418e-05
93850.00 -8.75503e-05
93900.00 -8.73459e-05
93950.00 -8.73301e-05
94000.00 -8.7445e-05
94050.00 -8.70291e-05
94100.00 -8.71927e-05
94150.00 -8.74187e-05
94200.00 -8.75185e-05
94250.00 -8.76589e-05
94300.00 -8.7581e-05
94350.00 -8.77603e-05
94400.00 -8.8148e-05
94450.00 -8.86047e-05
94500.00 -8.87948e-05
94550.00 -8.89452e-05
94600.00 -8.9202e-05
94650.00 -8.93202e-05
94700.00 -8.89708e-05
94750.00 -8.87519e-05
94800.00 -8.89635e-05
94850.00 -8.93445e-05
94900.00 -8.99388e-05
94950.00 -9.0151e-05
95000.00 -9.02624e-05
95050.00 -9.01657e-05
95100.00 -8.98799e-05
95150.00 -8.96959e-05
95200.00 -8.98867e-05
95250.00 -9.02977e-05
95300.00 -9.01224e-05
95350.00 -8.95948e-05
95400.00 -8.92942e-05
95450.00 -8.95432e-05
95500.00 -8.99346e-05
95550.00 -9.02348e-05
95600.00 -9.03054e-05
95650.00 -9.03897e-05
95700.00 -9.03055e-05
95750.00 -9.00377e-05
95800.00 -8.98444e-05
95850.00 -8.99109e-05
95900.00 -9.03797e-05
95950.00 -9.06121e-05
96000.00 -9.05413e-05
96050.00 -9.06639e-05
96100.00 -9.11714e-05
96150.00 -9.13612e-05
96200.00 -9.17369e-05
96250.00 -9.21152e-05
96300.00 -9.19249e-05
96350.00 -9.2078e-05
96400.00 -9.22199e-05
96450.00 -9.20042e-05
96500.00 -9.18721e-05
96550.00 -9.1956e-05
96600.00 -9.23124e-05
96650.00 -9.26177e-05
96700.00 -9.24653e-05
96750.00 -9.24115e-05
96800.00 -9.27069e-05
96850.00 -9.28599e-05
96900.00 -9.27942e-05
96950.00 -9.31039e-05
97000.00 -9.36268e-05
97050.00 -9.35835e-05
97100.00 -9.33471e-05
97150.00 -9.35377e-05
97200.00 -9.34383e-05
97250.00 -9.32425e-05
97300.00 -9.34817e-05
97350.00 -9.35769e-05
97400.00 -9.32725e-05
97450.00 -9.27814e-05
97500.00 -9.24991e-05
97550.00 -9.25152e-05
97600.00 -9.25988e-05
97650.00 -9.29093e-05
97700.00 -9.34886e-05
97750.00 -9.33381e-05
97800.00 -9.30945e-05
97850.00 -9.34801e-05
97900.00 -9.35386e-05
97950.00 -9.32919e-05
98000.00 -9.35985e-05
98050.00 -9.36337e-05
98100.00 -9.33562e-05
98150.00 -9.29407e-05
98200.00 -9.25625e-05
98250.00 -9.30798e-05
98300.00 -9.35033e-05
98350.00 -9.35882e-05
98400.00 -9.35219e-05
98450.00 -9.33697e-05
98500.00 -9.40587e-05
98550.00 -9.48516e-05
98600.00 -9.48712e-05
98650.00 -9.47083e-05
98700.00 -9.43485e-05
98750.00 -9.41096e-05
98800.00 -9.42672e-05
98850.00 -9.43356e-05
98900.00 -9.46098e-05
98950.00 -9.48925e-05
99000.00 -9.49582e-05
99050.00 -9.49037e-05
99100.00 -9.47812e-05
99150.00 -9.45864e-05
99200.00 -9.47317e-05
99250.00 -9.49672e-05
99300.00 -9.45973e-05
99350.00 -9.46066e-05
99400.00 -9.46953e-05
99450.00 -9.46467e-05
99500.00 -9.52215e-05
99550.00 -9.56938e-05
99600.00 -9.57435e-05
99650.00 -9.56572e-05
99700.00 -9.52521e-05
99750.00 -9.53676e-05
99800.00 -9.5833e-05
99850.00 -9.57654e-05
99900.00 -9.54708e-05
