         103   12.000000000000000     
         108   59.000000000000000     
         109   19.000000000000000     
         109   22.000000000000000     
         111   16.000000000000000     
         115   17.000000000000000     
         115   20.000000000000000     
         117   10.000000000000000     
         117   7.0000000000000000     
         120   24.000000000000000     
         123   7.0000000000000000     
         126   18.000000000000000     
         130   12.000000000000000     
         130   37.000000000000000     
         132   67.000000000000000     
         134   10.000000000000000     
         137   4.0000000000000000     
         137   7.0000000000000000     
         139   14.000000000000000     
         142   14.000000000000000     
         142   6.0000000000000000     
         143   41.000000000000000     
         144   28.000000000000000     
         145   26.000000000000000     
         147   6.0000000000000000     
         151   18.000000000000000     
         153   10.000000000000000     
         156   32.000000000000000     
         156   9.0000000000000000     
