           1   45.000000000000000     
           1   368.00000000000000     
           2   69.000000000000000     
           3   30.000000000000000     
           6   19.000000000000000     
           8   22.000000000000000     
           8   87.000000000000000     
          12   26.000000000000000     
          12   35.000000000000000     
          12   61.000000000000000     
          14   36.000000000000000     
          14   25.000000000000000     
          15   35.000000000000000     
          16   241.00000000000000     
          18   60.000000000000000     
          19   11.000000000000000     
          19   93.000000000000000     
          21   15.000000000000000     
          22   35.000000000000000     
          22   20.000000000000000     
          22   41.000000000000000     
          25   36.000000000000000     
          26   118.00000000000000     
          27   37.000000000000000     
          28   15.000000000000000     
          29   22.000000000000000     
          29   21.000000000000000     
          29   87.000000000000000     
          30   13.000000000000000     
          31   77.000000000000000     
          32   27.000000000000000     
          33   97.000000000000000     
          35   77.000000000000000     
          36   49.000000000000000     
          37   30.000000000000000     
          39   54.000000000000000     
          41   29.000000000000000     
          42   36.000000000000000     
          43   18.000000000000000     
          45   31.000000000000000     
          45   38.000000000000000     
          46   16.000000000000000     
          47   25.000000000000000     
          47   17.000000000000000     
          48   26.000000000000000     
          49   20.000000000000000     
          53   259.00000000000000     
          53   29.000000000000000     
          53   38.000000000000000     
          54   24.000000000000000     
          59   21.000000000000000     
          59   12.000000000000000     
          60   24.000000000000000     
          62   28.000000000000000     
          62   22.000000000000000     
          63   56.000000000000000     
          65   54.000000000000000     
          66   37.000000000000000     
          67   43.000000000000000     
          69   10.000000000000000     
          70   77.000000000000000     
          71   12.000000000000000     
          72   26.000000000000000     
          74   63.000000000000000     
          74   51.000000000000000     
          76   58.000000000000000     
          78   21.000000000000000     
          78   16.000000000000000     
          79   24.000000000000000     
          80   40.000000000000000     
          81   39.000000000000000     
          83   16.000000000000000     
          83   64.000000000000000     
          85   59.000000000000000     
          90   17.000000000000000     
          90   139.00000000000000     
          93   101.00000000000000     
          93   6.0000000000000000     
          94   49.000000000000000     
