50.00 0.493676797E-07
100.00 0.771379647E-07
150.00 0.140015002E-06
200.00 0.147408720E-06
250.00 0.247517919E-06
300.00 0.369397652E-06
350.00 0.402034986E-06
400.00 0.410824942E-06
450.00 0.458880634E-06
500.00 0.559630311E-06
550.00 0.668573352E-06
600.00 0.771898306E-06
650.00 0.798578481E-06
700.00 0.763094821E-06
750.00 0.834838212E-06
800.00 0.100929986E-05
850.00 0.112581227E-05
900.00 0.115879800E-05
950.00 0.118286571E-05
1000.00 0.113425644E-05
1050.00 0.109539529E-05
1100.00 0.114366904E-05
1150.00 0.131072442E-05
1200.00 0.148402412E-05
1250.00 0.157096595E-05
1300.00 0.158076733E-05
1350.00 0.161401470E-05
1400.00 0.167533035E-05
1450.00 0.163769565E-05
1500.00 0.165991189E-05
1550.00 0.175615781E-05
1600.00 0.180346287E-05
1650.00 0.185488986E-05
1700.00 0.190671472E-05
1750.00 0.202861866E-05
1800.00 0.222183955E-05
1850.00 0.234358706E-05
1900.00 0.244553351E-05
1950.00 0.256862683E-05
2000.00 0.275210102E-05
2050.00 0.296054381E-05
2100.00 0.312332294E-05
2150.00 0.319976985E-05
2200.00 0.320562330E-05
2250.00 0.318176180E-05
2300.00 0.326824280E-05
2350.00 0.347984275E-05
2400.00 0.360225019E-05
2450.00 0.364808302E-05
2500.00 0.364898715E-05
2550.00 0.364401902E-05
2600.00 0.368699983E-05
2650.00 0.375598847E-05
2700.00 0.373714673E-05
2750.00 0.372714365E-05
2800.00 0.384624334E-05
2850.00 0.393979576E-05
2900.00 0.394084069E-05
2950.00 0.404924088E-05
3000.00 0.421840344E-05
3050.00 0.430997579E-05
3100.00 0.437092646E-05
3150.00 0.447365988E-05
3200.00 0.456543616E-05
3250.00 0.457746695E-05
3300.00 0.460347741E-05
3350.00 0.464111577E-05
3400.00 0.477712325E-05
3450.00 0.497901665E-05
3500.00 0.513835174E-05
3550.00 0.525651065E-05
3600.00 0.534077372E-05
3650.00 0.542804883E-05
3700.00 0.551477873E-05
3750.00 0.566268988E-05
3800.00 0.582936763E-05
3850.00 0.590366468E-05
3900.00 0.604668718E-05
3950.00 0.623965851E-05
4000.00 0.637047719E-05
4050.00 0.637402826E-05
4100.00 0.636459912E-05
4150.00 0.642665116E-05
4200.00 0.652403873E-05
4250.00 0.668317438E-05
4300.00 0.683419332E-05
4350.00 0.697133842E-05
4400.00 0.711837726E-05
4450.00 0.714114731E-05
4500.00 0.724152197E-05
4550.00 0.737617661E-05
4600.00 0.740054778E-05
4650.00 0.748833451E-05
4700.00 0.751971640E-05
4750.00 0.763417146E-05
4800.00 0.780500772E-05
4850.00 0.785555703E-05
4900.00 0.786691441E-05
4950.00 0.792246273E-05
5000.00 0.803897397E-05
5050.00 0.813970367E-05
5100.00 0.812446035E-05
5150.00 0.807322232E-05
5200.00 0.812931085E-05
5250.00 0.816499112E-05
5300.00 0.811970020E-05
5350.00 0.811967598E-05
5400.00 0.818823228E-05
5450.00 0.830667943E-05
5500.00 0.839250407E-05
5550.00 0.842924549E-05
5600.00 0.847430003E-05
5650.00 0.854130246E-05
5700.00 0.860972197E-05
5750.00 0.867325377E-05
5800.00 0.878658821E-05
5850.00 0.881913843E-05
5900.00 0.884801588E-05
5950.00 0.894476626E-05
6000.00 0.901897709E-05
6050.00 0.913385683E-05
6100.00 0.920382392E-05
6150.00 0.926287209E-05
6200.00 0.931696311E-05
6250.00 0.923154604E-05
6300.00 0.914360657E-05
6350.00 0.916644040E-05
6400.00 0.923535203E-05
6450.00 0.930962453E-05
6500.00 0.930391488E-05
6550.00 0.933248679E-05
6600.00 0.940497444E-05
6650.00 0.942563138E-05
6700.00 0.946432159E-05
6750.00 0.943979274E-05
6800.00 0.937095844E-05
6850.00 0.935260556E-05
6900.00 0.941150167E-05
6950.00 0.945158039E-05
7000.00 0.937522235E-05
7050.00 0.930174225E-05
7100.00 0.937559102E-05
7150.00 0.952292194E-05
7200.00 0.962013224E-05
7250.00 0.967527670E-05
7300.00 0.975358584E-05
7350.00 0.977900533E-05
7400.00 0.979604192E-05
7450.00 0.980711737E-05
7500.00 0.982054106E-05
7550.00 0.990135004E-05
7600.00 0.994356725E-05
7650.00 0.991853654E-05
7700.00 0.987781097E-05
7750.00 0.990958249E-05
7800.00 0.997426664E-05
7850.00 0.100599236E-04
7900.00 0.101083409E-04
7950.00 0.101533948E-04
8000.00 0.102110775E-04
8050.00 0.102604287E-04
8100.00 0.102514034E-04
8150.00 0.102731615E-04
8200.00 0.103753642E-04
8250.00 0.104540668E-04
8300.00 0.105229812E-04
8350.00 0.105424657E-04
8400.00 0.105936467E-04
8450.00 0.107038950E-04
8500.00 0.108589870E-04
8550.00 0.110287139E-04
8600.00 0.111222439E-04
8650.00 0.112467104E-04
8700.00 0.114350549E-04
8750.00 0.115427777E-04
8800.00 0.115871441E-04
8850.00 0.116258348E-04
8900.00 0.116347505E-04
8950.00 0.117009506E-04
9000.00 0.117992228E-04
9050.00 0.118647329E-04
9100.00 0.119615956E-04
9150.00 0.120633835E-04
9200.00 0.122047393E-04
9250.00 0.123800044E-04
9300.00 0.124610211E-04
9350.00 0.124404614E-04
9400.00 0.124492246E-04
9450.00 0.124376465E-04
9500.00 0.124372113E-04
9550.00 0.125789949E-04
9600.00 0.127364687E-04
9650.00 0.127045164E-04
9700.00 0.126529613E-04
9750.00 0.127377722E-04
9800.00 0.127736527E-04
9850.00 0.128329835E-04
9900.00 0.129885991E-04
9950.00 0.130627717E-04
10000.00 0.130224486E-04
10050.00 0.129707879E-04
10100.00 0.129524957E-04
10150.00 0.129421469E-04
10200.00 0.129393688E-04
10250.00 0.129445397E-04
10300.00 0.129364712E-04
10350.00 0.130207348E-04
10400.00 0.131026759E-04
10450.00 0.130850510E-04
10500.00 0.131454475E-04
10550.00 0.132069679E-04
10600.00 0.132352295E-04
10650.00 0.132963343E-04
10700.00 0.132710271E-04
10750.00 0.132460560E-04
10800.00 0.133039555E-04
10850.00 0.133112756E-04
10900.00 0.132744025E-04
10950.00 0.133026877E-04
11000.00 0.133816460E-04
11050.00 0.133941280E-04
11100.00 0.134874679E-04
11150.00 0.135154116E-04
11200.00 0.135441251E-04
11250.00 0.136849763E-04
11300.00 0.136413233E-04
11350.00 0.136661038E-04
11400.00 0.137173376E-04
11450.00 0.137651909E-04
11500.00 0.139395779E-04
11550.00 0.140327720E-04
11600.00 0.141327799E-04
11650.00 0.141910029E-04
11700.00 0.141972023E-04
11750.00 0.142218878E-04
11800.00 0.141833271E-04
11850.00 0.142243831E-04
11900.00 0.143271939E-04
11950.00 0.143900751E-04
12000.00 0.143900541E-04
12050.00 0.144522241E-04
12100.00 0.145020309E-04
12150.00 0.144927440E-04
12200.00 0.145260985E-04
12250.00 0.145817144E-04
12300.00 0.147376836E-04
12350.00 0.148737916E-04
12400.00 0.148231420E-04
12450.00 0.148339291E-04
12500.00 0.149735626E-04
12550.00 0.150119664E-04
12600.00 0.150589995E-04
12650.00 0.151904317E-04
12700.00 0.153445536E-04
12750.00 0.154191934E-04
12800.00 0.153884319E-04
12850.00 0.154487629E-04
12900.00 0.155099276E-04
12950.00 0.155641050E-04
13000.00 0.156311093E-04
13050.00 0.156655337E-04
13100.00 0.156919316E-04
13150.00 0.156923351E-04
13200.00 0.157743235E-04
13250.00 0.158545069E-04
13300.00 0.159186631E-04
13350.00 0.160129514E-04
13400.00 0.160612803E-04
13450.00 0.160209172E-04
13500.00 0.159890680E-04
13550.00 0.160633388E-04
13600.00 0.160854319E-04
13650.00 0.161294115E-04
13700.00 0.162539332E-04
13750.00 0.163006408E-04
13800.00 0.163089589E-04
13850.00 0.162333536E-04
13900.00 0.161722757E-04
13950.00 0.162404421E-04
14000.00 0.162984998E-04
14050.00 0.163850593E-04
14100.00 0.164482037E-04
14150.00 0.163574598E-04
14200.00 0.163357967E-04
14250.00 0.164348423E-04
14300.00 0.165374901E-04
14350.00 0.165456670E-04
14400.00 0.165301843E-04
14450.00 0.166414300E-04
14500.00 0.167781160E-04
14550.00 0.168458472E-04
14600.00 0.168647558E-04
14650.00 0.168723695E-04
14700.00 0.169136437E-04
14750.00 0.169527818E-04
14800.00 0.169826818E-04
14850.00 0.170308424E-04
14900.00 0.170811194E-04
14950.00 0.170985529E-04
15000.00 0.171239955E-04
15050.00 0.171365831E-04
15100.00 0.172255490E-04
15150.00 0.173760244E-04
15200.00 0.174375532E-04
15250.00 0.175089508E-04
15300.00 0.175361116E-04
15350.00 0.175632208E-04
15400.00 0.177261834E-04
15450.00 0.178656153E-04
15500.00 0.179436175E-04
15550.00 0.180411332E-04
15600.00 0.181461293E-04
15650.00 0.182403850E-04
15700.00 0.183135488E-04
15750.00 0.183851463E-04
15800.00 0.184188820E-04
15850.00 0.184666182E-04
15900.00 0.185449498E-04
15950.00 0.187171861E-04
16000.00 0.189356980E-04
16050.00 0.189996747E-04
16100.00 0.190086918E-04
16150.00 0.190518995E-04
16200.00 0.191504129E-04
16250.00 0.192409640E-04
16300.00 0.193875147E-04
16350.00 0.195812254E-04
16400.00 0.196182513E-04
16450.00 0.196172591E-04
16500.00 0.196871761E-04
16550.00 0.197574866E-04
16600.00 0.198236255E-04
16650.00 0.199515961E-04
16700.00 0.200467065E-04
16750.00 0.200758924E-04
16800.00 0.201483099E-04
16850.00 0.202441851E-04
16900.00 0.203230254E-04
16950.00 0.204206507E-04
17000.00 0.204473830E-04
17050.00 0.204587658E-04
17100.00 0.204576834E-04
17150.00 0.204653435E-04
17200.00 0.205733513E-04
17250.00 0.206902376E-04
17300.00 0.207813763E-04
17350.00 0.209352059E-04
17400.00 0.210883428E-04
17450.00 0.210985439E-04
17500.00 0.210567922E-04
17550.00 0.211577518E-04
17600.00 0.212608412E-04
17650.00 0.213152415E-04
17700.00 0.214952843E-04
17750.00 0.217588679E-04
17800.00 0.219597445E-04
17850.00 0.220963337E-04
17900.00 0.222249496E-04
17950.00 0.223547259E-04
18000.00 0.225185604E-04
18050.00 0.226739490E-04
18100.00 0.228277089E-04
18150.00 0.228891684E-04
18200.00 0.228960673E-04
18250.00 0.228454722E-04
18300.00 0.227151232E-04
18350.00 0.227426524E-04
18400.00 0.228279235E-04
18450.00 0.228170870E-04
18500.00 0.228689894E-04
18550.00 0.230015863E-04
18600.00 0.231277907E-04
18650.00 0.231557400E-04
18700.00 0.231376241E-04
18750.00 0.231616014E-04
18800.00 0.231974849E-04
18850.00 0.231510962E-04
18900.00 0.231567666E-04
18950.00 0.232172551E-04
19000.00 0.231559244E-04
19050.00 0.231304661E-04
19100.00 0.232115032E-04
19150.00 0.233311923E-04
19200.00 0.233559486E-04
19250.00 0.234348437E-04
19300.00 0.235078154E-04
19350.00 0.235000535E-04
19400.00 0.236024919E-04
19450.00 0.236432141E-04
19500.00 0.236626591E-04
19550.00 0.236643416E-04
19600.00 0.236540973E-04
19650.00 0.236960452E-04
19700.00 0.236443253E-04
19750.00 0.235961102E-04
19800.00 0.236689672E-04
19850.00 0.237975556E-04
19900.00 0.237751488E-04
19950.00 0.236839738E-04
20000.00 0.237310784E-04
20050.00 0.238146386E-04
20100.00 0.238857257E-04
20150.00 0.239556473E-04
20200.00 0.239686099E-04
20250.00 0.239760106E-04
20300.00 0.240460562E-04
20350.00 0.241380268E-04
20400.00 0.241965296E-04
20450.00 0.241960318E-04
20500.00 0.242234484E-04
20550.00 0.243415186E-04
20600.00 0.244038487E-04
20650.00 0.244234434E-04
20700.00 0.245068716E-04
20750.00 0.245566227E-04
20800.00 0.245425809E-04
20850.00 0.245735007E-04
20900.00 0.246547590E-04
20950.00 0.247393835E-04
21000.00 0.248331482E-04
21050.00 0.248168255E-04
21100.00 0.248039654E-04
21150.00 0.248094853E-04
21200.00 0.248177873E-04
21250.00 0.249401791E-04
21300.00 0.251143915E-04
21350.00 0.251682547E-04
21400.00 0.251643328E-04
21450.00 0.252555753E-04
21500.00 0.252574972E-04
21550.00 0.252718568E-04
21600.00 0.252538114E-04
21650.00 0.252596603E-04
21700.00 0.254050310E-04
21750.00 0.254754670E-04
21800.00 0.254762690E-04
21850.00 0.255519693E-04
21900.00 0.255989617E-04
21950.00 0.256413413E-04
22000.00 0.256710564E-04
22050.00 0.256755625E-04
22100.00 0.257665459E-04
22150.00 0.258603225E-04
22200.00 0.259914394E-04
22250.00 0.260808786E-04
22300.00 0.260812014E-04
22350.00 0.260657665E-04
22400.00 0.259739731E-04
22450.00 0.259194027E-04
22500.00 0.260670756E-04
22550.00 0.261885624E-04
22600.00 0.263224976E-04
22650.00 0.265898805E-04
22700.00 0.267083833E-04
22750.00 0.267090461E-04
22800.00 0.267802595E-04
22850.00 0.268858373E-04
22900.00 0.269460663E-04
22950.00 0.269067369E-04
23000.00 0.268835793E-04
23050.00 0.269742234E-04
23100.00 0.271171581E-04
23150.00 0.272221293E-04
23200.00 0.272420354E-04
23250.00 0.272511271E-04
23300.00 0.273018332E-04
23350.00 0.274590419E-04
23400.00 0.276502293E-04
23450.00 0.277295627E-04
23500.00 0.278205656E-04
23550.00 0.278853889E-04
23600.00 0.278668286E-04
23650.00 0.278700837E-04
23700.00 0.278885394E-04
23750.00 0.279175474E-04
23800.00 0.280239195E-04
23850.00 0.280931781E-04
23900.00 0.281180950E-04
23950.00 0.281538394E-04
24000.00 0.282000506E-04
24050.00 0.282594692E-04
24100.00 0.282966595E-04
24150.00 0.283597281E-04
24200.00 0.284188826E-04
24250.00 0.285349430E-04
24300.00 0.286926925E-04
24350.00 0.287257517E-04
24400.00 0.286939416E-04
24450.00 0.286908467E-04
24500.00 0.286247383E-04
24550.00 0.286197236E-04
24600.00 0.287220817E-04
24650.00 0.287625375E-04
24700.00 0.287939050E-04
24750.00 0.288785824E-04
24800.00 0.289938222E-04
24850.00 0.291238835E-04
24900.00 0.292284572E-04
24950.00 0.292738388E-04
25000.00 0.292977465E-04
25050.00 0.293271395E-04
25100.00 0.293709025E-04
25150.00 0.295214369E-04
25200.00 0.296817715E-04
25250.00 0.297537395E-04
25300.00 0.296934930E-04
25350.00 0.297044412E-04
25400.00 0.298564648E-04
25450.00 0.299421137E-04
25500.00 0.299834767E-04
25550.00 0.300598353E-04
25600.00 0.302260392E-04
25650.00 0.303381393E-04
25700.00 0.303371249E-04
25750.00 0.303969857E-04
25800.00 0.304992555E-04
25850.00 0.305010282E-04
25900.00 0.304918759E-04
25950.00 0.305562843E-04
26000.00 0.306046933E-04
26050.00 0.307210258E-04
26100.00 0.308351098E-04
26150.00 0.307880030E-04
26200.00 0.307726334E-04
26250.00 0.308353010E-04
26300.00 0.308956184E-04
26350.00 0.310400057E-04
26400.00 0.310773685E-04
26450.00 0.310328268E-04
26500.00 0.311391920E-04
26550.00 0.312289143E-04
26600.00 0.313345255E-04
26650.00 0.314669479E-04
26700.00 0.315066999E-04
26750.00 0.314828743E-04
26800.00 0.315505585E-04
26850.00 0.316604171E-04
26900.00 0.317501659E-04
26950.00 0.318432150E-04
27000.00 0.318944223E-04
27050.00 0.320243501E-04
27100.00 0.321561889E-04
27150.00 0.322229698E-04
27200.00 0.322986012E-04
27250.00 0.323046169E-04
27300.00 0.323058905E-04
27350.00 0.322945591E-04
27400.00 0.322664414E-04
27450.00 0.322970157E-04
27500.00 0.323692406E-04
27550.00 0.324292176E-04
27600.00 0.324346921E-04
27650.00 0.324680411E-04
27700.00 0.324688405E-04
27750.00 0.324932092E-04
27800.00 0.325708054E-04
27850.00 0.326596091E-04
27900.00 0.327981322E-04
27950.00 0.328647252E-04
28000.00 0.328696304E-04
28050.00 0.328990452E-04
28100.00 0.329722834E-04
28150.00 0.331257815E-04
28200.00 0.332381962E-04
28250.00 0.332784945E-04
28300.00 0.333709703E-04
28350.00 0.333962107E-04
28400.00 0.334106616E-04
28450.00 0.335110477E-04
28500.00 0.336502577E-04
28550.00 0.336766205E-04
28600.00 0.337386242E-04
28650.00 0.339055651E-04
28700.00 0.339274723E-04
28750.00 0.339539287E-04
28800.00 0.340452980E-04
28850.00 0.340951455E-04
28900.00 0.341192382E-04
28950.00 0.341504235E-04
29000.00 0.342546999E-04
29050.00 0.343582445E-04
29100.00 0.343465675E-04
29150.00 0.343454244E-04
29200.00 0.343953965E-04
29250.00 0.344661523E-04
29300.00 0.344725829E-04
29350.00 0.344370232E-04
29400.00 0.344509408E-04
29450.00 0.345068862E-04
29500.00 0.345699846E-04
29550.00 0.345812833E-04
29600.00 0.346077405E-04
29650.00 0.346893344E-04
29700.00 0.347347466E-04
29750.00 0.347391953E-04
29800.00 0.347439499E-04
29850.00 0.347452079E-04
29900.00 0.348462420E-04
29950.00 0.350056156E-04
30000.00 0.350651441E-04
30050.00 0.350909340E-04
30100.00 0.351689360E-04
30150.00 0.352239329E-04
30200.00 0.352551736E-04
30250.00 0.353682388E-04
30300.00 0.354359985E-04
30350.00 0.354629898E-04
30400.00 0.354699900E-04
30450.00 0.354851151E-04
30500.00 0.355821299E-04
30550.00 0.356252553E-04
30600.00 0.356354448E-04
30650.00 0.357222635E-04
30700.00 0.358144602E-04
30750.00 0.358206840E-04
30800.00 0.358075848E-04
30850.00 0.359300715E-04
30900.00 0.360508672E-04
30950.00 0.360015270E-04
31000.00 0.359537892E-04
31050.00 0.359138307E-04
31100.00 0.358939115E-04
31150.00 0.359997879E-04
31200.00 0.361521791E-04
31250.00 0.361889913E-04
31300.00 0.361376141E-04
31350.00 0.361483239E-04
31400.00 0.362158593E-04
31450.00 0.362331673E-04
31500.00 0.363240569E-04
31550.00 0.364088607E-04
31600.00 0.363735048E-04
31650.00 0.363532936E-04
31700.00 0.363650232E-04
31750.00 0.363889333E-04
31800.00 0.364309734E-04
31850.00 0.364819640E-04
31900.00 0.364926002E-04
31950.00 0.365548858E-04
32000.00 0.366863838E-04
32050.00 0.367221978E-04
32100.00 0.367563434E-04
32150.00 0.368619759E-04
32200.00 0.369553303E-04
32250.00 0.369173343E-04
32300.00 0.368665692E-04
32350.00 0.369160825E-04
32400.00 0.370528160E-04
32450.00 0.371718954E-04
32500.00 0.371087549E-04
32550.00 0.370667310E-04
32600.00 0.371238783E-04
32650.00 0.372193749E-04
32700.00 0.373300230E-04
32750.00 0.373943064E-04
32800.00 0.374629098E-04
32850.00 0.375769137E-04
32900.00 0.375817048E-04
32950.00 0.375521218E-04
33000.00 0.376058287E-04
33050.00 0.376287184E-04
33100.00 0.376857508E-04
33150.00 0.378083361E-04
33200.00 0.378337764E-04
33250.00 0.378088386E-04
33300.00 0.378501597E-04
33350.00 0.378786443E-04
33400.00 0.379006073E-04
33450.00 0.379624370E-04
33500.00 0.380226472E-04
33550.00 0.380178597E-04
33600.00 0.380418617E-04
33650.00 0.381585193E-04
33700.00 0.381794380E-04
33750.00 0.381670876E-04
33800.00 0.382384197E-04
33850.00 0.383752429E-04
33900.00 0.385400236E-04
33950.00 0.386345875E-04
34000.00 0.386877518E-04
34050.00 0.387782304E-04
34100.00 0.388413081E-04
34150.00 0.388969155E-04
34200.00 0.389421650E-04
34250.00 0.390238509E-04
34300.00 0.391567910E-04
34350.00 0.392394490E-04
34400.00 0.392860815E-04
34450.00 0.392914376E-04
34500.00 0.393888143E-04
34550.00 0.395029162E-04
34600.00 0.396043126E-04
34650.00 0.397876142E-04
34700.00 0.398432131E-04
34750.00 0.398373617E-04
34800.00 0.399384682E-04
34850.00 0.401292094E-04
34900.00 0.402511872E-04
34950.00 0.402533035E-04
35000.00 0.403534110E-04
35050.00 0.404627788E-04
35100.00 0.404358114E-04
35150.00 0.403673100E-04
35200.00 0.403307818E-04
35250.00 0.403315677E-04
35300.00 0.404159913E-04
35350.00 0.405238524E-04
35400.00 0.406083783E-04
35450.00 0.406415886E-04
35500.00 0.406645754E-04
35550.00 0.407411993E-04
35600.00 0.408089030E-04
35650.00 0.408724915E-04
35700.00 0.408494242E-04
35750.00 0.408266364E-04
35800.00 0.408659260E-04
35850.00 0.408081233E-04
35900.00 0.407579870E-04
35950.00 0.408034650E-04
36000.00 0.407911531E-04
36050.00 0.406362085E-04
36100.00 0.405651269E-04
36150.00 0.406522372E-04
36200.00 0.407680404E-04
36250.00 0.408793780E-04
36300.00 0.409774619E-04
36350.00 0.410585492E-04
36400.00 0.411828952E-04
36450.00 0.412381901E-04
36500.00 0.411894255E-04
36550.00 0.412239954E-04
36600.00 0.413323690E-04
36650.00 0.415110916E-04
36700.00 0.415898760E-04
36750.00 0.416642702E-04
36800.00 0.418007976E-04
36850.00 0.418922194E-04
36900.00 0.419431943E-04
36950.00 0.418846067E-04
37000.00 0.418660939E-04
37050.00 0.418399641E-04
37100.00 0.419059835E-04
37150.00 0.419732452E-04
37200.00 0.419897708E-04
37250.00 0.421033859E-04
37300.00 0.421537487E-04
37350.00 0.421921067E-04
37400.00 0.422009921E-04
37450.00 0.421735113E-04
37500.00 0.422473747E-04
37550.00 0.423351083E-04
37600.00 0.423629121E-04
37650.00 0.424539611E-04
37700.00 0.424998403E-04
37750.00 0.425373708E-04
37800.00 0.426023659E-04
37850.00 0.425716023E-04
37900.00 0.425695087E-04
37950.00 0.425896494E-04
38000.00 0.426256149E-04
38050.00 0.427229704E-04
38100.00 0.427519045E-04
38150.00 0.427462262E-04
38200.00 0.428041791E-04
38250.00 0.428959301E-04
38300.00 0.430066059E-04
38350.00 0.430773379E-04
38400.00 0.431032238E-04
38450.00 0.431796602E-04
38500.00 0.432880350E-04
38550.00 0.433140451E-04
38600.00 0.433320197E-04
38650.00 0.434691256E-04
38700.00 0.436000292E-04
38750.00 0.436909069E-04
38800.00 0.437518212E-04
38850.00 0.437554295E-04
38900.00 0.438600451E-04
38950.00 0.440328844E-04
39000.00 0.441657662E-04
39050.00 0.442224324E-04
39100.00 0.442163668E-04
39150.00 0.442346424E-04
39200.00 0.443739004E-04
39250.00 0.444782020E-04
39300.00 0.444334196E-04
39350.00 0.444322484E-04
39400.00 0.444361526E-04
39450.00 0.443865418E-04
39500.00 0.443972737E-04
39550.00 0.444579592E-04
39600.00 0.444950935E-04
39650.00 0.444210998E-04
39700.00 0.444769463E-04
39750.00 0.446430499E-04
39800.00 0.446894894E-04
39850.00 0.448205661E-04
39900.00 0.449504947E-04
39950.00 0.449909438E-04
40000.00 0.450639192E-04
40050.00 0.451829103E-04
40100.00 0.452779395E-04
40150.00 0.453260167E-04
40200.00 0.453893772E-04
40250.00 0.454549885E-04
40300.00 0.454775057E-04
40350.00 0.454406927E-04
40400.00 0.454680195E-04
40450.00 0.455227604E-04
40500.00 0.455404602E-04
40550.00 0.456076803E-04
40600.00 0.456944825E-04
40650.00 0.458134483E-04
40700.00 0.459078263E-04
40750.00 0.459982344E-04
40800.00 0.461401637E-04
40850.00 0.462300576E-04
40900.00 0.463027564E-04
40950.00 0.464024243E-04
41000.00 0.464368499E-04
41050.00 0.463881913E-04
41100.00 0.463812518E-04
41150.00 0.464805274E-04
41200.00 0.465617016E-04
41250.00 0.465823491E-04
41300.00 0.466288930E-04
41350.00 0.466976223E-04
41400.00 0.467161288E-04
41450.00 0.467573724E-04
41500.00 0.467751584E-04
41550.00 0.467582034E-04
41600.00 0.468376468E-04
41650.00 0.469703893E-04
41700.00 0.470419016E-04
41750.00 0.471007764E-04
41800.00 0.472324096E-04
41850.00 0.472823776E-04
41900.00 0.473022785E-04
41950.00 0.474119817E-04
42000.00 0.474617170E-04
42050.00 0.475098791E-04
42100.00 0.475645302E-04
42150.00 0.475985223E-04
42200.00 0.476571032E-04
42250.00 0.477442653E-04
42300.00 0.479282561E-04
42350.00 0.480450106E-04
42400.00 0.480930129E-04
42450.00 0.481328474E-04
42500.00 0.481336837E-04
42550.00 0.481271470E-04
42600.00 0.481069411E-04
42650.00 0.481942593E-04
42700.00 0.482839640E-04
42750.00 0.483553458E-04
42800.00 0.484964204E-04
42850.00 0.485924024E-04
42900.00 0.486638777E-04
42950.00 0.487217239E-04
43000.00 0.487397541E-04
43050.00 0.487914725E-04
43100.00 0.488504311E-04
43150.00 0.488292262E-04
43200.00 0.488395969E-04
43250.00 0.489742874E-04
43300.00 0.490236740E-04
43350.00 0.490122544E-04
43400.00 0.491284378E-04
43450.00 0.492591941E-04
43500.00 0.493436930E-04
43550.00 0.493838260E-04
43600.00 0.494683193E-04
43650.00 0.496138719E-04
43700.00 0.496203616E-04
43750.00 0.496128695E-04
43800.00 0.496669713E-04
43850.00 0.497530011E-04
43900.00 0.498390179E-04
43950.00 0.499096574E-04
44000.00 0.500318587E-04
44050.00 0.501183994E-04
44100.00 0.501708073E-04
44150.00 0.502626114E-04
44200.00 0.503321869E-04
44250.00 0.503464574E-04
44300.00 0.504006441E-04
44350.00 0.504553651E-04
44400.00 0.505066209E-04
44450.00 0.505837606E-04
44500.00 0.506923526E-04
44550.00 0.507691842E-04
44600.00 0.508723541E-04
44650.00 0.509967819E-04
44700.00 0.509731777E-04
44750.00 0.509753999E-04
44800.00 0.510143201E-04
44850.00 0.509937836E-04
44900.00 0.510183515E-04
44950.00 0.510825483E-04
45000.00 0.511365975E-04
45050.00 0.511382580E-04
45100.00 0.511649594E-04
45150.00 0.513084103E-04
45200.00 0.514951673E-04
45250.00 0.515416471E-04
45300.00 0.514303270E-04
45350.00 0.514200056E-04
45400.00 0.515009655E-04
45450.00 0.515484003E-04
45500.00 0.515064976E-04
45550.00 0.515030799E-04
45600.00 0.516251954E-04
45650.00 0.517186951E-04
45700.00 0.517941734E-04
45750.00 0.517995086E-04
45800.00 0.518760038E-04
45850.00 0.519688057E-04
45900.00 0.518866057E-04
45950.00 0.518907634E-04
46000.00 0.520273069E-04
46050.00 0.521356110E-04
46100.00 0.522846029E-04
46150.00 0.524688708E-04
46200.00 0.525915240E-04
46250.00 0.526326181E-04
46300.00 0.526855908E-04
46350.00 0.528170840E-04
46400.00 0.529195236E-04
46450.00 0.530112447E-04
46500.00 0.530338762E-04
46550.00 0.530709819E-04
46600.00 0.530964347E-04
46650.00 0.531370893E-04
46700.00 0.533132639E-04
46750.00 0.534881504E-04
46800.00 0.536196377E-04
46850.00 0.536747546E-04
46900.00 0.537093199E-04
46950.00 0.536949209E-04
47000.00 0.537237425E-04
47050.00 0.538869887E-04
47100.00 0.540370913E-04
47150.00 0.541084088E-04
47200.00 0.541770932E-04
47250.00 0.542312355E-04
47300.00 0.541752989E-04
47350.00 0.540891189E-04
47400.00 0.541020957E-04
47450.00 0.542451137E-04
47500.00 0.542594481E-04
47550.00 0.542630890E-04
47600.00 0.544535407E-04
47650.00 0.545447944E-04
47700.00 0.546560609E-04
47750.00 0.548037236E-04
47800.00 0.549015603E-04
47850.00 0.550037802E-04
47900.00 0.550985482E-04
47950.00 0.551698863E-04
48000.00 0.552445283E-04
48050.00 0.552793697E-04
48100.00 0.552866756E-04
48150.00 0.553200381E-04
48200.00 0.553349507E-04
48250.00 0.553252166E-04
48300.00 0.553016762E-04
48350.00 0.552687445E-04
48400.00 0.552106948E-04
48450.00 0.552369614E-04
48500.00 0.553937045E-04
48550.00 0.555803143E-04
48600.00 0.556850311E-04
48650.00 0.557477151E-04
48700.00 0.558209626E-04
48750.00 0.558970691E-04
48800.00 0.559322577E-04
48850.00 0.559064862E-04
48900.00 0.559763710E-04
48950.00 0.560060885E-04
49000.00 0.560217616E-04
49050.00 0.562636700E-04
49100.00 0.563952532E-04
49150.00 0.563649563E-04
49200.00 0.563248736E-04
49250.00 0.563271961E-04
49300.00 0.564704604E-04
49350.00 0.565844330E-04
49400.00 0.566197671E-04
49450.00 0.566486971E-04
49500.00 0.567401726E-04
49550.00 0.568443298E-04
49600.00 0.568412501E-04
49650.00 0.568430410E-04
49700.00 0.569732651E-04
49750.00 0.571575664E-04
49800.00 0.572610754E-04
49850.00 0.573139710E-04
49900.00 0.574470834E-04
49950.00 0.575745280E-04
50000.00 0.576708024E-04
50050.00 0.578598141E-04
50100.00 0.580002775E-04
50150.00 0.579937289E-04
50200.00 0.579505817E-04
50250.00 0.580134809E-04
50300.00 0.581447975E-04
50350.00 0.582664314E-04
50400.00 0.583310139E-04
50450.00 0.584200146E-04
50500.00 0.585368867E-04
50550.00 0.586797282E-04
50600.00 0.587546744E-04
50650.00 0.587237051E-04
50700.00 0.587889232E-04
50750.00 0.587792656E-04
50800.00 0.587701595E-04
50850.00 0.589025487E-04
50900.00 0.590058297E-04
50950.00 0.589841615E-04
51000.00 0.589627413E-04
51050.00 0.590162349E-04
51100.00 0.590824160E-04
51150.00 0.591604775E-04
51200.00 0.592149410E-04
51250.00 0.593272824E-04
51300.00 0.594308224E-04
51350.00 0.594221431E-04
51400.00 0.594992773E-04
51450.00 0.596650243E-04
51500.00 0.597366187E-04
51550.00 0.598564708E-04
51600.00 0.600570351E-04
51650.00 0.601499920E-04
51700.00 0.601948738E-04
51750.00 0.602068052E-04
51800.00 0.602075896E-04
51850.00 0.602328380E-04
51900.00 0.602723936E-04
51950.00 0.603564808E-04
52000.00 0.603734620E-04
52050.00 0.603443520E-04
52100.00 0.604494084E-04
52150.00 0.605737229E-04
52200.00 0.606692411E-04
52250.00 0.607969700E-04
52300.00 0.608851697E-04
52350.00 0.610532774E-04
52400.00 0.613004537E-04
52450.00 0.613705910E-04
52500.00 0.613387891E-04
52550.00 0.613697783E-04
52600.00 0.614149441E-04
52650.00 0.614893028E-04
52700.00 0.615792713E-04
52750.00 0.616872984E-04
52800.00 0.618479709E-04
52850.00 0.619963609E-04
52900.00 0.620586302E-04
52950.00 0.621226068E-04
53000.00 0.622368050E-04
53050.00 0.623575162E-04
53100.00 0.623313166E-04
53150.00 0.623163171E-04
53200.00 0.623309530E-04
53250.00 0.623382518E-04
53300.00 0.624827647E-04
53350.00 0.626759962E-04
53400.00 0.627621186E-04
53450.00 0.627872323E-04
53500.00 0.629050874E-04
53550.00 0.629501249E-04
53600.00 0.629465568E-04
53650.00 0.630094186E-04
53700.00 0.630992295E-04
53750.00 0.631130334E-04
53800.00 0.630670349E-04
53850.00 0.631406342E-04
53900.00 0.632738013E-04
53950.00 0.633127898E-04
54000.00 0.633873399E-04
54050.00 0.634455520E-04
54100.00 0.634608104E-04
54150.00 0.635099327E-04
54200.00 0.635843627E-04
54250.00 0.636996268E-04
54300.00 0.638769971E-04
54350.00 0.639623285E-04
54400.00 0.640173753E-04
54450.00 0.641620631E-04
54500.00 0.642794694E-04
54550.00 0.643275424E-04
54600.00 0.642929882E-04
54650.00 0.643767757E-04
54700.00 0.644443509E-04
54750.00 0.645023012E-04
54800.00 0.645862194E-04
54850.00 0.645965294E-04
54900.00 0.646235836E-04
54950.00 0.646949833E-04
55000.00 0.648013145E-04
55050.00 0.648751582E-04
55100.00 0.649775449E-04
55150.00 0.650275311E-04
55200.00 0.650014842E-04
55250.00 0.650092670E-04
55300.00 0.650152708E-04
55350.00 0.651511249E-04
55400.00 0.653262633E-04
55450.00 0.653902180E-04
55500.00 0.655215236E-04
55550.00 0.656330347E-04
55600.00 0.657091369E-04
55650.00 0.657962687E-04
55700.00 0.658766467E-04
55750.00 0.659595817E-04
55800.00 0.659905436E-04
55850.00 0.659964068E-04
55900.00 0.660851465E-04
55950.00 0.662170269E-04
56000.00 0.663635361E-04
56050.00 0.665574255E-04
56100.00 0.665541108E-04
56150.00 0.664652798E-04
56200.00 0.665912774E-04
56250.00 0.666580001E-04
56300.00 0.666546801E-04
56350.00 0.667493160E-04
56400.00 0.668569266E-04
56450.00 0.669455673E-04
56500.00 0.670076377E-04
56550.00 0.670621135E-04
56600.00 0.670879185E-04
56650.00 0.671782127E-04
56700.00 0.672303554E-04
56750.00 0.672240801E-04
56800.00 0.672328332E-04
56850.00 0.672573945E-04
56900.00 0.673370209E-04
56950.00 0.674216548E-04
57000.00 0.675212496E-04
57050.00 0.675970980E-04
57100.00 0.676448861E-04
57150.00 0.677573947E-04
57200.00 0.679024955E-04
57250.00 0.679471307E-04
57300.00 0.679427268E-04
57350.00 0.680283048E-04
57400.00 0.680902453E-04
57450.00 0.680877574E-04
57500.00 0.681392107E-04
57550.00 0.683139584E-04
57600.00 0.684087226E-04
57650.00 0.684366503E-04
57700.00 0.685259590E-04
57750.00 0.685559806E-04
57800.00 0.685800760E-04
57850.00 0.685837699E-04
57900.00 0.685907195E-04
57950.00 0.686453372E-04
58000.00 0.687689614E-04
58050.00 0.688136032E-04
58100.00 0.689699970E-04
58150.00 0.692093776E-04
58200.00 0.692366891E-04
58250.00 0.692505315E-04
58300.00 0.692531870E-04
58350.00 0.692940060E-04
58400.00 0.693900363E-04
58450.00 0.694734342E-04
58500.00 0.695638679E-04
58550.00 0.696438890E-04
58600.00 0.697698563E-04
58650.00 0.698915101E-04
58700.00 0.700345239E-04
58750.00 0.701586235E-04
58800.00 0.702543125E-04
58850.00 0.703777380E-04
58900.00 0.703764675E-04
58950.00 0.703662676E-04
59000.00 0.705286819E-04
59050.00 0.706860591E-04
59100.00 0.707891780E-04
59150.00 0.708940440E-04
59200.00 0.709844454E-04
59250.00 0.710292293E-04
59300.00 0.710669377E-04
59350.00 0.711557510E-04
59400.00 0.712552500E-04
59450.00 0.712828772E-04
59500.00 0.712624667E-04
59550.00 0.713118292E-04
59600.00 0.712887727E-04
59650.00 0.713014830E-04
59700.00 0.713189875E-04
59750.00 0.712609435E-04
59800.00 0.713127486E-04
59850.00 0.714274210E-04
59900.00 0.715580475E-04
59950.00 0.716207241E-04
60000.00 0.716469550E-04
60050.00 0.716951505E-04
60100.00 0.716966040E-04
60150.00 0.717024393E-04
60200.00 0.717736006E-04
60250.00 0.718824097E-04
60300.00 0.719322201E-04
60350.00 0.719811599E-04
60400.00 0.720721770E-04
60450.00 0.721818595E-04
60500.00 0.723171661E-04
60550.00 0.724809004E-04
60600.00 0.725716127E-04
60650.00 0.726285526E-04
60700.00 0.726720693E-04
60750.00 0.726711075E-04
60800.00 0.728237691E-04
60850.00 0.729880420E-04
60900.00 0.729913911E-04
60950.00 0.730345372E-04
61000.00 0.731166703E-04
61050.00 0.730830170E-04
61100.00 0.731348213E-04
61150.00 0.732776075E-04
61200.00 0.734320423E-04
61250.00 0.735172460E-04
61300.00 0.735540925E-04
61350.00 0.736798678E-04
61400.00 0.737595647E-04
61450.00 0.738518333E-04
61500.00 0.739877604E-04
61550.00 0.740710147E-04
61600.00 0.741303855E-04
61650.00 0.742611884E-04
61700.00 0.743518024E-04
61750.00 0.743583083E-04
61800.00 0.743717799E-04
61850.00 0.744554614E-04
61900.00 0.745650452E-04
61950.00 0.745945216E-04
62000.00 0.746870748E-04
62050.00 0.748317611E-04
62100.00 0.748229749E-04
62150.00 0.748827231E-04
62200.00 0.750643191E-04
62250.00 0.751452344E-04
62300.00 0.751813146E-04
62350.00 0.752902962E-04
62400.00 0.754740046E-04
62450.00 0.755507942E-04
62500.00 0.755542816E-04
62550.00 0.755079474E-04
62600.00 0.755614390E-04
62650.00 0.756685434E-04
62700.00 0.757062476E-04
62750.00 0.757570975E-04
62800.00 0.758289184E-04
62850.00 0.758929140E-04
62900.00 0.758984088E-04
62950.00 0.759272897E-04
63000.00 0.759514085E-04
63050.00 0.759977987E-04
63100.00 0.761255493E-04
63150.00 0.762047206E-04
63200.00 0.763191711E-04
63250.00 0.765046485E-04
63300.00 0.766359394E-04
63350.00 0.766834442E-04
63400.00 0.766946137E-04
63450.00 0.766831068E-04
63500.00 0.766642863E-04
63550.00 0.766651456E-04
63600.00 0.767071847E-04
63650.00 0.768219387E-04
63700.00 0.768788466E-04
63750.00 0.768722317E-04
63800.00 0.768357819E-04
63850.00 0.768831850E-04
63900.00 0.770445293E-04
63950.00 0.771454726E-04
64000.00 0.771427419E-04
64050.00 0.771773990E-04
64100.00 0.772727400E-04
64150.00 0.773028269E-04
64200.00 0.773799272E-04
64250.00 0.774214561E-04
64300.00 0.774422630E-04
64350.00 0.775845187E-04
64400.00 0.776654220E-04
64450.00 0.777183986E-04
64500.00 0.778006448E-04
64550.00 0.779100621E-04
64600.00 0.779756112E-04
64650.00 0.779926840E-04
64700.00 0.780303711E-04
64750.00 0.780621895E-04
64800.00 0.781285858E-04
64850.00 0.782758774E-04
64900.00 0.783378207E-04
64950.00 0.783382014E-04
65000.00 0.784088587E-04
65050.00 0.784849254E-04
65100.00 0.785699402E-04
65150.00 0.786787018E-04
65200.00 0.787547282E-04
65250.00 0.787477608E-04
65300.00 0.787598696E-04
65350.00 0.788748365E-04
65400.00 0.790425667E-04
65450.00 0.792195857E-04
65500.00 0.793496535E-04
65550.00 0.794208059E-04
65600.00 0.794847174E-04
65650.00 0.795888870E-04
65700.00 0.797062192E-04
65750.00 0.797733234E-04
65800.00 0.798092969E-04
65850.00 0.798307199E-04
65900.00 0.798624282E-04
65950.00 0.798397102E-04
66000.00 0.798650628E-04
66050.00 0.799631691E-04
66100.00 0.800898063E-04
66150.00 0.802650838E-04
66200.00 0.803329225E-04
66250.00 0.803726607E-04
66300.00 0.804115109E-04
66350.00 0.804766582E-04
66400.00 0.806101312E-04
66450.00 0.807268003E-04
66500.00 0.808411399E-04
66550.00 0.808086137E-04
66600.00 0.807163204E-04
66650.00 0.807207875E-04
66700.00 0.808054973E-04
66750.00 0.809440577E-04
66800.00 0.809777260E-04
66850.00 0.809658489E-04
66900.00 0.810469287E-04
66950.00 0.811422729E-04
67000.00 0.812149876E-04
67050.00 0.812641710E-04
67100.00 0.812750118E-04
67150.00 0.812854081E-04
67200.00 0.813924733E-04
67250.00 0.815763605E-04
67300.00 0.816783976E-04
67350.00 0.817954307E-04
67400.00 0.819310642E-04
67450.00 0.819953132E-04
67500.00 0.820557345E-04
67550.00 0.821633760E-04
67600.00 0.822477349E-04
67650.00 0.823377371E-04
67700.00 0.824319515E-04
67750.00 0.824457796E-04
67800.00 0.823895833E-04
67850.00 0.823229543E-04
67900.00 0.823290560E-04
67950.00 0.823218665E-04
68000.00 0.822900289E-04
68050.00 0.822936165E-04
68100.00 0.822840242E-04
68150.00 0.822558933E-04
68200.00 0.823660033E-04
68250.00 0.825423820E-04
68300.00 0.825669368E-04
68350.00 0.825407368E-04
68400.00 0.825829825E-04
68450.00 0.826637088E-04
68500.00 0.828187632E-04
68550.00 0.829056850E-04
68600.00 0.829439200E-04
68650.00 0.829390863E-04
68700.00 0.828558711E-04
68750.00 0.828804364E-04
68800.00 0.830354367E-04
68850.00 0.831447544E-04
68900.00 0.831710793E-04
68950.00 0.832467061E-04
69000.00 0.833663251E-04
69050.00 0.834907309E-04
69100.00 0.835082241E-04
69150.00 0.835237058E-04
69200.00 0.834767405E-04
69250.00 0.834167556E-04
69300.00 0.834296436E-04
69350.00 0.833983603E-04
69400.00 0.834771521E-04
69450.00 0.836765347E-04
69500.00 0.838023289E-04
69550.00 0.838873336E-04
69600.00 0.839153458E-04
69650.00 0.838250551E-04
69700.00 0.838438746E-04
69750.00 0.839524401E-04
69800.00 0.839568530E-04
69850.00 0.839640192E-04
69900.00 0.840462213E-04
69950.00 0.840985039E-04
70000.00 0.841678587E-04
70050.00 0.841841499E-04
70100.00 0.841439753E-04
70150.00 0.843186228E-04
70200.00 0.845675974E-04
70250.00 0.846346837E-04
70300.00 0.846764669E-04
70350.00 0.848224113E-04
70400.00 0.849319015E-04
70450.00 0.849290629E-04
70500.00 0.849707847E-04
70550.00 0.850652286E-04
70600.00 0.851766628E-04
70650.00 0.852285084E-04
70700.00 0.852156802E-04
70750.00 0.852353247E-04
70800.00 0.853011925E-04
70850.00 0.854044532E-04
70900.00 0.854843888E-04
70950.00 0.855233227E-04
71000.00 0.856051287E-04
71050.00 0.856535356E-04
71100.00 0.856958353E-04
71150.00 0.857204131E-04
71200.00 0.857366805E-04
71250.00 0.858418933E-04
71300.00 0.859127898E-04
71350.00 0.860344451E-04
71400.00 0.861163297E-04
71450.00 0.861856523E-04
71500.00 0.862804840E-04
71550.00 0.862537974E-04
71600.00 0.862106228E-04
71650.00 0.862647404E-04
71700.00 0.863289637E-04
71750.00 0.863538679E-04
71800.00 0.864703541E-04
71850.00 0.865646903E-04
71900.00 0.864649550E-04
71950.00 0.863799318E-04
72000.00 0.865024132E-04
72050.00 0.866827371E-04
72100.00 0.868492288E-04
72150.00 0.869890187E-04
72200.00 0.870395089E-04
72250.00 0.869968801E-04
72300.00 0.870295924E-04
72350.00 0.871666158E-04
72400.00 0.872069118E-04
72450.00 0.871480856E-04
72500.00 0.871223198E-04
72550.00 0.871489408E-04
72600.00 0.872666996E-04
72650.00 0.873365912E-04
72700.00 0.872800758E-04
72750.00 0.873204402E-04
72800.00 0.873481834E-04
72850.00 0.872646230E-04
72900.00 0.872328535E-04
72950.00 0.872810237E-04
73000.00 0.873010663E-04
73050.00 0.873275591E-04
73100.00 0.873732841E-04
73150.00 0.874824969E-04
73200.00 0.876122791E-04
73250.00 0.876830037E-04
73300.00 0.877703558E-04
73350.00 0.879144548E-04
73400.00 0.879806518E-04
73450.00 0.879543978E-04
73500.00 0.880139685E-04
73550.00 0.880804859E-04
73600.00 0.880694206E-04
73650.00 0.879986215E-04
73700.00 0.880246564E-04
73750.00 0.881078891E-04
73800.00 0.881800718E-04
73850.00 0.882652690E-04
73900.00 0.883029386E-04
73950.00 0.883376188E-04
74000.00 0.883769245E-04
74050.00 0.884612515E-04
74100.00 0.885967510E-04
74150.00 0.886640097E-04
74200.00 0.887327818E-04
74250.00 0.888058144E-04
74300.00 0.888033089E-04
74350.00 0.888423975E-04
74400.00 0.889571561E-04
74450.00 0.889817657E-04
74500.00 0.889168557E-04
74550.00 0.889443941E-04
74600.00 0.890371298E-04
74650.00 0.891376833E-04
74700.00 0.892567991E-04
74750.00 0.892788072E-04
74800.00 0.892669285E-04
74850.00 0.893095237E-04
74900.00 0.893730902E-04
74950.00 0.894273699E-04
75000.00 0.895323218E-04
75050.00 0.896866429E-04
75100.00 0.898365719E-04
75150.00 0.899785048E-04
75200.00 0.900036338E-04
75250.00 0.900461210E-04
75300.00 0.900807846E-04
75350.00 0.900056001E-04
75400.00 0.900654132E-04
75450.00 0.901691301E-04
75500.00 0.902013950E-04
75550.00 0.901833188E-04
75600.00 0.901352760E-04
75650.00 0.902340161E-04
75700.00 0.903168902E-04
75750.00 0.903503698E-04
75800.00 0.904438367E-04
75850.00 0.904952370E-04
75900.00 0.904699127E-04
75950.00 0.904236836E-04
76000.00 0.904159369E-04
76050.00 0.904083627E-04
76100.00 0.905195295E-04
76150.00 0.907148908E-04
76200.00 0.907467316E-04
76250.00 0.907526366E-04
76300.00 0.907433787E-04
76350.00 0.906954748E-04
76400.00 0.906682875E-04
76450.00 0.907362762E-04
76500.00 0.908145903E-04
76550.00 0.908769726E-04
76600.00 0.910186141E-04
76650.00 0.910480590E-04
76700.00 0.909787888E-04
76750.00 0.910377880E-04
76800.00 0.910645871E-04
76850.00 0.909711116E-04
76900.00 0.909978346E-04
76950.00 0.911245068E-04
77000.00 0.911857637E-04
77050.00 0.912098715E-04
77100.00 0.911901028E-04
77150.00 0.912194005E-04
77200.00 0.913020234E-04
77250.00 0.913871146E-04
77300.00 0.914959072E-04
77350.00 0.914999166E-04
77400.00 0.915605642E-04
77450.00 0.916954752E-04
77500.00 0.916469899E-04
77550.00 0.915884634E-04
77600.00 0.916705751E-04
77650.00 0.917787485E-04
77700.00 0.918631273E-04
77750.00 0.918228541E-04
77800.00 0.917985883E-04
77850.00 0.918676986E-04
77900.00 0.918473986E-04
77950.00 0.918548421E-04
78000.00 0.919065859E-04
78050.00 0.919200178E-04
78100.00 0.920449521E-04
78150.00 0.921649965E-04
78200.00 0.921959015E-04
78250.00 0.921925309E-04
78300.00 0.922427115E-04
78350.00 0.923471072E-04
78400.00 0.924015679E-04
78450.00 0.924454879E-04
78500.00 0.924848051E-04
78550.00 0.924644395E-04
78600.00 0.924166486E-04
78650.00 0.924277714E-04
78700.00 0.924703912E-04
78750.00 0.924861153E-04
78800.00 0.924977114E-04
78850.00 0.924486316E-04
78900.00 0.924532230E-04
78950.00 0.924845449E-04
79000.00 0.925406188E-04
79050.00 0.925943938E-04
79100.00 0.927419730E-04
79150.00 0.930016901E-04
79200.00 0.930305891E-04
79250.00 0.930842967E-04
79300.00 0.931894105E-04
79350.00 0.932222454E-04
79400.00 0.933051839E-04
79450.00 0.933755283E-04
79500.00 0.934227407E-04
79550.00 0.935446711E-04
79600.00 0.936316331E-04
79650.00 0.936651327E-04
79700.00 0.937321847E-04
79750.00 0.937468943E-04
79800.00 0.937193444E-04
79850.00 0.938593071E-04
79900.00 0.940497920E-04
79950.00 0.941623100E-04
80000.00 0.943196867E-04
80050.00 0.943931884E-04
80100.00 0.944228041E-04
80150.00 0.945231492E-04
80200.00 0.946614943E-04
80250.00 0.947598567E-04
80300.00 0.948085573E-04
80350.00 0.948561650E-04
80400.00 0.949441752E-04
80450.00 0.949574786E-04
80500.00 0.950264075E-04
80550.00 0.950956117E-04
80600.00 0.949910618E-04
80650.00 0.949674659E-04
80700.00 0.949469135E-04
80750.00 0.949712780E-04
80800.00 0.950200267E-04
80850.00 0.950459574E-04
80900.00 0.951700883E-04
80950.00 0.953303607E-04
81000.00 0.954718292E-04
81050.00 0.954805091E-04
81100.00 0.954905164E-04
81150.00 0.955476341E-04
81200.00 0.955527780E-04
81250.00 0.955656083E-04
81300.00 0.955965900E-04
81350.00 0.956450981E-04
81400.00 0.957406844E-04
81450.00 0.958207734E-04
81500.00 0.958624206E-04
81550.00 0.959405120E-04
81600.00 0.961422398E-04
81650.00 0.962404448E-04
81700.00 0.962133680E-04
81750.00 0.962338803E-04
81800.00 0.962918214E-04
81850.00 0.963572864E-04
81900.00 0.963995936E-04
81950.00 0.964737198E-04
82000.00 0.965216936E-04
82050.00 0.965594654E-04
82100.00 0.965889448E-04
82150.00 0.966294878E-04
82200.00 0.968226075E-04
82250.00 0.969743430E-04
82300.00 0.969758850E-04
82350.00 0.970050772E-04
82400.00 0.970526302E-04
82450.00 0.971070333E-04
82500.00 0.971739352E-04
82550.00 0.971357867E-04
82600.00 0.971651608E-04
82650.00 0.973460094E-04
82700.00 0.974494323E-04
82750.00 0.974729832E-04
82800.00 0.975445932E-04
82850.00 0.976932357E-04
82900.00 0.977665503E-04
82950.00 0.978200149E-04
83000.00 0.979105403E-04
83050.00 0.980324603E-04
83100.00 0.981188943E-04
83150.00 0.981489812E-04
83200.00 0.982923862E-04
83250.00 0.984370635E-04
83300.00 0.985080208E-04
83350.00 0.985551584E-04
83400.00 0.985568390E-04
83450.00 0.985893696E-04
83500.00 0.986504018E-04
83550.00 0.987117178E-04
83600.00 0.987262500E-04
83650.00 0.988218612E-04
83700.00 0.989377548E-04
83750.00 0.989883152E-04
83800.00 0.991535713E-04
83850.00 0.992772514E-04
83900.00 0.992700301E-04
83950.00 0.992890810E-04
84000.00 0.993844069E-04
84050.00 0.995864367E-04
84100.00 0.997072572E-04
84150.00 0.997491533E-04
84200.00 0.997817476E-04
84250.00 0.998076312E-04
84300.00 0.998501542E-04
84350.00 0.998430788E-04
84400.00 0.998362934E-04
84450.00 0.997798953E-04
84500.00 0.997962120E-04
84550.00 0.999273221E-04
84600.00 0.100023029E-03
84650.00 0.100069674E-03
84700.00 0.100139910E-03
84750.00 0.100259911E-03
84800.00 0.100433711E-03
84850.00 0.100503870E-03
84900.00 0.100552205E-03
84950.00 0.100708095E-03
85000.00 0.100834380E-03
85050.00 0.100856372E-03
85100.00 0.100826172E-03
85150.00 0.100940065E-03
85200.00 0.101041879E-03
85250.00 0.101030315E-03
85300.00 0.101097253E-03
85350.00 0.101102732E-03
85400.00 0.101144493E-03
85450.00 0.101224113E-03
85500.00 0.101302031E-03
85550.00 0.101548227E-03
85600.00 0.101770146E-03
85650.00 0.101840544E-03
85700.00 0.101853319E-03
85750.00 0.102034708E-03
85800.00 0.102319464E-03
85850.00 0.102483869E-03
85900.00 0.102524409E-03
85950.00 0.102601143E-03
86000.00 0.102727193E-03
86050.00 0.102742396E-03
86100.00 0.102736352E-03
86150.00 0.102818491E-03
86200.00 0.102923404E-03
86250.00 0.102982748E-03
86300.00 0.103037233E-03
86350.00 0.103166381E-03
86400.00 0.103203274E-03
86450.00 0.103208776E-03
86500.00 0.103305341E-03
86550.00 0.103441450E-03
86600.00 0.103487552E-03
86650.00 0.103586041E-03
86700.00 0.103749717E-03
86750.00 0.103683932E-03
86800.00 0.103622843E-03
86850.00 0.103622364E-03
86900.00 0.103635064E-03
86950.00 0.103693058E-03
87000.00 0.103712100E-03
87050.00 0.103786900E-03
87100.00 0.103897424E-03
87150.00 0.103929213E-03
87200.00 0.103961751E-03
87250.00 0.104022703E-03
87300.00 0.104082582E-03
87350.00 0.104158610E-03
87400.00 0.104269789E-03
87450.00 0.104387236E-03
87500.00 0.104454105E-03
87550.00 0.104506824E-03
87600.00 0.104586847E-03
87650.00 0.104669230E-03
87700.00 0.104674064E-03
87750.00 0.104671803E-03
87800.00 0.104691579E-03
87850.00 0.104735809E-03
87900.00 0.104804249E-03
87950.00 0.104867408E-03
88000.00 0.104947540E-03
88050.00 0.104942593E-03
88100.00 0.104986417E-03
88150.00 0.105146643E-03
88200.00 0.105276111E-03
88250.00 0.105304573E-03
88300.00 0.105341292E-03
88350.00 0.105440731E-03
88400.00 0.105430689E-03
88450.00 0.105440401E-03
88500.00 0.105470833E-03
88550.00 0.105545676E-03
88600.00 0.105564854E-03
88650.00 0.105408196E-03
88700.00 0.105400432E-03
88750.00 0.105411168E-03
88800.00 0.105429258E-03
88850.00 0.105501712E-03
88900.00 0.105565095E-03
88950.00 0.105691126E-03
89000.00 0.105748544E-03
89050.00 0.105708728E-03
89100.00 0.105743436E-03
89150.00 0.105857182E-03
89200.00 0.105887934E-03
89250.00 0.105895687E-03
89300.00 0.105958394E-03
89350.00 0.106001359E-03
89400.00 0.106052320E-03
89450.00 0.106190364E-03
89500.00 0.106274067E-03
89550.00 0.106335202E-03
89600.00 0.106497875E-03
89650.00 0.106590468E-03
89700.00 0.106612047E-03
89750.00 0.106718654E-03
89800.00 0.106875628E-03
89850.00 0.106943586E-03
89900.00 0.106891764E-03
89950.00 0.106856985E-03
90000.00 0.106899750E-03
90050.00 0.106909509E-03
90100.00 0.106984906E-03
90150.00 0.107102575E-03
90200.00 0.107223380E-03
90250.00 0.107412061E-03
90300.00 0.107495527E-03
90350.00 0.107544816E-03
90400.00 0.107689271E-03
90450.00 0.107852527E-03
90500.00 0.108002292E-03
90550.00 0.108146233E-03
90600.00 0.108302256E-03
90650.00 0.108332794E-03
90700.00 0.108319410E-03
90750.00 0.108376138E-03
90800.00 0.108404767E-03
90850.00 0.108425110E-03
90900.00 0.108508142E-03
90950.00 0.108628157E-03
91000.00 0.108629709E-03
91050.00 0.108622194E-03
91100.00 0.108672617E-03
91150.00 0.108642003E-03
91200.00 0.108665552E-03
91250.00 0.108769951E-03
91300.00 0.108875464E-03
91350.00 0.108977347E-03
91400.00 0.109061034E-03
91450.00 0.109114388E-03
91500.00 0.109131966E-03
91550.00 0.109266617E-03
91600.00 0.109518289E-03
91650.00 0.109663241E-03
91700.00 0.109752259E-03
91750.00 0.109818848E-03
91800.00 0.109918191E-03
91850.00 0.109999874E-03
91900.00 0.110029708E-03
91950.00 0.110094687E-03
92000.00 0.110168619E-03
92050.00 0.110212925E-03
92100.00 0.110287776E-03
92150.00 0.110397185E-03
92200.00 0.110460812E-03
92250.00 0.110528581E-03
92300.00 0.110597916E-03
92350.00 0.110679613E-03
92400.00 0.110801470E-03
92450.00 0.110932711E-03
92500.00 0.111031366E-03
92550.00 0.111064724E-03
92600.00 0.111103697E-03
92650.00 0.111257013E-03
92700.00 0.111314786E-03
92750.00 0.111299918E-03
92800.00 0.111318361E-03
92850.00 0.111389004E-03
92900.00 0.111464962E-03
92950.00 0.111429483E-03
93000.00 0.111463974E-03
93050.00 0.111470073E-03
93100.00 0.111424832E-03
93150.00 0.111484152E-03
93200.00 0.111587125E-03
93250.00 0.111651042E-03
93300.00 0.111659772E-03
93350.00 0.111648577E-03
93400.00 0.111637081E-03
93450.00 0.111744518E-03
93500.00 0.111928100E-03
93550.00 0.112044917E-03
93600.00 0.112057267E-03
93650.00 0.112093422E-03
93700.00 0.112150827E-03
93750.00 0.112182137E-03
93800.00 0.112213861E-03
93850.00 0.112172305E-03
93900.00 0.112097566E-03
93950.00 0.112055794E-03
94000.00 0.112105446E-03
94050.00 0.112177087E-03
94100.00 0.112221569E-03
94150.00 0.112292740E-03
94200.00 0.112307641E-03
94250.00 0.112320249E-03
94300.00 0.112403494E-03
94350.00 0.112469678E-03
94400.00 0.112440775E-03
94450.00 0.112507266E-03
94500.00 0.112639197E-03
94550.00 0.112739449E-03
94600.00 0.112936439E-03
94650.00 0.113035012E-03
94700.00 0.113055469E-03
94750.00 0.113225191E-03
94800.00 0.113350742E-03
94850.00 0.113371334E-03
94900.00 0.113431831E-03
94950.00 0.113465669E-03
95000.00 0.113487100E-03
95050.00 0.113484081E-03
95100.00 0.113543562E-03
95150.00 0.113725534E-03
95200.00 0.113780702E-03
95250.00 0.113865407E-03
95300.00 0.113977621E-03
95350.00 0.113982467E-03
95400.00 0.114103082E-03
95450.00 0.114097662E-03
95500.00 0.114078122E-03
95550.00 0.114226921E-03
95600.00 0.114400960E-03
95650.00 0.114609167E-03
95700.00 0.114753054E-03
95750.00 0.114774688E-03
95800.00 0.114760318E-03
95850.00 0.114853721E-03
95900.00 0.114891809E-03
95950.00 0.114911582E-03
96000.00 0.115040788E-03
96050.00 0.115171336E-03
96100.00 0.115362785E-03
96150.00 0.115438402E-03
96200.00 0.115421339E-03
96250.00 0.115616367E-03
96300.00 0.115790189E-03
96350.00 0.115801176E-03
96400.00 0.115899719E-03
96450.00 0.115906328E-03
96500.00 0.115898193E-03
96550.00 0.116087754E-03
96600.00 0.116251607E-03
96650.00 0.116265915E-03
96700.00 0.116294675E-03
96750.00 0.116327047E-03
96800.00 0.116379433E-03
96850.00 0.116501136E-03
96900.00 0.116553816E-03
96950.00 0.116609291E-03
97000.00 0.116729470E-03
97050.00 0.116871969E-03
97100.00 0.117027739E-03
97150.00 0.117137288E-03
97200.00 0.117216778E-03
97250.00 0.117321057E-03
97300.00 0.117358754E-03
97350.00 0.117396413E-03
97400.00 0.117468448E-03
97450.00 0.117587895E-03
97500.00 0.117721501E-03
97550.00 0.117818746E-03
97600.00 0.117821992E-03
97650.00 0.117809488E-03
97700.00 0.117835803E-03
97750.00 0.117900990E-03
97800.00 0.117931683E-03
97850.00 0.117964248E-03
97900.00 0.118034054E-03
97950.00 0.118096915E-03
98000.00 0.118260480E-03
98050.00 0.118420472E-03
98100.00 0.118545048E-03
98150.00 0.118625558E-03
98200.00 0.118650061E-03
98250.00 0.118675718E-03
98300.00 0.118701312E-03
98350.00 0.118766823E-03
98400.00 0.118930300E-03
98450.00 0.119104055E-03
98500.00 0.119273815E-03
98550.00 0.119391631E-03
98600.00 0.119466706E-03
98650.00 0.119513883E-03
98700.00 0.119637631E-03
98750.00 0.119744027E-03
98800.00 0.119783952E-03
98850.00 0.119895672E-03
98900.00 0.119921976E-03
98950.00 0.119922008E-03
99000.00 0.119904655E-03
99050.00 0.119890260E-03
99100.00 0.120005128E-03
99150.00 0.120160765E-03
99200.00 0.120269831E-03
99250.00 0.120401420E-03
99300.00 0.120501395E-03
99350.00 0.120494686E-03
99400.00 0.120538841E-03
99450.00 0.120604198E-03
99500.00 0.120583401E-03
99550.00 0.120587302E-03
99600.00 0.120636543E-03
99650.00 0.120731516E-03
99700.00 0.120747884E-03
99750.00 0.120721584E-03
99800.00 0.120714195E-03
99850.00 0.120692948E-03
99900.00 0.120682468E-03
