50.00 0.126668301E-06
100.00 0.317692704E-06
150.00 0.443108690E-06
200.00 0.566037799E-06
250.00 0.806974169E-06
300.00 0.947901731E-06
350.00 0.101583229E-05
400.00 0.115438257E-05
450.00 0.124135171E-05
500.00 0.127185636E-05
550.00 0.135718501E-05
600.00 0.160409497E-05
650.00 0.190133090E-05
700.00 0.205468883E-05
750.00 0.213494228E-05
800.00 0.217811764E-05
850.00 0.220147330E-05
900.00 0.226444234E-05
950.00 0.245034589E-05
1000.00 0.265995118E-05
1050.00 0.277474625E-05
1100.00 0.284466920E-05
1150.00 0.290721173E-05
1200.00 0.295323618E-05
1250.00 0.296046114E-05
1300.00 0.295288696E-05
1350.00 0.301450757E-05
1400.00 0.311697580E-05
1450.00 0.309555878E-05
1500.00 0.318370859E-05
1550.00 0.335176088E-05
1600.00 0.340555508E-05
1650.00 0.345145166E-05
1700.00 0.338535320E-05
1750.00 0.340644230E-05
1800.00 0.355605906E-05
1850.00 0.361514562E-05
1900.00 0.373633134E-05
1950.00 0.385768802E-05
2000.00 0.387264227E-05
2050.00 0.391796673E-05
2100.00 0.396977236E-05
2150.00 0.402086267E-05
2200.00 0.411330300E-05
2250.00 0.424789508E-05
2300.00 0.434340991E-05
2350.00 0.441035095E-05
2400.00 0.457111207E-05
2450.00 0.462800261E-05
2500.00 0.460991478E-05
2550.00 0.473634892E-05
2600.00 0.482702511E-05
2650.00 0.486849015E-05
2700.00 0.499524093E-05
2750.00 0.512485883E-05
2800.00 0.514066731E-05
2850.00 0.508709216E-05
2900.00 0.509223449E-05
2950.00 0.511521233E-05
3000.00 0.520128402E-05
3050.00 0.533433764E-05
3100.00 0.544315517E-05
3150.00 0.549975627E-05
3200.00 0.550032279E-05
3250.00 0.552598836E-05
3300.00 0.559347182E-05
3350.00 0.566082751E-05
3400.00 0.577618282E-05
3450.00 0.589349313E-05
3500.00 0.595494954E-05
3550.00 0.602333481E-05
3600.00 0.610377692E-05
3650.00 0.617690153E-05
3700.00 0.618962869E-05
3750.00 0.616751131E-05
3800.00 0.627464972E-05
3850.00 0.646224847E-05
3900.00 0.659887494E-05
3950.00 0.668774388E-05
4000.00 0.670010086E-05
4050.00 0.664765193E-05
4100.00 0.666293080E-05
4150.00 0.674024983E-05
4200.00 0.684647090E-05
4250.00 0.691966750E-05
4300.00 0.693853217E-05
4350.00 0.695585938E-05
4400.00 0.694834178E-05
4450.00 0.701590931E-05
4500.00 0.714534194E-05
4550.00 0.722618614E-05
4600.00 0.728154738E-05
4650.00 0.734204286E-05
4700.00 0.740877966E-05
4750.00 0.748576599E-05
4800.00 0.755031870E-05
4850.00 0.755604407E-05
4900.00 0.755514209E-05
4950.00 0.763049281E-05
5000.00 0.776220159E-05
5050.00 0.785364271E-05
5100.00 0.778821558E-05
5150.00 0.784368430E-05
5200.00 0.800412206E-05
5250.00 0.804854778E-05
5300.00 0.802801393E-05
5350.00 0.802193337E-05
5400.00 0.804667818E-05
5450.00 0.814213795E-05
5500.00 0.831788121E-05
5550.00 0.829759264E-05
5600.00 0.818365359E-05
5650.00 0.824562550E-05
5700.00 0.830963895E-05
5750.00 0.843110921E-05
5800.00 0.865405477E-05
5850.00 0.877897320E-05
5900.00 0.878299453E-05
5950.00 0.873360007E-05
6000.00 0.873969533E-05
6050.00 0.875260114E-05
6100.00 0.874645304E-05
6150.00 0.881481529E-05
6200.00 0.894276334E-05
6250.00 0.901277242E-05
6300.00 0.915793326E-05
6350.00 0.927499317E-05
6400.00 0.935863267E-05
6450.00 0.949293954E-05
6500.00 0.956829563E-05
6550.00 0.962848543E-05
6600.00 0.974355402E-05
6650.00 0.974715847E-05
6700.00 0.968914200E-05
6750.00 0.980918288E-05
6800.00 0.996207122E-05
6850.00 0.100653731E-04
6900.00 0.100677676E-04
6950.00 0.100557010E-04
7000.00 0.101059507E-04
7050.00 0.101895731E-04
7100.00 0.102517977E-04
7150.00 0.102811261E-04
7200.00 0.103790626E-04
7250.00 0.104817856E-04
7300.00 0.105418592E-04
7350.00 0.106297797E-04
7400.00 0.107068023E-04
7450.00 0.107126587E-04
7500.00 0.108123113E-04
7550.00 0.109408471E-04
7600.00 0.110593442E-04
7650.00 0.111982279E-04
7700.00 0.112727186E-04
7750.00 0.113932820E-04
7800.00 0.115104036E-04
7850.00 0.115864817E-04
7900.00 0.116976200E-04
7950.00 0.117053542E-04
8000.00 0.116866162E-04
8050.00 0.118649549E-04
8100.00 0.120572926E-04
8150.00 0.120963317E-04
8200.00 0.121708477E-04
8250.00 0.122438079E-04
8300.00 0.122918031E-04
8350.00 0.124298123E-04
8400.00 0.125708949E-04
8450.00 0.126592924E-04
8500.00 0.126742434E-04
8550.00 0.127097584E-04
8600.00 0.128114871E-04
8650.00 0.128963651E-04
8700.00 0.129278943E-04
8750.00 0.129840306E-04
8800.00 0.130885452E-04
8850.00 0.131648928E-04
8900.00 0.131632449E-04
8950.00 0.131671880E-04
9000.00 0.132263294E-04
9050.00 0.133186187E-04
9100.00 0.134112006E-04
9150.00 0.135579841E-04
9200.00 0.137254627E-04
9250.00 0.137882661E-04
9300.00 0.137904759E-04
9350.00 0.138208395E-04
9400.00 0.138784536E-04
9450.00 0.138908723E-04
9500.00 0.138545820E-04
9550.00 0.138849521E-04
9600.00 0.139150119E-04
9650.00 0.139979937E-04
9700.00 0.140823524E-04
9750.00 0.140298949E-04
9800.00 0.140193466E-04
9850.00 0.141434702E-04
9900.00 0.142380437E-04
9950.00 0.143110323E-04
10000.00 0.144228375E-04
10050.00 0.145019033E-04
10100.00 0.145303666E-04
10150.00 0.146306543E-04
10200.00 0.148177611E-04
10250.00 0.148631686E-04
10300.00 0.148356173E-04
10350.00 0.148910767E-04
10400.00 0.150012112E-04
10450.00 0.150768465E-04
10500.00 0.152285426E-04
10550.00 0.153850803E-04
10600.00 0.154453263E-04
10650.00 0.154929358E-04
10700.00 0.156245270E-04
10750.00 0.156578750E-04
10800.00 0.155941953E-04
10850.00 0.155968657E-04
10900.00 0.156428059E-04
10950.00 0.157808596E-04
11000.00 0.158494116E-04
11050.00 0.158306505E-04
11100.00 0.157978252E-04
11150.00 0.158140161E-04
11200.00 0.159287189E-04
11250.00 0.159890018E-04
11300.00 0.159563086E-04
11350.00 0.160117289E-04
11400.00 0.161391604E-04
11450.00 0.161488689E-04
11500.00 0.161884136E-04
11550.00 0.162599957E-04
11600.00 0.163368681E-04
11650.00 0.163610277E-04
11700.00 0.162827768E-04
11750.00 0.163227374E-04
11800.00 0.164341642E-04
11850.00 0.164985371E-04
11900.00 0.165045039E-04
11950.00 0.166050858E-04
12000.00 0.166542738E-04
12050.00 0.166181915E-04
12100.00 0.166797755E-04
12150.00 0.167042902E-04
12200.00 0.166384823E-04
12250.00 0.166754707E-04
12300.00 0.168189209E-04
12350.00 0.169339186E-04
12400.00 0.170760664E-04
12450.00 0.171908882E-04
12500.00 0.172355713E-04
12550.00 0.172940010E-04
12600.00 0.173228327E-04
12650.00 0.173283131E-04
12700.00 0.173679158E-04
12750.00 0.174534378E-04
12800.00 0.175137447E-04
12850.00 0.176347335E-04
12900.00 0.178636425E-04
12950.00 0.179507565E-04
13000.00 0.179296753E-04
13050.00 0.180561684E-04
13100.00 0.182855515E-04
13150.00 0.184405024E-04
13200.00 0.187097780E-04
13250.00 0.190067727E-04
13300.00 0.190272948E-04
13350.00 0.189632386E-04
13400.00 0.189706441E-04
13450.00 0.189972233E-04
13500.00 0.190181586E-04
13550.00 0.190922473E-04
13600.00 0.192114123E-04
13650.00 0.192524851E-04
13700.00 0.192092532E-04
13750.00 0.191787225E-04
13800.00 0.193197260E-04
13850.00 0.194455271E-04
13900.00 0.194294724E-04
13950.00 0.195226630E-04
14000.00 0.196934831E-04
14050.00 0.197949981E-04
14100.00 0.198209108E-04
14150.00 0.198205347E-04
14200.00 0.198971790E-04
14250.00 0.200123567E-04
14300.00 0.201208235E-04
14350.00 0.202280507E-04
14400.00 0.202682338E-04
14450.00 0.202712684E-04
14500.00 0.202218549E-04
14550.00 0.202409861E-04
14600.00 0.203331921E-04
14650.00 0.204372477E-04
14700.00 0.205320448E-04
14750.00 0.205754243E-04
14800.00 0.206338657E-04
14850.00 0.205962476E-04
14900.00 0.205618221E-04
14950.00 0.206577618E-04
15000.00 0.208557556E-04
15050.00 0.210116944E-04
15100.00 0.210354157E-04
15150.00 0.210787941E-04
15200.00 0.210884869E-04
15250.00 0.210683545E-04
15300.00 0.210526257E-04
15350.00 0.210304630E-04
15400.00 0.210844679E-04
15450.00 0.211441672E-04
15500.00 0.212125461E-04
15550.00 0.211949479E-04
15600.00 0.211061256E-04
15650.00 0.210728399E-04
15700.00 0.211227277E-04
15750.00 0.211705944E-04
15800.00 0.212288011E-04
15850.00 0.213490302E-04
15900.00 0.213961329E-04
15950.00 0.213545045E-04
16000.00 0.213441861E-04
16050.00 0.214630481E-04
16100.00 0.215251784E-04
16150.00 0.215486536E-04
16200.00 0.215373714E-04
16250.00 0.215464597E-04
16300.00 0.216434614E-04
16350.00 0.217746009E-04
16400.00 0.218851494E-04
16450.00 0.219025058E-04
16500.00 0.219584738E-04
16550.00 0.220337704E-04
16600.00 0.220993612E-04
16650.00 0.222061392E-04
16700.00 0.222405694E-04
16750.00 0.222621743E-04
16800.00 0.222783489E-04
16850.00 0.222763606E-04
16900.00 0.222591545E-04
16950.00 0.222644806E-04
17000.00 0.223858661E-04
17050.00 0.225165972E-04
17100.00 0.225957829E-04
17150.00 0.226551567E-04
17200.00 0.228281414E-04
17250.00 0.230226711E-04
17300.00 0.231679191E-04
17350.00 0.232781553E-04
17400.00 0.233463484E-04
17450.00 0.234334841E-04
17500.00 0.235715589E-04
17550.00 0.236240825E-04
17600.00 0.236309866E-04
17650.00 0.237289046E-04
17700.00 0.238183236E-04
17750.00 0.238389692E-04
17800.00 0.238249806E-04
17850.00 0.238942847E-04
17900.00 0.240103969E-04
17950.00 0.240415301E-04
18000.00 0.240601412E-04
18050.00 0.241943751E-04
18100.00 0.243269958E-04
18150.00 0.243882435E-04
18200.00 0.244363594E-04
18250.00 0.245180103E-04
18300.00 0.246246820E-04
18350.00 0.247041418E-04
18400.00 0.247848059E-04
18450.00 0.248952793E-04
18500.00 0.250735386E-04
18550.00 0.251891864E-04
18600.00 0.251994680E-04
18650.00 0.252678056E-04
18700.00 0.252959240E-04
18750.00 0.253629947E-04
18800.00 0.254539250E-04
18850.00 0.255049578E-04
18900.00 0.257228232E-04
18950.00 0.259072850E-04
19000.00 0.259783517E-04
19050.00 0.260543090E-04
19100.00 0.261324292E-04
19150.00 0.261821150E-04
19200.00 0.262734948E-04
19250.00 0.264277202E-04
19300.00 0.265188361E-04
19350.00 0.266204015E-04
19400.00 0.267164845E-04
19450.00 0.267532647E-04
19500.00 0.268226952E-04
19550.00 0.268864454E-04
19600.00 0.269330360E-04
19650.00 0.269568266E-04
19700.00 0.270052162E-04
19750.00 0.271283241E-04
19800.00 0.273002858E-04
19850.00 0.274486652E-04
19900.00 0.275086581E-04
19950.00 0.276355967E-04
20000.00 0.277727603E-04
20050.00 0.277861061E-04
20100.00 0.278000249E-04
20150.00 0.278946167E-04
20200.00 0.280027493E-04
20250.00 0.280048293E-04
20300.00 0.281395750E-04
20350.00 0.282937537E-04
20400.00 0.282868111E-04
20450.00 0.283844295E-04
20500.00 0.284890848E-04
20550.00 0.285391949E-04
20600.00 0.286298635E-04
20650.00 0.287674458E-04
20700.00 0.288428663E-04
20750.00 0.288425357E-04
20800.00 0.288316467E-04
20850.00 0.288865358E-04
20900.00 0.289745917E-04
20950.00 0.290729594E-04
21000.00 0.291514458E-04
21050.00 0.292114978E-04
21100.00 0.292440644E-04
21150.00 0.292649936E-04
21200.00 0.293320567E-04
21250.00 0.294494346E-04
21300.00 0.296059916E-04
21350.00 0.296308626E-04
21400.00 0.296285471E-04
21450.00 0.297279767E-04
21500.00 0.298046373E-04
21550.00 0.298250923E-04
21600.00 0.298436360E-04
21650.00 0.299011125E-04
21700.00 0.299707677E-04
21750.00 0.300044577E-04
21800.00 0.300443029E-04
21850.00 0.301291019E-04
21900.00 0.302192097E-04
21950.00 0.302366561E-04
22000.00 0.302239436E-04
22050.00 0.303200610E-04
22100.00 0.305072687E-04
22150.00 0.306805957E-04
22200.00 0.307476083E-04
22250.00 0.308587669E-04
22300.00 0.310324142E-04
22350.00 0.311010032E-04
22400.00 0.311520059E-04
22450.00 0.311766908E-04
22500.00 0.311505195E-04
22550.00 0.311603415E-04
22600.00 0.312569885E-04
22650.00 0.313505975E-04
22700.00 0.314000826E-04
22750.00 0.314771368E-04
22800.00 0.315911697E-04
22850.00 0.317071106E-04
22900.00 0.317762861E-04
22950.00 0.317812476E-04
23000.00 0.318062431E-04
23050.00 0.319205037E-04
23100.00 0.319998443E-04
23150.00 0.320112830E-04
23200.00 0.320859286E-04
23250.00 0.322256500E-04
23300.00 0.322940081E-04
23350.00 0.322432038E-04
23400.00 0.322661338E-04
23450.00 0.323634857E-04
23500.00 0.324075356E-04
23550.00 0.324548362E-04
23600.00 0.325369382E-04
23650.00 0.325801625E-04
23700.00 0.325629173E-04
23750.00 0.326867041E-04
23800.00 0.328188170E-04
23850.00 0.327887815E-04
23900.00 0.327827780E-04
23950.00 0.328546411E-04
24000.00 0.328746063E-04
24050.00 0.328978674E-04
24100.00 0.329636506E-04
24150.00 0.330154778E-04
24200.00 0.330712138E-04
24250.00 0.331156576E-04
24300.00 0.331618630E-04
24350.00 0.332383088E-04
24400.00 0.332244246E-04
24450.00 0.331824320E-04
24500.00 0.333758037E-04
24550.00 0.335250670E-04
24600.00 0.335350062E-04
24650.00 0.336301196E-04
24700.00 0.338193180E-04
24750.00 0.339411486E-04
24800.00 0.340004031E-04
24850.00 0.341614600E-04
24900.00 0.342135793E-04
24950.00 0.341593728E-04
25000.00 0.341650784E-04
25050.00 0.341791727E-04
25100.00 0.342792818E-04
25150.00 0.345090299E-04
25200.00 0.347453047E-04
25250.00 0.348721265E-04
25300.00 0.348924507E-04
25350.00 0.349370114E-04
25400.00 0.350731713E-04
25450.00 0.351816618E-04
25500.00 0.352725943E-04
25550.00 0.353137427E-04
25600.00 0.353453217E-04
25650.00 0.354940885E-04
25700.00 0.355718238E-04
25750.00 0.355582431E-04
25800.00 0.355253671E-04
25850.00 0.355166210E-04
25900.00 0.355062017E-04
25950.00 0.354723690E-04
26000.00 0.355828283E-04
26050.00 0.357107890E-04
26100.00 0.357002980E-04
26150.00 0.357100231E-04
26200.00 0.357244585E-04
26250.00 0.357405679E-04
26300.00 0.357684059E-04
26350.00 0.357972783E-04
26400.00 0.358357910E-04
26450.00 0.358821254E-04
26500.00 0.360313132E-04
26550.00 0.361355954E-04
26600.00 0.361220488E-04
26650.00 0.361174974E-04
26700.00 0.361887168E-04
26750.00 0.362457332E-04
26800.00 0.364185842E-04
26850.00 0.366062559E-04
26900.00 0.367087072E-04
26950.00 0.368195954E-04
27000.00 0.368148862E-04
27050.00 0.367991855E-04
27100.00 0.368419008E-04
27150.00 0.368816732E-04
27200.00 0.369569052E-04
27250.00 0.370823014E-04
27300.00 0.371481341E-04
27350.00 0.371424136E-04
27400.00 0.371366644E-04
27450.00 0.371695949E-04
27500.00 0.371964388E-04
27550.00 0.372249092E-04
27600.00 0.372904614E-04
27650.00 0.373474607E-04
27700.00 0.374241489E-04
27750.00 0.375638080E-04
27800.00 0.377286540E-04
27850.00 0.378859837E-04
27900.00 0.379273005E-04
27950.00 0.379071833E-04
28000.00 0.379522512E-04
28050.00 0.380467078E-04
28100.00 0.381847947E-04
28150.00 0.383852497E-04
28200.00 0.384878667E-04
28250.00 0.384484237E-04
28300.00 0.384570665E-04
28350.00 0.385081316E-04
28400.00 0.385275046E-04
28450.00 0.385781262E-04
28500.00 0.386083426E-04
28550.00 0.387139797E-04
28600.00 0.388694062E-04
28650.00 0.389008489E-04
28700.00 0.388357541E-04
28750.00 0.388392322E-04
28800.00 0.389210983E-04
28850.00 0.390112989E-04
28900.00 0.391388913E-04
28950.00 0.392140040E-04
29000.00 0.392523200E-04
29050.00 0.392877595E-04
29100.00 0.393255417E-04
29150.00 0.393503694E-04
29200.00 0.394369453E-04
29250.00 0.394474864E-04
29300.00 0.394212871E-04
29350.00 0.395396625E-04
29400.00 0.396696532E-04
29450.00 0.397014928E-04
29500.00 0.397202288E-04
29550.00 0.396835353E-04
29600.00 0.396476050E-04
29650.00 0.396411960E-04
29700.00 0.396741402E-04
29750.00 0.397987480E-04
29800.00 0.398582716E-04
29850.00 0.398583759E-04
29900.00 0.398471100E-04
29950.00 0.398423525E-04
30000.00 0.399038152E-04
30050.00 0.400331803E-04
30100.00 0.400675894E-04
30150.00 0.400975274E-04
30200.00 0.401781981E-04
30250.00 0.401755853E-04
30300.00 0.401766719E-04
30350.00 0.401921428E-04
30400.00 0.402435725E-04
30450.00 0.403408853E-04
30500.00 0.404368940E-04
30550.00 0.405558797E-04
30600.00 0.407113813E-04
30650.00 0.408387884E-04
30700.00 0.408642984E-04
30750.00 0.408770819E-04
30800.00 0.409258695E-04
30850.00 0.409930062E-04
30900.00 0.410726675E-04
30950.00 0.410871313E-04
31000.00 0.411066694E-04
31050.00 0.411396084E-04
31100.00 0.411806681E-04
31150.00 0.412416816E-04
31200.00 0.412182923E-04
31250.00 0.411948378E-04
31300.00 0.413066704E-04
31350.00 0.414512974E-04
31400.00 0.415580738E-04
31450.00 0.416921861E-04
31500.00 0.417575180E-04
31550.00 0.417235861E-04
31600.00 0.417230579E-04
31650.00 0.417349249E-04
31700.00 0.418230333E-04
31750.00 0.419476098E-04
31800.00 0.419826587E-04
31850.00 0.419189008E-04
31900.00 0.418630776E-04
31950.00 0.419221463E-04
32000.00 0.419777930E-04
32050.00 0.420302310E-04
32100.00 0.421129030E-04
32150.00 0.420978621E-04
32200.00 0.420692130E-04
32250.00 0.421938497E-04
32300.00 0.422546218E-04
32350.00 0.422493572E-04
32400.00 0.422539293E-04
32450.00 0.422243597E-04
32500.00 0.422202843E-04
32550.00 0.422458629E-04
32600.00 0.422729972E-04
32650.00 0.423488105E-04
32700.00 0.423928971E-04
32750.00 0.424332489E-04
32800.00 0.425299340E-04
32850.00 0.425556445E-04
32900.00 0.425808753E-04
32950.00 0.426010875E-04
33000.00 0.425973103E-04
33050.00 0.426274443E-04
33100.00 0.426641712E-04
33150.00 0.427122896E-04
33200.00 0.427820474E-04
33250.00 0.428429062E-04
33300.00 0.429399963E-04
33350.00 0.430669312E-04
33400.00 0.432441234E-04
33450.00 0.433969716E-04
33500.00 0.433695463E-04
33550.00 0.433361263E-04
33600.00 0.434583583E-04
33650.00 0.436324091E-04
33700.00 0.437035378E-04
33750.00 0.436870713E-04
33800.00 0.436546872E-04
33850.00 0.437275586E-04
33900.00 0.438652480E-04
33950.00 0.439890070E-04
34000.00 0.441511704E-04
34050.00 0.442414917E-04
34100.00 0.442541381E-04
34150.00 0.442417506E-04
34200.00 0.441866669E-04
34250.00 0.441935985E-04
34300.00 0.443150317E-04
34350.00 0.444029922E-04
34400.00 0.444864583E-04
34450.00 0.446541645E-04
34500.00 0.447017650E-04
34550.00 0.446629375E-04
34600.00 0.446895492E-04
34650.00 0.447699680E-04
34700.00 0.447749297E-04
34750.00 0.448020045E-04
34800.00 0.448653816E-04
34850.00 0.448373751E-04
34900.00 0.448906590E-04
34950.00 0.449345582E-04
35000.00 0.449491450E-04
35050.00 0.450691443E-04
35100.00 0.451612525E-04
35150.00 0.452390863E-04
35200.00 0.452033528E-04
35250.00 0.451462454E-04
35300.00 0.452471141E-04
35350.00 0.452571723E-04
35400.00 0.452523165E-04
35450.00 0.452870094E-04
35500.00 0.454025608E-04
35550.00 0.455175408E-04
35600.00 0.455828162E-04
35650.00 0.457446221E-04
35700.00 0.458291711E-04
35750.00 0.458923111E-04
35800.00 0.459592133E-04
35850.00 0.459512625E-04
35900.00 0.460564741E-04
35950.00 0.461555200E-04
36000.00 0.461729155E-04
36050.00 0.462192628E-04
36100.00 0.462699115E-04
36150.00 0.463507211E-04
36200.00 0.464098076E-04
36250.00 0.464798718E-04
36300.00 0.465407701E-04
36350.00 0.464775102E-04
36400.00 0.464055402E-04
36450.00 0.463513467E-04
36500.00 0.464370404E-04
36550.00 0.466460488E-04
36600.00 0.467420035E-04
36650.00 0.468106353E-04
36700.00 0.468664455E-04
36750.00 0.468223309E-04
36800.00 0.467873218E-04
36850.00 0.468218690E-04
36900.00 0.468108500E-04
36950.00 0.468039356E-04
37000.00 0.468681065E-04
37050.00 0.470510401E-04
37100.00 0.471178593E-04
37150.00 0.470770798E-04
37200.00 0.470944807E-04
37250.00 0.470865000E-04
37300.00 0.471078324E-04
37350.00 0.471399598E-04
37400.00 0.471192593E-04
37450.00 0.470931382E-04
37500.00 0.471791393E-04
37550.00 0.472655014E-04
37600.00 0.473154239E-04
37650.00 0.474072217E-04
37700.00 0.475315041E-04
37750.00 0.475493403E-04
37800.00 0.474970673E-04
37850.00 0.475567387E-04
37900.00 0.476774335E-04
37950.00 0.476862510E-04
38000.00 0.476192443E-04
38050.00 0.476109866E-04
38100.00 0.475954851E-04
38150.00 0.475933074E-04
38200.00 0.476225838E-04
38250.00 0.476290308E-04
38300.00 0.477549272E-04
38350.00 0.478454354E-04
38400.00 0.477957625E-04
38450.00 0.477836193E-04
38500.00 0.478392368E-04
38550.00 0.479437811E-04
38600.00 0.479613421E-04
38650.00 0.478916208E-04
38700.00 0.478510753E-04
38750.00 0.478653998E-04
38800.00 0.479135449E-04
38850.00 0.480002507E-04
38900.00 0.480882384E-04
38950.00 0.481247571E-04
39000.00 0.481318743E-04
39050.00 0.480781759E-04
39100.00 0.480684806E-04
39150.00 0.481119215E-04
39200.00 0.481711023E-04
39250.00 0.482177746E-04
39300.00 0.481687690E-04
39350.00 0.481236880E-04
39400.00 0.482276128E-04
39450.00 0.484225388E-04
39500.00 0.485039624E-04
39550.00 0.485411392E-04
39600.00 0.486282584E-04
39650.00 0.487033142E-04
39700.00 0.487382307E-04
39750.00 0.487780966E-04
39800.00 0.487894558E-04
39850.00 0.487149100E-04
39900.00 0.487207167E-04
39950.00 0.487957837E-04
40000.00 0.488690907E-04
40050.00 0.489471266E-04
40100.00 0.489545300E-04
40150.00 0.489738938E-04
40200.00 0.490130649E-04
40250.00 0.490405864E-04
40300.00 0.490265064E-04
40350.00 0.490466003E-04
40400.00 0.491675162E-04
40450.00 0.491637691E-04
40500.00 0.491844176E-04
40550.00 0.492878384E-04
40600.00 0.493063651E-04
40650.00 0.493068194E-04
40700.00 0.493511666E-04
40750.00 0.493964644E-04
40800.00 0.494686886E-04
40850.00 0.495758624E-04
40900.00 0.496254362E-04
40950.00 0.496397322E-04
41000.00 0.497067122E-04
41050.00 0.498648782E-04
41100.00 0.500223292E-04
41150.00 0.500426407E-04
41200.00 0.500919658E-04
41250.00 0.502151432E-04
41300.00 0.502394618E-04
41350.00 0.501544547E-04
41400.00 0.500812664E-04
41450.00 0.501354487E-04
41500.00 0.502183166E-04
41550.00 0.502865902E-04
41600.00 0.504087592E-04
41650.00 0.504628566E-04
41700.00 0.504036328E-04
41750.00 0.504346023E-04
41800.00 0.505583745E-04
41850.00 0.507645067E-04
41900.00 0.509411645E-04
41950.00 0.510462253E-04
42000.00 0.512186282E-04
42050.00 0.513726290E-04
42100.00 0.514073825E-04
42150.00 0.513931259E-04
42200.00 0.514565547E-04
42250.00 0.515487744E-04
42300.00 0.515897226E-04
42350.00 0.516438089E-04
42400.00 0.517087898E-04
42450.00 0.517859020E-04
42500.00 0.517672049E-04
42550.00 0.517707676E-04
42600.00 0.519198395E-04
42650.00 0.520575877E-04
42700.00 0.521549196E-04
42750.00 0.521866322E-04
42800.00 0.521717643E-04
42850.00 0.521803146E-04
42900.00 0.522473779E-04
42950.00 0.523728898E-04
43000.00 0.524967289E-04
43050.00 0.525648619E-04
43100.00 0.526175959E-04
43150.00 0.526815205E-04
43200.00 0.526589299E-04
43250.00 0.526547492E-04
43300.00 0.527193039E-04
43350.00 0.527869112E-04
43400.00 0.528686329E-04
43450.00 0.529455657E-04
43500.00 0.529550149E-04
43550.00 0.529824982E-04
43600.00 0.530462105E-04
43650.00 0.530462560E-04
43700.00 0.531104712E-04
43750.00 0.531833528E-04
43800.00 0.531933410E-04
43850.00 0.532710191E-04
43900.00 0.534208406E-04
43950.00 0.535243658E-04
44000.00 0.535490370E-04
44050.00 0.535877608E-04
44100.00 0.537043379E-04
44150.00 0.538038356E-04
44200.00 0.538720171E-04
44250.00 0.540048354E-04
44300.00 0.541544451E-04
44350.00 0.542022475E-04
44400.00 0.541627085E-04
44450.00 0.541473091E-04
44500.00 0.541710457E-04
44550.00 0.542003263E-04
44600.00 0.542125382E-04
44650.00 0.542585978E-04
44700.00 0.542795631E-04
44750.00 0.542819509E-04
44800.00 0.543891790E-04
44850.00 0.545310147E-04
44900.00 0.546249531E-04
44950.00 0.546336447E-04
45000.00 0.546430450E-04
45050.00 0.546576469E-04
45100.00 0.547220698E-04
45150.00 0.548615563E-04
45200.00 0.548944031E-04
45250.00 0.549243225E-04
45300.00 0.550072036E-04
45350.00 0.550119611E-04
45400.00 0.549635467E-04
45450.00 0.549892090E-04
45500.00 0.551660109E-04
45550.00 0.552785884E-04
45600.00 0.552351942E-04
45650.00 0.552420438E-04
45700.00 0.553819394E-04
45750.00 0.555228158E-04
45800.00 0.555679882E-04
45850.00 0.555700015E-04
45900.00 0.556083376E-04
45950.00 0.557037512E-04
46000.00 0.557653119E-04
46050.00 0.557742265E-04
46100.00 0.558444297E-04
46150.00 0.558322924E-04
46200.00 0.558786492E-04
46250.00 0.560719257E-04
46300.00 0.561701821E-04
46350.00 0.561265468E-04
46400.00 0.561214407E-04
46450.00 0.561682889E-04
46500.00 0.561597915E-04
46550.00 0.562612751E-04
46600.00 0.563933894E-04
46650.00 0.565696336E-04
46700.00 0.567839619E-04
46750.00 0.569351598E-04
46800.00 0.571183330E-04
46850.00 0.572631270E-04
46900.00 0.573688828E-04
46950.00 0.574635112E-04
47000.00 0.575203764E-04
47050.00 0.576650266E-04
47100.00 0.578227589E-04
47150.00 0.578472027E-04
47200.00 0.578389264E-04
47250.00 0.578818151E-04
47300.00 0.580146329E-04
47350.00 0.581270350E-04
47400.00 0.580964288E-04
47450.00 0.580160384E-04
47500.00 0.580322450E-04
47550.00 0.581560940E-04
47600.00 0.582801315E-04
47650.00 0.583707577E-04
47700.00 0.584872682E-04
47750.00 0.585974839E-04
47800.00 0.586214140E-04
47850.00 0.587175444E-04
47900.00 0.588089950E-04
47950.00 0.589332132E-04
48000.00 0.590657875E-04
48050.00 0.590713835E-04
48100.00 0.590721237E-04
48150.00 0.591191934E-04
48200.00 0.592179233E-04
48250.00 0.593100923E-04
48300.00 0.593932709E-04
48350.00 0.594566805E-04
48400.00 0.595206402E-04
48450.00 0.595821869E-04
48500.00 0.596208036E-04
48550.00 0.596529784E-04
48600.00 0.596780842E-04
48650.00 0.597148991E-04
48700.00 0.598168435E-04
48750.00 0.599020653E-04
48800.00 0.599436113E-04
48850.00 0.600703868E-04
48900.00 0.602204223E-04
48950.00 0.603017310E-04
49000.00 0.604033608E-04
49050.00 0.604668860E-04
49100.00 0.604752619E-04
49150.00 0.604925525E-04
49200.00 0.604871217E-04
49250.00 0.605149942E-04
49300.00 0.606389175E-04
49350.00 0.608171855E-04
49400.00 0.608604874E-04
49450.00 0.609577622E-04
49500.00 0.611580725E-04
49550.00 0.612281990E-04
49600.00 0.612812744E-04
49650.00 0.613675309E-04
49700.00 0.615350251E-04
49750.00 0.617507176E-04
49800.00 0.618923039E-04
49850.00 0.619192305E-04
49900.00 0.619364153E-04
49950.00 0.619800965E-04
50000.00 0.620288490E-04
50050.00 0.621279702E-04
50100.00 0.621942236E-04
50150.00 0.622295635E-04
50200.00 0.622887626E-04
50250.00 0.623795290E-04
50300.00 0.625043588E-04
50350.00 0.626261133E-04
50400.00 0.627541378E-04
50450.00 0.628391127E-04
50500.00 0.628257148E-04
50550.00 0.628379685E-04
50600.00 0.629010089E-04
50650.00 0.629750041E-04
50700.00 0.630358476E-04
50750.00 0.630614894E-04
50800.00 0.630772140E-04
50850.00 0.630164953E-04
50900.00 0.629996921E-04
50950.00 0.630690588E-04
51000.00 0.630377193E-04
51050.00 0.630777469E-04
51100.00 0.632246145E-04
51150.00 0.632569084E-04
51200.00 0.632998505E-04
51250.00 0.633615800E-04
51300.00 0.634004170E-04
51350.00 0.634613132E-04
51400.00 0.636425428E-04
51450.00 0.637392545E-04
51500.00 0.636694021E-04
51550.00 0.635913134E-04
51600.00 0.635355571E-04
51650.00 0.635590591E-04
51700.00 0.636238057E-04
51750.00 0.637650157E-04
51800.00 0.638980568E-04
51850.00 0.639690609E-04
51900.00 0.639424875E-04
51950.00 0.638863547E-04
52000.00 0.638980711E-04
52050.00 0.639814814E-04
52100.00 0.641176240E-04
52150.00 0.641981887E-04
52200.00 0.642363453E-04
52250.00 0.642321360E-04
52300.00 0.642311032E-04
52350.00 0.642706570E-04
52400.00 0.642921231E-04
52450.00 0.643487130E-04
52500.00 0.643935497E-04
52550.00 0.644299491E-04
52600.00 0.645159185E-04
52650.00 0.646041080E-04
52700.00 0.645653157E-04
52750.00 0.646307355E-04
52800.00 0.647200491E-04
52850.00 0.646563416E-04
52900.00 0.647110639E-04
52950.00 0.647980484E-04
53000.00 0.648779840E-04
53050.00 0.649353396E-04
53100.00 0.649017618E-04
53150.00 0.649311837E-04
53200.00 0.650361124E-04
53250.00 0.651681208E-04
53300.00 0.652499271E-04
53350.00 0.653322552E-04
53400.00 0.654428087E-04
53450.00 0.655451899E-04
53500.00 0.656551663E-04
53550.00 0.657474032E-04
53600.00 0.657504658E-04
53650.00 0.656826896E-04
53700.00 0.657314396E-04
53750.00 0.658438226E-04
53800.00 0.659467174E-04
53850.00 0.659896651E-04
53900.00 0.659536334E-04
53950.00 0.659558353E-04
54000.00 0.660135244E-04
54050.00 0.661442639E-04
54100.00 0.662823817E-04
54150.00 0.663287707E-04
54200.00 0.663641699E-04
54250.00 0.663569323E-04
54300.00 0.663221787E-04
54350.00 0.663652302E-04
54400.00 0.665119607E-04
54450.00 0.666555156E-04
54500.00 0.666911813E-04
54550.00 0.666247837E-04
54600.00 0.666163656E-04
54650.00 0.667339246E-04
54700.00 0.667744814E-04
54750.00 0.667984692E-04
54800.00 0.668349267E-04
54850.00 0.668109939E-04
54900.00 0.668173936E-04
54950.00 0.668615914E-04
55000.00 0.669128460E-04
55050.00 0.669150243E-04
55100.00 0.669036580E-04
55150.00 0.670367181E-04
55200.00 0.671744482E-04
55250.00 0.671816933E-04
55300.00 0.671633057E-04
55350.00 0.671797605E-04
55400.00 0.672296364E-04
55450.00 0.673103832E-04
55500.00 0.673420578E-04
55550.00 0.673678839E-04
55600.00 0.675473996E-04
55650.00 0.676774940E-04
55700.00 0.677826767E-04
55750.00 0.678971738E-04
55800.00 0.679616622E-04
55850.00 0.680975686E-04
55900.00 0.682017055E-04
55950.00 0.682481947E-04
56000.00 0.683343843E-04
56050.00 0.683621633E-04
56100.00 0.684416650E-04
56150.00 0.686406232E-04
56200.00 0.687612378E-04
56250.00 0.688497644E-04
56300.00 0.689562343E-04
56350.00 0.689691979E-04
56400.00 0.689323547E-04
56450.00 0.689563095E-04
56500.00 0.690469177E-04
56550.00 0.691460155E-04
56600.00 0.691869671E-04
56650.00 0.691831468E-04
56700.00 0.691711680E-04
56750.00 0.692236450E-04
56800.00 0.693842196E-04
56850.00 0.695115765E-04
56900.00 0.695488852E-04
56950.00 0.696531772E-04
57000.00 0.696864574E-04
57050.00 0.696700608E-04
57100.00 0.697257158E-04
57150.00 0.698171559E-04
57200.00 0.698956963E-04
57250.00 0.699445915E-04
57300.00 0.700304127E-04
57350.00 0.700740329E-04
57400.00 0.701040905E-04
57450.00 0.702323582E-04
57500.00 0.702994103E-04
57550.00 0.703378044E-04
57600.00 0.705033315E-04
57650.00 0.706130750E-04
57700.00 0.706670844E-04
57750.00 0.707622294E-04
57800.00 0.707836299E-04
57850.00 0.707661713E-04
57900.00 0.708184055E-04
57950.00 0.709000293E-04
58000.00 0.709973276E-04
58050.00 0.710517117E-04
58100.00 0.710589417E-04
58150.00 0.710254665E-04
58200.00 0.709867709E-04
58250.00 0.711134024E-04
58300.00 0.713620912E-04
58350.00 0.715056381E-04
58400.00 0.715902289E-04
58450.00 0.716998468E-04
58500.00 0.717543085E-04
58550.00 0.717938158E-04
58600.00 0.718525275E-04
58650.00 0.719105525E-04
58700.00 0.719417837E-04
58750.00 0.719193771E-04
58800.00 0.719021333E-04
58850.00 0.719068910E-04
58900.00 0.719740473E-04
58950.00 0.720662154E-04
59000.00 0.720953270E-04
59050.00 0.721195447E-04
59100.00 0.721716624E-04
59150.00 0.722733972E-04
59200.00 0.723421619E-04
59250.00 0.723929728E-04
59300.00 0.724762656E-04
59350.00 0.725257224E-04
59400.00 0.726526183E-04
59450.00 0.727621547E-04
59500.00 0.728173566E-04
59550.00 0.729742877E-04
59600.00 0.731105696E-04
59650.00 0.731244943E-04
59700.00 0.731055662E-04
59750.00 0.731713386E-04
59800.00 0.733098407E-04
59850.00 0.733851603E-04
59900.00 0.734359589E-04
59950.00 0.734848306E-04
60000.00 0.734684905E-04
60050.00 0.734870832E-04
60100.00 0.735238178E-04
60150.00 0.734805751E-04
60200.00 0.734370886E-04
60250.00 0.734541834E-04
60300.00 0.735885504E-04
60350.00 0.737204869E-04
60400.00 0.737714824E-04
60450.00 0.738011881E-04
60500.00 0.737650861E-04
60550.00 0.737874558E-04
60600.00 0.739039994E-04
60650.00 0.739835172E-04
60700.00 0.740563001E-04
60750.00 0.740797113E-04
60800.00 0.740839454E-04
60850.00 0.740871351E-04
60900.00 0.740467206E-04
60950.00 0.741086623E-04
61000.00 0.742260030E-04
61050.00 0.742541319E-04
61100.00 0.743073525E-04
61150.00 0.744263451E-04
61200.00 0.745275221E-04
61250.00 0.746104736E-04
61300.00 0.746569985E-04
61350.00 0.747375927E-04
61400.00 0.748374529E-04
61450.00 0.749511909E-04
61500.00 0.749966725E-04
61550.00 0.749925090E-04
61600.00 0.751433199E-04
61650.00 0.752996299E-04
61700.00 0.753386862E-04
61750.00 0.753779299E-04
61800.00 0.753513912E-04
61850.00 0.752678030E-04
61900.00 0.752408866E-04
61950.00 0.753312437E-04
62000.00 0.754390432E-04
62050.00 0.754345138E-04
62100.00 0.755192685E-04
62150.00 0.756484564E-04
62200.00 0.756980442E-04
62250.00 0.757682151E-04
62300.00 0.758419105E-04
62350.00 0.758525241E-04
62400.00 0.758820273E-04
62450.00 0.759744814E-04
62500.00 0.760542441E-04
62550.00 0.761437155E-04
62600.00 0.762103284E-04
62650.00 0.762630324E-04
62700.00 0.762448107E-04
62750.00 0.761948421E-04
62800.00 0.762393478E-04
62850.00 0.762452880E-04
62900.00 0.762702399E-04
62950.00 0.763640038E-04
63000.00 0.763911242E-04
63050.00 0.764022930E-04
63100.00 0.764886404E-04
63150.00 0.764984992E-04
63200.00 0.763357735E-04
63250.00 0.762714387E-04
63300.00 0.762821056E-04
63350.00 0.763627372E-04
63400.00 0.765305338E-04
63450.00 0.766274168E-04
63500.00 0.767336107E-04
63550.00 0.768911473E-04
63600.00 0.770633692E-04
63650.00 0.771710443E-04
63700.00 0.772359661E-04
63750.00 0.772740054E-04
63800.00 0.772797545E-04
63850.00 0.773144097E-04
63900.00 0.773495668E-04
63950.00 0.774113120E-04
64000.00 0.775229182E-04
64050.00 0.776614441E-04
64100.00 0.777760479E-04
64150.00 0.778312414E-04
64200.00 0.778227255E-04
64250.00 0.778392160E-04
64300.00 0.778472001E-04
64350.00 0.778793434E-04
64400.00 0.780251286E-04
64450.00 0.781406351E-04
64500.00 0.781246425E-04
64550.00 0.781489028E-04
64600.00 0.782073249E-04
64650.00 0.781382508E-04
64700.00 0.781115751E-04
64750.00 0.781740763E-04
64800.00 0.783062288E-04
64850.00 0.784105453E-04
64900.00 0.784815227E-04
64950.00 0.785618409E-04
65000.00 0.786007889E-04
65050.00 0.786563483E-04
65100.00 0.787798609E-04
65150.00 0.789016718E-04
65200.00 0.789840458E-04
65250.00 0.791092502E-04
65300.00 0.791556886E-04
65350.00 0.791786038E-04
65400.00 0.792205905E-04
65450.00 0.791249217E-04
65500.00 0.790933137E-04
65550.00 0.791867569E-04
65600.00 0.792020841E-04
65650.00 0.793120026E-04
65700.00 0.794338775E-04
65750.00 0.794197753E-04
65800.00 0.794621720E-04
65850.00 0.796065034E-04
65900.00 0.797206105E-04
65950.00 0.797072059E-04
66000.00 0.796305770E-04
66050.00 0.795710191E-04
66100.00 0.796097998E-04
66150.00 0.796808797E-04
66200.00 0.797324566E-04
66250.00 0.797901974E-04
66300.00 0.798846173E-04
66350.00 0.800399393E-04
66400.00 0.801486672E-04
66450.00 0.801578431E-04
66500.00 0.802478636E-04
66550.00 0.803324158E-04
66600.00 0.803874708E-04
66650.00 0.804874504E-04
66700.00 0.805282031E-04
66750.00 0.806334047E-04
66800.00 0.806557390E-04
66850.00 0.804978711E-04
66900.00 0.804624728E-04
66950.00 0.805461598E-04
67000.00 0.806198693E-04
67050.00 0.806371648E-04
67100.00 0.806672111E-04
67150.00 0.807926692E-04
67200.00 0.809132779E-04
67250.00 0.810760355E-04
67300.00 0.811776702E-04
67350.00 0.811531278E-04
67400.00 0.811883455E-04
67450.00 0.811934922E-04
67500.00 0.811071061E-04
67550.00 0.810574325E-04
67600.00 0.811346447E-04
67650.00 0.811286233E-04
67700.00 0.810511914E-04
67750.00 0.810835835E-04
67800.00 0.810151180E-04
67850.00 0.809837801E-04
67900.00 0.810325363E-04
67950.00 0.810931981E-04
68000.00 0.811548807E-04
68050.00 0.811807121E-04
68100.00 0.811402665E-04
68150.00 0.811408973E-04
68200.00 0.812495289E-04
68250.00 0.812481940E-04
68300.00 0.811934894E-04
68350.00 0.811181226E-04
68400.00 0.811053617E-04
68450.00 0.811796481E-04
68500.00 0.812784530E-04
68550.00 0.813598772E-04
68600.00 0.813934164E-04
68650.00 0.814823061E-04
68700.00 0.815261661E-04
68750.00 0.814872847E-04
68800.00 0.815202789E-04
68850.00 0.816283932E-04
68900.00 0.817729514E-04
68950.00 0.818310343E-04
69000.00 0.817751185E-04
69050.00 0.818441436E-04
69100.00 0.819314257E-04
69150.00 0.819852291E-04
69200.00 0.821036539E-04
69250.00 0.821942505E-04
69300.00 0.822518497E-04
69350.00 0.823573407E-04
69400.00 0.824861840E-04
69450.00 0.825143922E-04
69500.00 0.825618910E-04
69550.00 0.826728813E-04
69600.00 0.827232940E-04
69650.00 0.826930847E-04
69700.00 0.827077172E-04
69750.00 0.827730028E-04
69800.00 0.828282723E-04
69850.00 0.828747162E-04
69900.00 0.828949256E-04
69950.00 0.830161411E-04
70000.00 0.832400554E-04
70050.00 0.833830305E-04
70100.00 0.834482728E-04
70150.00 0.834940417E-04
70200.00 0.835622028E-04
70250.00 0.836990448E-04
70300.00 0.837874571E-04
70350.00 0.838157722E-04
70400.00 0.838509542E-04
70450.00 0.838296710E-04
70500.00 0.838907113E-04
70550.00 0.839174778E-04
70600.00 0.839494710E-04
70650.00 0.840450692E-04
70700.00 0.840403735E-04
70750.00 0.840907376E-04
70800.00 0.841865532E-04
70850.00 0.841945091E-04
70900.00 0.841914789E-04
70950.00 0.842300119E-04
71000.00 0.842052509E-04
71050.00 0.842478025E-04
71100.00 0.843460091E-04
71150.00 0.843550853E-04
71200.00 0.844387519E-04
71250.00 0.845441975E-04
71300.00 0.845356204E-04
71350.00 0.844991276E-04
71400.00 0.845074262E-04
71450.00 0.846238291E-04
71500.00 0.846918288E-04
71550.00 0.847847310E-04
71600.00 0.849747345E-04
71650.00 0.850379762E-04
71700.00 0.850411223E-04
71750.00 0.851142460E-04
71800.00 0.851785397E-04
71850.00 0.851778726E-04
71900.00 0.851790102E-04
71950.00 0.852475864E-04
72000.00 0.853376482E-04
72050.00 0.853752786E-04
72100.00 0.854259782E-04
72150.00 0.854583566E-04
72200.00 0.855003177E-04
72250.00 0.855615251E-04
72300.00 0.855459818E-04
72350.00 0.855078129E-04
72400.00 0.855636852E-04
72450.00 0.856497283E-04
72500.00 0.856322973E-04
72550.00 0.856916810E-04
72600.00 0.858746357E-04
72650.00 0.860252686E-04
72700.00 0.860647708E-04
72750.00 0.860388640E-04
72800.00 0.860436937E-04
72850.00 0.860200807E-04
72900.00 0.860443003E-04
72950.00 0.861371569E-04
73000.00 0.861533096E-04
73050.00 0.862057936E-04
73100.00 0.862747329E-04
73150.00 0.863494879E-04
73200.00 0.863399034E-04
73250.00 0.863877927E-04
73300.00 0.865464298E-04
73350.00 0.865664718E-04
73400.00 0.865901239E-04
73450.00 0.866173446E-04
73500.00 0.866603675E-04
73550.00 0.867636005E-04
73600.00 0.868583787E-04
73650.00 0.868706271E-04
73700.00 0.868691868E-04
73750.00 0.869286987E-04
73800.00 0.869607104E-04
73850.00 0.870006716E-04
73900.00 0.870859993E-04
73950.00 0.870198632E-04
74000.00 0.870033842E-04
74050.00 0.869967957E-04
74100.00 0.869292012E-04
74150.00 0.870342762E-04
74200.00 0.871704387E-04
74250.00 0.873220163E-04
74300.00 0.874260567E-04
74350.00 0.876300890E-04
74400.00 0.878031336E-04
74450.00 0.878596512E-04
74500.00 0.880112983E-04
74550.00 0.881854699E-04
74600.00 0.883462302E-04
74650.00 0.883977362E-04
74700.00 0.883724651E-04
74750.00 0.882979825E-04
74800.00 0.882664727E-04
74850.00 0.882866977E-04
74900.00 0.883543893E-04
74950.00 0.884878276E-04
75000.00 0.886259832E-04
75050.00 0.887589290E-04
75100.00 0.887217001E-04
75150.00 0.886438246E-04
75200.00 0.886119218E-04
75250.00 0.886845231E-04
75300.00 0.889211906E-04
75350.00 0.891689460E-04
75400.00 0.893354878E-04
75450.00 0.894594742E-04
75500.00 0.895511589E-04
75550.00 0.895704549E-04
75600.00 0.896328163E-04
75650.00 0.897521642E-04
75700.00 0.898583818E-04
75750.00 0.898540808E-04
75800.00 0.898765869E-04
75850.00 0.898838383E-04
75900.00 0.898407697E-04
75950.00 0.898948279E-04
76000.00 0.899512469E-04
76050.00 0.899811439E-04
76100.00 0.899776677E-04
76150.00 0.899805365E-04
76200.00 0.899918367E-04
76250.00 0.900346608E-04
76300.00 0.901499530E-04
76350.00 0.902248418E-04
76400.00 0.902667600E-04
76450.00 0.902973922E-04
76500.00 0.903421003E-04
76550.00 0.904543733E-04
76600.00 0.905550138E-04
76650.00 0.906577590E-04
76700.00 0.906882250E-04
76750.00 0.906521462E-04
76800.00 0.906512346E-04
76850.00 0.907959916E-04
76900.00 0.910028701E-04
76950.00 0.911206085E-04
77000.00 0.912052214E-04
77050.00 0.912930431E-04
77100.00 0.913873258E-04
77150.00 0.914240641E-04
77200.00 0.914509139E-04
77250.00 0.915416500E-04
77300.00 0.916226911E-04
77350.00 0.916833680E-04
77400.00 0.916789572E-04
77450.00 0.916679464E-04
77500.00 0.916925424E-04
77550.00 0.917404133E-04
77600.00 0.916901763E-04
77650.00 0.916739108E-04
77700.00 0.918289067E-04
77750.00 0.918639362E-04
77800.00 0.918882004E-04
77850.00 0.919318953E-04
77900.00 0.919739534E-04
77950.00 0.920105402E-04
78000.00 0.920786486E-04
78050.00 0.921734666E-04
78100.00 0.921783767E-04
78150.00 0.921461575E-04
78200.00 0.921584161E-04
78250.00 0.922245382E-04
78300.00 0.921962397E-04
78350.00 0.921945821E-04
78400.00 0.921825542E-04
78450.00 0.920817851E-04
78500.00 0.921199275E-04
78550.00 0.922516246E-04
78600.00 0.923659662E-04
78650.00 0.924445354E-04
78700.00 0.924796928E-04
78750.00 0.924407307E-04
78800.00 0.924385197E-04
78850.00 0.925459623E-04
78900.00 0.926611675E-04
78950.00 0.927159254E-04
79000.00 0.927535172E-04
79050.00 0.928281192E-04
79100.00 0.928867815E-04
79150.00 0.930230502E-04
79200.00 0.931771805E-04
79250.00 0.932951490E-04
79300.00 0.933334885E-04
79350.00 0.932988965E-04
79400.00 0.933618142E-04
79450.00 0.934277361E-04
79500.00 0.934424929E-04
79550.00 0.934907576E-04
79600.00 0.935830157E-04
79650.00 0.936826629E-04
79700.00 0.937639618E-04
79750.00 0.937594083E-04
79800.00 0.937672510E-04
79850.00 0.938032393E-04
79900.00 0.937617234E-04
79950.00 0.938368341E-04
80000.00 0.939547078E-04
80050.00 0.939702379E-04
80100.00 0.939946035E-04
80150.00 0.940336013E-04
80200.00 0.941406798E-04
80250.00 0.942817956E-04
80300.00 0.943903239E-04
80350.00 0.944766518E-04
80400.00 0.945317520E-04
80450.00 0.945939073E-04
80500.00 0.945748701E-04
80550.00 0.944483753E-04
80600.00 0.944233171E-04
80650.00 0.944947324E-04
80700.00 0.945528432E-04
80750.00 0.946416479E-04
80800.00 0.947283026E-04
80850.00 0.948557119E-04
80900.00 0.950691747E-04
80950.00 0.951767311E-04
81000.00 0.952150275E-04
81050.00 0.952928237E-04
81100.00 0.953873465E-04
81150.00 0.955033735E-04
81200.00 0.955301414E-04
81250.00 0.954963006E-04
81300.00 0.955997256E-04
81350.00 0.957091467E-04
81400.00 0.957933677E-04
81450.00 0.958760192E-04
81500.00 0.958783657E-04
81550.00 0.958807671E-04
81600.00 0.959382593E-04
81650.00 0.960321763E-04
81700.00 0.961270204E-04
81750.00 0.962355298E-04
81800.00 0.963839358E-04
81850.00 0.964515794E-04
81900.00 0.964480521E-04
81950.00 0.965833943E-04
82000.00 0.966675421E-04
82050.00 0.967465662E-04
82100.00 0.967953901E-04
82150.00 0.967729804E-04
82200.00 0.967593371E-04
82250.00 0.967006939E-04
82300.00 0.967123737E-04
82350.00 0.968067276E-04
82400.00 0.969384442E-04
82450.00 0.970121813E-04
82500.00 0.970415881E-04
82550.00 0.970241828E-04
82600.00 0.971042581E-04
82650.00 0.973711309E-04
82700.00 0.975912668E-04
82750.00 0.976841869E-04
82800.00 0.977602133E-04
82850.00 0.978320444E-04
82900.00 0.979077794E-04
82950.00 0.980076186E-04
83000.00 0.980153608E-04
83050.00 0.980392644E-04
83100.00 0.980748238E-04
83150.00 0.980869639E-04
83200.00 0.981310666E-04
83250.00 0.982072840E-04
83300.00 0.982562881E-04
83350.00 0.982605125E-04
83400.00 0.984016340E-04
83450.00 0.985293279E-04
83500.00 0.985732217E-04
83550.00 0.986654738E-04
83600.00 0.987490130E-04
83650.00 0.987154097E-04
83700.00 0.987055607E-04
83750.00 0.987355708E-04
83800.00 0.987169513E-04
83850.00 0.987431801E-04
83900.00 0.988437871E-04
83950.00 0.989531183E-04
84000.00 0.990714619E-04
84050.00 0.991372183E-04
84100.00 0.990904095E-04
84150.00 0.991133628E-04
84200.00 0.992649390E-04
84250.00 0.993755686E-04
84300.00 0.994902350E-04
84350.00 0.996046390E-04
84400.00 0.996577369E-04
84450.00 0.996529906E-04
84500.00 0.996883187E-04
84550.00 0.998496604E-04
84600.00 0.999879649E-04
84650.00 0.100002001E-03
84700.00 0.999916746E-04
84750.00 0.100065689E-03
84800.00 0.100203608E-03
84850.00 0.100300471E-03
84900.00 0.100278046E-03
84950.00 0.100355372E-03
85000.00 0.100490733E-03
85050.00 0.100573616E-03
85100.00 0.100665559E-03
85150.00 0.100750805E-03
85200.00 0.100838701E-03
85250.00 0.100966293E-03
85300.00 0.101097144E-03
85350.00 0.101101038E-03
85400.00 0.101084712E-03
85450.00 0.101147881E-03
85500.00 0.101133483E-03
85550.00 0.101091829E-03
85600.00 0.101184659E-03
85650.00 0.101292475E-03
85700.00 0.101280418E-03
85750.00 0.101332402E-03
85800.00 0.101555218E-03
85850.00 0.101703486E-03
85900.00 0.101661651E-03
85950.00 0.101612755E-03
86000.00 0.101569120E-03
86050.00 0.101529364E-03
86100.00 0.101678940E-03
86150.00 0.101779426E-03
86200.00 0.101769919E-03
86250.00 0.101850476E-03
86300.00 0.101944015E-03
86350.00 0.102020705E-03
86400.00 0.102126141E-03
86450.00 0.102170668E-03
86500.00 0.102165477E-03
86550.00 0.102215851E-03
86600.00 0.102304515E-03
86650.00 0.102337498E-03
86700.00 0.102296061E-03
86750.00 0.102293033E-03
86800.00 0.102360445E-03
86850.00 0.102405206E-03
86900.00 0.102491884E-03
86950.00 0.102618413E-03
87000.00 0.102587940E-03
87050.00 0.102503510E-03
87100.00 0.102536427E-03
87150.00 0.102574745E-03
87200.00 0.102637486E-03
87250.00 0.102710083E-03
87300.00 0.102686809E-03
87350.00 0.102703282E-03
87400.00 0.102748535E-03
87450.00 0.102779694E-03
87500.00 0.102825060E-03
87550.00 0.102908755E-03
87600.00 0.103057492E-03
87650.00 0.103186510E-03
87700.00 0.103277215E-03
87750.00 0.103417257E-03
87800.00 0.103494364E-03
87850.00 0.103508827E-03
87900.00 0.103644919E-03
87950.00 0.103807996E-03
88000.00 0.103922058E-03
88050.00 0.104023224E-03
88100.00 0.104118387E-03
88150.00 0.104199084E-03
88200.00 0.104234752E-03
88250.00 0.104282549E-03
88300.00 0.104411032E-03
88350.00 0.104504385E-03
88400.00 0.104550673E-03
88450.00 0.104645541E-03
88500.00 0.104733928E-03
88550.00 0.104896416E-03
88600.00 0.105030239E-03
88650.00 0.105066008E-03
88700.00 0.105123769E-03
88750.00 0.105134312E-03
88800.00 0.105104238E-03
88850.00 0.105090280E-03
88900.00 0.105117747E-03
88950.00 0.105258798E-03
89000.00 0.105349927E-03
89050.00 0.105428243E-03
89100.00 0.105508394E-03
89150.00 0.105578188E-03
89200.00 0.105678251E-03
89250.00 0.105787931E-03
89300.00 0.105902452E-03
89350.00 0.105982222E-03
89400.00 0.106094205E-03
89450.00 0.106187792E-03
89500.00 0.106179414E-03
89550.00 0.106180386E-03
89600.00 0.106331459E-03
89650.00 0.106477407E-03
89700.00 0.106549422E-03
89750.00 0.106621682E-03
89800.00 0.106660088E-03
89850.00 0.106685920E-03
89900.00 0.106766805E-03
89950.00 0.106849889E-03
90000.00 0.106960395E-03
90050.00 0.107071491E-03
90100.00 0.107140069E-03
90150.00 0.107156454E-03
90200.00 0.107152333E-03
90250.00 0.107257355E-03
90300.00 0.107459877E-03
90350.00 0.107592625E-03
90400.00 0.107675416E-03
90450.00 0.107788208E-03
90500.00 0.107879126E-03
90550.00 0.107970998E-03
90600.00 0.108067852E-03
90650.00 0.108162987E-03
90700.00 0.108279396E-03
90750.00 0.108334723E-03
90800.00 0.108370290E-03
90850.00 0.108385279E-03
90900.00 0.108346827E-03
90950.00 0.108324046E-03
91000.00 0.108314395E-03
91050.00 0.108334916E-03
91100.00 0.108381739E-03
91150.00 0.108385826E-03
91200.00 0.108404110E-03
91250.00 0.108514031E-03
91300.00 0.108534835E-03
91350.00 0.108514136E-03
91400.00 0.108533817E-03
91450.00 0.108544768E-03
91500.00 0.108673648E-03
91550.00 0.108857195E-03
91600.00 0.108928593E-03
91650.00 0.108909769E-03
91700.00 0.108899085E-03
91750.00 0.108954031E-03
91800.00 0.109024058E-03
91850.00 0.109093300E-03
91900.00 0.109126488E-03
91950.00 0.109137056E-03
92000.00 0.109143054E-03
92050.00 0.109233776E-03
92100.00 0.109470341E-03
92150.00 0.109651707E-03
92200.00 0.109736989E-03
92250.00 0.109789635E-03
92300.00 0.109861083E-03
92350.00 0.110025662E-03
92400.00 0.110222065E-03
92450.00 0.110284438E-03
92500.00 0.110340457E-03
92550.00 0.110427028E-03
92600.00 0.110384629E-03
92650.00 0.110345336E-03
92700.00 0.110430920E-03
92750.00 0.110481970E-03
92800.00 0.110431330E-03
92850.00 0.110473254E-03
92900.00 0.110561480E-03
92950.00 0.110629160E-03
93000.00 0.110699094E-03
93050.00 0.110747320E-03
93100.00 0.110690443E-03
93150.00 0.110595867E-03
93200.00 0.110603829E-03
93250.00 0.110636496E-03
93300.00 0.110668996E-03
93350.00 0.110737439E-03
93400.00 0.110811212E-03
93450.00 0.110845095E-03
93500.00 0.110861019E-03
93550.00 0.110938272E-03
93600.00 0.111015991E-03
93650.00 0.111021947E-03
93700.00 0.110994031E-03
93750.00 0.111021178E-03
93800.00 0.111139620E-03
93850.00 0.111270208E-03
93900.00 0.111352295E-03
93950.00 0.111448541E-03
94000.00 0.111532356E-03
94050.00 0.111560316E-03
94100.00 0.111589122E-03
94150.00 0.111605039E-03
94200.00 0.111668980E-03
94250.00 0.111778705E-03
94300.00 0.111887591E-03
94350.00 0.112019583E-03
94400.00 0.112112058E-03
94450.00 0.112184220E-03
94500.00 0.112314731E-03
94550.00 0.112413868E-03
94600.00 0.112390454E-03
94650.00 0.112452007E-03
94700.00 0.112571110E-03
94750.00 0.112525902E-03
94800.00 0.112486278E-03
94850.00 0.112590746E-03
94900.00 0.112777630E-03
94950.00 0.112900304E-03
95000.00 0.112964465E-03
95050.00 0.112973781E-03
95100.00 0.112978613E-03
95150.00 0.112979982E-03
95200.00 0.113041404E-03
95250.00 0.113143724E-03
95300.00 0.113168251E-03
95350.00 0.113201439E-03
95400.00 0.113233901E-03
95450.00 0.113252448E-03
95500.00 0.113343085E-03
95550.00 0.113487196E-03
95600.00 0.113508179E-03
95650.00 0.113452578E-03
95700.00 0.113508734E-03
95750.00 0.113602460E-03
95800.00 0.113668239E-03
95850.00 0.113710000E-03
95900.00 0.113734971E-03
95950.00 0.113714937E-03
96000.00 0.113689927E-03
96050.00 0.113758206E-03
96100.00 0.113793247E-03
96150.00 0.113799839E-03
96200.00 0.113910895E-03
96250.00 0.114001345E-03
96300.00 0.114058670E-03
96350.00 0.114200832E-03
96400.00 0.114319880E-03
96450.00 0.114386381E-03
96500.00 0.114407631E-03
96550.00 0.114487156E-03
96600.00 0.114583130E-03
96650.00 0.114639252E-03
96700.00 0.114782938E-03
96750.00 0.114907625E-03
96800.00 0.115070081E-03
96850.00 0.115218015E-03
96900.00 0.115324545E-03
96950.00 0.115448388E-03
97000.00 0.115482543E-03
97050.00 0.115541467E-03
97100.00 0.115620562E-03
97150.00 0.115731366E-03
97200.00 0.115911230E-03
97250.00 0.116013574E-03
97300.00 0.115964263E-03
97350.00 0.116000687E-03
97400.00 0.116154893E-03
97450.00 0.116310572E-03
97500.00 0.116533245E-03
97550.00 0.116636628E-03
97600.00 0.116592279E-03
97650.00 0.116533077E-03
97700.00 0.116555803E-03
97750.00 0.116654915E-03
97800.00 0.116683167E-03
97850.00 0.116719632E-03
97900.00 0.116754219E-03
97950.00 0.116846196E-03
98000.00 0.116967555E-03
98050.00 0.117028219E-03
98100.00 0.117005526E-03
98150.00 0.116961208E-03
98200.00 0.117077323E-03
98250.00 0.117230074E-03
98300.00 0.117299467E-03
98350.00 0.117384129E-03
98400.00 0.117547662E-03
98450.00 0.117724662E-03
98500.00 0.117786899E-03
98550.00 0.117802667E-03
98600.00 0.117809607E-03
98650.00 0.117792551E-03
98700.00 0.117804150E-03
98750.00 0.117898907E-03
98800.00 0.118058304E-03
98850.00 0.118090766E-03
98900.00 0.118097109E-03
98950.00 0.118067279E-03
99000.00 0.118057064E-03
99050.00 0.118133581E-03
99100.00 0.118166229E-03
99150.00 0.118247582E-03
99200.00 0.118361926E-03
99250.00 0.118465447E-03
99300.00 0.118486635E-03
99350.00 0.118491663E-03
99400.00 0.118595860E-03
99450.00 0.118664089E-03
99500.00 0.118662782E-03
99550.00 0.118709281E-03
99600.00 0.118766071E-03
99650.00 0.118801197E-03
99700.00 0.118879013E-03
99750.00 0.118957788E-03
99800.00 0.119019530E-03
99850.00 0.119088735E-03
99900.00 0.119242855E-03
