50.00 0.127649476E-06
100.00 0.200377057E-06
150.00 0.244748796E-06
200.00 0.334954658E-06
250.00 0.450171815E-06
300.00 0.590128680E-06
350.00 0.769972548E-06
400.00 0.912276992E-06
450.00 0.102471516E-05
500.00 0.115080311E-05
550.00 0.118477022E-05
600.00 0.114194450E-05
650.00 0.119169499E-05
700.00 0.128900741E-05
750.00 0.141649742E-05
800.00 0.154163957E-05
850.00 0.170305169E-05
900.00 0.181686141E-05
950.00 0.184438525E-05
1000.00 0.181941373E-05
1050.00 0.188829534E-05
1100.00 0.206728049E-05
1150.00 0.209886802E-05
1200.00 0.216074161E-05
1250.00 0.227218761E-05
1300.00 0.231796425E-05
1350.00 0.233467842E-05
1400.00 0.238339779E-05
1450.00 0.248515933E-05
1500.00 0.262855824E-05
1550.00 0.281226914E-05
1600.00 0.297061730E-05
1650.00 0.302346070E-05
1700.00 0.301932755E-05
1750.00 0.305816299E-05
1800.00 0.323065223E-05
1850.00 0.339729844E-05
1900.00 0.344563251E-05
1950.00 0.352428372E-05
2000.00 0.365658186E-05
2050.00 0.372369965E-05
2100.00 0.377598675E-05
2150.00 0.384390898E-05
2200.00 0.381020782E-05
2250.00 0.377269206E-05
2300.00 0.382407613E-05
2350.00 0.387630427E-05
2400.00 0.396050569E-05
2450.00 0.404509847E-05
2500.00 0.410046402E-05
2550.00 0.415379077E-05
2600.00 0.416728767E-05
2650.00 0.417192257E-05
2700.00 0.421540918E-05
2750.00 0.432498978E-05
2800.00 0.439535229E-05
2850.00 0.441687223E-05
2900.00 0.447652023E-05
2950.00 0.457150887E-05
3000.00 0.465346270E-05
3050.00 0.463232392E-05
3100.00 0.462709172E-05
3150.00 0.473150960E-05
3200.00 0.484836671E-05
3250.00 0.481489935E-05
3300.00 0.474265647E-05
3350.00 0.484437675E-05
3400.00 0.498901505E-05
3450.00 0.506309443E-05
3500.00 0.515050572E-05
3550.00 0.526543032E-05
3600.00 0.544717880E-05
3650.00 0.565743036E-05
3700.00 0.568679232E-05
3750.00 0.562733871E-05
3800.00 0.567229338E-05
3850.00 0.571518041E-05
3900.00 0.574305045E-05
3950.00 0.580789368E-05
4000.00 0.589841044E-05
4050.00 0.597684181E-05
4100.00 0.594646776E-05
4150.00 0.599065113E-05
4200.00 0.609692817E-05
4250.00 0.617119489E-05
4300.00 0.633465257E-05
4350.00 0.649963249E-05
4400.00 0.657861087E-05
4450.00 0.659612312E-05
4500.00 0.667943757E-05
4550.00 0.677480131E-05
4600.00 0.686845358E-05
4650.00 0.707159375E-05
4700.00 0.720790365E-05
4750.00 0.725913136E-05
4800.00 0.734965578E-05
4850.00 0.744702739E-05
4900.00 0.755053245E-05
4950.00 0.765988186E-05
5000.00 0.762020297E-05
5050.00 0.757931755E-05
5100.00 0.771456754E-05
5150.00 0.795575333E-05
5200.00 0.812055292E-05
5250.00 0.814251622E-05
5300.00 0.807931687E-05
5350.00 0.803255827E-05
5400.00 0.813079919E-05
5450.00 0.826927035E-05
5500.00 0.835941625E-05
5550.00 0.841400130E-05
5600.00 0.856542166E-05
5650.00 0.876062042E-05
5700.00 0.882009797E-05
5750.00 0.879701136E-05
5800.00 0.889510367E-05
5850.00 0.904282025E-05
5900.00 0.913266191E-05
5950.00 0.919571372E-05
6000.00 0.919700554E-05
6050.00 0.919672601E-05
6100.00 0.927916774E-05
6150.00 0.942716309E-05
6200.00 0.951896163E-05
6250.00 0.972434751E-05
6300.00 0.988905255E-05
6350.00 0.987782628E-05
6400.00 0.995971896E-05
6450.00 0.101462548E-04
6500.00 0.102759095E-04
6550.00 0.103319127E-04
6600.00 0.103386258E-04
6650.00 0.104030440E-04
6700.00 0.105453939E-04
6750.00 0.107218202E-04
6800.00 0.109359166E-04
6850.00 0.111126125E-04
6900.00 0.112543682E-04
6950.00 0.113252663E-04
7000.00 0.113754671E-04
7050.00 0.114350855E-04
7100.00 0.115346306E-04
7150.00 0.116532371E-04
7200.00 0.118037686E-04
7250.00 0.119554231E-04
7300.00 0.120704627E-04
7350.00 0.121186610E-04
7400.00 0.121363258E-04
7450.00 0.122580742E-04
7500.00 0.123253263E-04
7550.00 0.123750856E-04
7600.00 0.124503855E-04
7650.00 0.125212592E-04
7700.00 0.127188146E-04
7750.00 0.128097676E-04
7800.00 0.128196686E-04
7850.00 0.129496753E-04
7900.00 0.130333915E-04
7950.00 0.130413201E-04
8000.00 0.131227378E-04
8050.00 0.132696345E-04
8100.00 0.133634234E-04
8150.00 0.134510916E-04
8200.00 0.135660481E-04
8250.00 0.137341861E-04
8300.00 0.138879650E-04
8350.00 0.140270417E-04
8400.00 0.141257271E-04
8450.00 0.141900788E-04
8500.00 0.143246206E-04
8550.00 0.144372938E-04
8600.00 0.146427649E-04
8650.00 0.148511095E-04
8700.00 0.149153068E-04
8750.00 0.149968606E-04
8800.00 0.150866210E-04
8850.00 0.151565444E-04
8900.00 0.152867508E-04
8950.00 0.153363208E-04
9000.00 0.153511260E-04
9050.00 0.154526797E-04
9100.00 0.154919756E-04
9150.00 0.155123232E-04
9200.00 0.156324793E-04
9250.00 0.158726881E-04
9300.00 0.161448154E-04
9350.00 0.162982784E-04
9400.00 0.163832774E-04
9450.00 0.164608234E-04
9500.00 0.165749365E-04
9550.00 0.166814432E-04
9600.00 0.167422933E-04
9650.00 0.167055809E-04
9700.00 0.166612087E-04
9750.00 0.168094091E-04
9800.00 0.170430211E-04
9850.00 0.171633064E-04
9900.00 0.170626185E-04
9950.00 0.169852183E-04
10000.00 0.171057589E-04
10050.00 0.171764798E-04
10100.00 0.171791381E-04
10150.00 0.172228143E-04
10200.00 0.173112512E-04
10250.00 0.173793671E-04
10300.00 0.174281534E-04
10350.00 0.174580192E-04
10400.00 0.175325542E-04
10450.00 0.176402495E-04
10500.00 0.176683759E-04
10550.00 0.177220381E-04
10600.00 0.178687848E-04
10650.00 0.179683401E-04
10700.00 0.180768522E-04
10750.00 0.182490866E-04
10800.00 0.184452879E-04
10850.00 0.186401095E-04
10900.00 0.187574700E-04
10950.00 0.189175375E-04
11000.00 0.190551197E-04
11050.00 0.191418995E-04
11100.00 0.192227416E-04
11150.00 0.192908739E-04
11200.00 0.193522386E-04
11250.00 0.194423579E-04
11300.00 0.195020564E-04
11350.00 0.195020548E-04
11400.00 0.195851478E-04
11450.00 0.197302166E-04
11500.00 0.198754228E-04
11550.00 0.199759842E-04
11600.00 0.199960539E-04
11650.00 0.200163707E-04
11700.00 0.199743711E-04
11750.00 0.200110374E-04
11800.00 0.201262154E-04
11850.00 0.201699871E-04
11900.00 0.201562888E-04
11950.00 0.201910236E-04
12000.00 0.202829598E-04
12050.00 0.203235269E-04
12100.00 0.204421912E-04
12150.00 0.205492203E-04
12200.00 0.206203773E-04
12250.00 0.207111830E-04
12300.00 0.207891574E-04
12350.00 0.209527458E-04
12400.00 0.210668026E-04
12450.00 0.210514591E-04
12500.00 0.211407502E-04
12550.00 0.212459992E-04
12600.00 0.214032423E-04
12650.00 0.216035924E-04
12700.00 0.216708022E-04
12750.00 0.217519612E-04
12800.00 0.218063588E-04
12850.00 0.218868002E-04
12900.00 0.220567195E-04
12950.00 0.221033743E-04
13000.00 0.221434529E-04
13050.00 0.222986569E-04
13100.00 0.224426270E-04
13150.00 0.225401663E-04
13200.00 0.225827039E-04
13250.00 0.226034776E-04
13300.00 0.226385542E-04
13350.00 0.227676214E-04
13400.00 0.228887745E-04
13450.00 0.230306715E-04
13500.00 0.231621817E-04
13550.00 0.233207386E-04
13600.00 0.235949845E-04
13650.00 0.236880556E-04
13700.00 0.237033225E-04
13750.00 0.238065379E-04
13800.00 0.238978239E-04
13850.00 0.239178344E-04
13900.00 0.239234299E-04
13950.00 0.240871452E-04
14000.00 0.242748548E-04
14050.00 0.243967828E-04
14100.00 0.245616293E-04
14150.00 0.246975916E-04
14200.00 0.247663896E-04
14250.00 0.248422425E-04
14300.00 0.248951324E-04
14350.00 0.248703108E-04
14400.00 0.248059500E-04
14450.00 0.248371739E-04
14500.00 0.249812140E-04
14550.00 0.250743617E-04
14600.00 0.252045880E-04
14650.00 0.253632458E-04
14700.00 0.254354129E-04
14750.00 0.254927193E-04
14800.00 0.256305642E-04
14850.00 0.258519775E-04
14900.00 0.260346846E-04
14950.00 0.261647389E-04
15000.00 0.262888564E-04
15050.00 0.263936486E-04
15100.00 0.264814075E-04
15150.00 0.264918775E-04
15200.00 0.265228839E-04
15250.00 0.266622049E-04
15300.00 0.267185897E-04
15350.00 0.268005171E-04
15400.00 0.269392179E-04
15450.00 0.270837577E-04
15500.00 0.273251455E-04
15550.00 0.274912994E-04
15600.00 0.275675797E-04
15650.00 0.277123818E-04
15700.00 0.278726124E-04
15750.00 0.279619183E-04
15800.00 0.279627561E-04
15850.00 0.280022592E-04
15900.00 0.281175687E-04
15950.00 0.282427258E-04
16000.00 0.283629958E-04
16050.00 0.284602161E-04
16100.00 0.285931947E-04
16150.00 0.287072025E-04
16200.00 0.288045767E-04
16250.00 0.289248863E-04
16300.00 0.290059517E-04
16350.00 0.290851235E-04
16400.00 0.291900539E-04
16450.00 0.293065318E-04
16500.00 0.294168209E-04
16550.00 0.295647159E-04
16600.00 0.296182105E-04
16650.00 0.295891867E-04
16700.00 0.296815576E-04
16750.00 0.297267264E-04
16800.00 0.297232820E-04
16850.00 0.297860079E-04
16900.00 0.298958921E-04
16950.00 0.300563356E-04
17000.00 0.302396841E-04
17050.00 0.303982474E-04
17100.00 0.305480961E-04
17150.00 0.305921281E-04
17200.00 0.305290351E-04
17250.00 0.306831650E-04
17300.00 0.309420543E-04
17350.00 0.310783741E-04
17400.00 0.311003559E-04
17450.00 0.311141253E-04
17500.00 0.312235086E-04
17550.00 0.312636124E-04
17600.00 0.312995514E-04
17650.00 0.312716941E-04
17700.00 0.312554088E-04
17750.00 0.313618411E-04
17800.00 0.313642550E-04
17850.00 0.314152576E-04
17900.00 0.315160832E-04
17950.00 0.315234108E-04
18000.00 0.315758379E-04
18050.00 0.315806455E-04
18100.00 0.315900606E-04
18150.00 0.317276847E-04
18200.00 0.318490028E-04
18250.00 0.318676637E-04
18300.00 0.318349448E-04
18350.00 0.318848333E-04
18400.00 0.319554998E-04
18450.00 0.319833564E-04
18500.00 0.320109001E-04
18550.00 0.320876689E-04
18600.00 0.321865241E-04
18650.00 0.322548784E-04
18700.00 0.322419409E-04
18750.00 0.322303770E-04
18800.00 0.322974905E-04
18850.00 0.323264864E-04
18900.00 0.323822683E-04
18950.00 0.325671464E-04
19000.00 0.326597731E-04
19050.00 0.326772384E-04
19100.00 0.327232401E-04
19150.00 0.327541998E-04
19200.00 0.328477863E-04
19250.00 0.328900284E-04
19300.00 0.329029858E-04
19350.00 0.329195947E-04
19400.00 0.329162155E-04
19450.00 0.328958430E-04
19500.00 0.328700933E-04
19550.00 0.329934072E-04
19600.00 0.331435254E-04
19650.00 0.332244074E-04
19700.00 0.331761767E-04
19750.00 0.331340620E-04
19800.00 0.332156984E-04
19850.00 0.332360020E-04
19900.00 0.332952321E-04
19950.00 0.334186924E-04
20000.00 0.335338894E-04
20050.00 0.335882945E-04
20100.00 0.335671705E-04
20150.00 0.336001420E-04
20200.00 0.336515837E-04
20250.00 0.337050056E-04
20300.00 0.337996654E-04
20350.00 0.338077410E-04
20400.00 0.338205221E-04
20450.00 0.338581574E-04
20500.00 0.338684190E-04
20550.00 0.339082845E-04
20600.00 0.340022372E-04
20650.00 0.341051569E-04
20700.00 0.341005650E-04
20750.00 0.340814117E-04
20800.00 0.340699789E-04
20850.00 0.340825975E-04
20900.00 0.341728871E-04
20950.00 0.342094669E-04
21000.00 0.341561805E-04
21050.00 0.341688539E-04
21100.00 0.343023264E-04
21150.00 0.344087463E-04
21200.00 0.343668776E-04
21250.00 0.343446271E-04
21300.00 0.343464777E-04
21350.00 0.344020805E-04
21400.00 0.345072461E-04
21450.00 0.346201997E-04
21500.00 0.346971488E-04
21550.00 0.347207631E-04
21600.00 0.346812143E-04
21650.00 0.346345638E-04
21700.00 0.347490618E-04
21750.00 0.348760512E-04
21800.00 0.349962072E-04
21850.00 0.351639567E-04
21900.00 0.353026714E-04
21950.00 0.353871330E-04
22000.00 0.353327079E-04
22050.00 0.353401371E-04
22100.00 0.354520402E-04
22150.00 0.355005070E-04
22200.00 0.356069065E-04
22250.00 0.357663130E-04
22300.00 0.359397277E-04
22350.00 0.360022600E-04
22400.00 0.360948003E-04
22450.00 0.362457954E-04
22500.00 0.363274064E-04
22550.00 0.364067910E-04
22600.00 0.365309412E-04
22650.00 0.365902318E-04
22700.00 0.365522031E-04
22750.00 0.366163551E-04
22800.00 0.367888741E-04
22850.00 0.368854620E-04
22900.00 0.370282891E-04
22950.00 0.372198501E-04
23000.00 0.373899647E-04
23050.00 0.375334319E-04
23100.00 0.375806633E-04
23150.00 0.376687757E-04
23200.00 0.377547104E-04
23250.00 0.378254392E-04
23300.00 0.378811286E-04
23350.00 0.379211056E-04
23400.00 0.380088914E-04
23450.00 0.381358472E-04
23500.00 0.382874965E-04
23550.00 0.383751805E-04
23600.00 0.384913955E-04
23650.00 0.386314715E-04
23700.00 0.387894002E-04
23750.00 0.390420434E-04
23800.00 0.391955069E-04
23850.00 0.392621173E-04
23900.00 0.393555439E-04
23950.00 0.394055729E-04
24000.00 0.394873348E-04
24050.00 0.396657809E-04
24100.00 0.398667788E-04
24150.00 0.398810836E-04
24200.00 0.398693233E-04
24250.00 0.399915325E-04
24300.00 0.400534126E-04
24350.00 0.400941621E-04
24400.00 0.400955559E-04
24450.00 0.399957846E-04
24500.00 0.399757313E-04
24550.00 0.399663044E-04
24600.00 0.399176516E-04
24650.00 0.399516175E-04
24700.00 0.400152565E-04
24750.00 0.401174182E-04
24800.00 0.402686118E-04
24850.00 0.403976420E-04
24900.00 0.404810471E-04
24950.00 0.406015624E-04
25000.00 0.406983749E-04
25050.00 0.407615494E-04
25100.00 0.408531659E-04
25150.00 0.409866690E-04
25200.00 0.410964760E-04
25250.00 0.412084185E-04
25300.00 0.414477771E-04
25350.00 0.416608932E-04
25400.00 0.418303032E-04
25450.00 0.420053427E-04
25500.00 0.420787844E-04
25550.00 0.421538302E-04
25600.00 0.422646004E-04
25650.00 0.424330245E-04
25700.00 0.425423238E-04
25750.00 0.425578167E-04
25800.00 0.426133662E-04
25850.00 0.426287287E-04
25900.00 0.426298938E-04
25950.00 0.426805997E-04
26000.00 0.427264611E-04
26050.00 0.428282064E-04
26100.00 0.428939028E-04
26150.00 0.430140383E-04
26200.00 0.432116581E-04
26250.00 0.432589722E-04
26300.00 0.433466007E-04
26350.00 0.434514417E-04
26400.00 0.435455092E-04
26450.00 0.435957296E-04
26500.00 0.435090092E-04
26550.00 0.435649546E-04
26600.00 0.437157181E-04
26650.00 0.438426152E-04
26700.00 0.439968856E-04
26750.00 0.441399682E-04
26800.00 0.442409065E-04
26850.00 0.443131933E-04
26900.00 0.444408035E-04
26950.00 0.445860034E-04
27000.00 0.446647674E-04
27050.00 0.446954796E-04
27100.00 0.447517818E-04
27150.00 0.448739061E-04
27200.00 0.448613235E-04
27250.00 0.447469381E-04
27300.00 0.447524615E-04
27350.00 0.447889474E-04
27400.00 0.448792215E-04
27450.00 0.450274714E-04
27500.00 0.451267962E-04
27550.00 0.451951979E-04
27600.00 0.452515207E-04
27650.00 0.452718862E-04
27700.00 0.452414850E-04
27750.00 0.451618979E-04
27800.00 0.451608927E-04
27850.00 0.453192276E-04
27900.00 0.454766621E-04
27950.00 0.455631204E-04
28000.00 0.456107359E-04
28050.00 0.456967710E-04
28100.00 0.457423335E-04
28150.00 0.457344933E-04
28200.00 0.459188010E-04
28250.00 0.461120241E-04
28300.00 0.461222593E-04
28350.00 0.461739282E-04
28400.00 0.461684050E-04
28450.00 0.461896209E-04
28500.00 0.462821362E-04
28550.00 0.462784990E-04
28600.00 0.463401148E-04
28650.00 0.463704242E-04
28700.00 0.464166752E-04
28750.00 0.465970393E-04
28800.00 0.467718616E-04
28850.00 0.469104195E-04
28900.00 0.469456412E-04
28950.00 0.469109258E-04
29000.00 0.469823224E-04
29050.00 0.471037542E-04
29100.00 0.471719457E-04
29150.00 0.472858232E-04
29200.00 0.474841804E-04
29250.00 0.476086151E-04
29300.00 0.477451623E-04
29350.00 0.479024768E-04
29400.00 0.479498515E-04
29450.00 0.479924542E-04
29500.00 0.480060909E-04
29550.00 0.480301086E-04
29600.00 0.481539596E-04
29650.00 0.482630724E-04
29700.00 0.483284926E-04
29750.00 0.483803537E-04
29800.00 0.484382123E-04
29850.00 0.485256792E-04
29900.00 0.486436831E-04
29950.00 0.487263556E-04
30000.00 0.488011992E-04
30050.00 0.488661206E-04
30100.00 0.489532159E-04
30150.00 0.490746074E-04
30200.00 0.491790243E-04
30250.00 0.492815797E-04
30300.00 0.494042144E-04
30350.00 0.494782122E-04
30400.00 0.495042799E-04
30450.00 0.496232224E-04
30500.00 0.497277652E-04
30550.00 0.498588951E-04
30600.00 0.500064626E-04
30650.00 0.500567925E-04
30700.00 0.500497430E-04
30750.00 0.500740297E-04
30800.00 0.501645956E-04
30850.00 0.502156338E-04
30900.00 0.502188269E-04
30950.00 0.502488518E-04
31000.00 0.503773565E-04
31050.00 0.505279341E-04
31100.00 0.506118804E-04
31150.00 0.506274714E-04
31200.00 0.506743049E-04
31250.00 0.508155501E-04
31300.00 0.509730043E-04
31350.00 0.510207464E-04
31400.00 0.510534531E-04
31450.00 0.511504312E-04
31500.00 0.512570219E-04
31550.00 0.513824806E-04
31600.00 0.514925490E-04
31650.00 0.516483773E-04
31700.00 0.518284408E-04
31750.00 0.519089211E-04
31800.00 0.518988896E-04
31850.00 0.519158701E-04
31900.00 0.519659289E-04
31950.00 0.519660620E-04
32000.00 0.520102383E-04
32050.00 0.520847473E-04
32100.00 0.520989247E-04
32150.00 0.521533111E-04
32200.00 0.522767855E-04
32250.00 0.523240263E-04
32300.00 0.523271893E-04
32350.00 0.522794880E-04
32400.00 0.521779439E-04
32450.00 0.522142163E-04
32500.00 0.523572586E-04
32550.00 0.524398932E-04
32600.00 0.524859724E-04
32650.00 0.525528971E-04
32700.00 0.525620627E-04
32750.00 0.525001595E-04
32800.00 0.524644883E-04
32850.00 0.525678627E-04
32900.00 0.526100236E-04
32950.00 0.524820772E-04
33000.00 0.525040591E-04
33050.00 0.526210199E-04
33100.00 0.526707718E-04
33150.00 0.528351161E-04
33200.00 0.529072885E-04
33250.00 0.528655471E-04
33300.00 0.529213966E-04
33350.00 0.530596422E-04
33400.00 0.531902245E-04
33450.00 0.532898796E-04
33500.00 0.534032228E-04
33550.00 0.534930582E-04
33600.00 0.535541309E-04
33650.00 0.535966204E-04
33700.00 0.536599782E-04
33750.00 0.537507828E-04
33800.00 0.538068770E-04
33850.00 0.538412702E-04
33900.00 0.539314381E-04
33950.00 0.539826290E-04
34000.00 0.540321436E-04
34050.00 0.541555955E-04
34100.00 0.542332379E-04
34150.00 0.541921651E-04
34200.00 0.541874626E-04
34250.00 0.542463787E-04
34300.00 0.543059653E-04
34350.00 0.543829488E-04
34400.00 0.545318919E-04
34450.00 0.547050639E-04
34500.00 0.547416089E-04
34550.00 0.548123148E-04
34600.00 0.548797073E-04
34650.00 0.548573600E-04
34700.00 0.549284744E-04
34750.00 0.550506367E-04
34800.00 0.551870390E-04
34850.00 0.552741639E-04
34900.00 0.552695265E-04
34950.00 0.552543916E-04
35000.00 0.551999396E-04
35050.00 0.551854287E-04
35100.00 0.551842639E-04
35150.00 0.551850922E-04
35200.00 0.552230583E-04
35250.00 0.553135651E-04
35300.00 0.554863915E-04
35350.00 0.555856752E-04
35400.00 0.556926074E-04
35450.00 0.558229685E-04
35500.00 0.558442826E-04
35550.00 0.558972956E-04
35600.00 0.559974989E-04
35650.00 0.561322278E-04
35700.00 0.562811249E-04
35750.00 0.563485685E-04
35800.00 0.563777919E-04
35850.00 0.564409744E-04
35900.00 0.565583960E-04
35950.00 0.566432194E-04
36000.00 0.566366235E-04
36050.00 0.566585871E-04
36100.00 0.567526412E-04
36150.00 0.568402273E-04
36200.00 0.569113397E-04
36250.00 0.569445380E-04
36300.00 0.569753323E-04
36350.00 0.570209351E-04
36400.00 0.570370457E-04
36450.00 0.570629753E-04
36500.00 0.571383353E-04
36550.00 0.572657109E-04
36600.00 0.574308937E-04
36650.00 0.576217498E-04
36700.00 0.577250881E-04
36750.00 0.577259285E-04
36800.00 0.578187612E-04
36850.00 0.579233834E-04
36900.00 0.579275395E-04
36950.00 0.579748011E-04
37000.00 0.580589916E-04
37050.00 0.581274574E-04
37100.00 0.581553777E-04
37150.00 0.581547214E-04
37200.00 0.581732386E-04
37250.00 0.582466959E-04
37300.00 0.582992163E-04
37350.00 0.583747813E-04
37400.00 0.584448925E-04
37450.00 0.584559623E-04
37500.00 0.584848955E-04
37550.00 0.584770159E-04
37600.00 0.585576762E-04
37650.00 0.586373440E-04
37700.00 0.586230481E-04
37750.00 0.586838535E-04
37800.00 0.588102439E-04
37850.00 0.589274397E-04
37900.00 0.589734393E-04
37950.00 0.589659223E-04
38000.00 0.590958091E-04
38050.00 0.592304199E-04
38100.00 0.592486378E-04
38150.00 0.593340045E-04
38200.00 0.594288410E-04
38250.00 0.594928853E-04
38300.00 0.596670087E-04
38350.00 0.598512673E-04
38400.00 0.599359090E-04
38450.00 0.600316010E-04
38500.00 0.601603039E-04
38550.00 0.603189270E-04
38600.00 0.603816017E-04
38650.00 0.603417063E-04
38700.00 0.603859431E-04
38750.00 0.604595638E-04
38800.00 0.605637709E-04
38850.00 0.606771767E-04
38900.00 0.607025479E-04
38950.00 0.607822441E-04
39000.00 0.609308366E-04
39050.00 0.609348497E-04
39100.00 0.609110195E-04
39150.00 0.608692775E-04
39200.00 0.608885230E-04
39250.00 0.610050179E-04
39300.00 0.610718103E-04
39350.00 0.612589474E-04
39400.00 0.614415804E-04
39450.00 0.614422405E-04
39500.00 0.614547390E-04
39550.00 0.614800405E-04
39600.00 0.615252397E-04
39650.00 0.616344894E-04
39700.00 0.616537146E-04
39750.00 0.616009752E-04
39800.00 0.615599537E-04
39850.00 0.616285404E-04
39900.00 0.617095791E-04
39950.00 0.616873408E-04
40000.00 0.616201834E-04
40050.00 0.616514410E-04
40100.00 0.617544160E-04
40150.00 0.617602558E-04
40200.00 0.618298511E-04
40250.00 0.620086400E-04
40300.00 0.622185985E-04
40350.00 0.623960805E-04
40400.00 0.624397119E-04
40450.00 0.624667237E-04
40500.00 0.625438936E-04
40550.00 0.625856929E-04
40600.00 0.625712730E-04
40650.00 0.626560231E-04
40700.00 0.627753685E-04
40750.00 0.628898124E-04
40800.00 0.629952053E-04
40850.00 0.631548495E-04
40900.00 0.632615652E-04
40950.00 0.632125622E-04
41000.00 0.632930922E-04
41050.00 0.634751058E-04
41100.00 0.635784086E-04
41150.00 0.636433375E-04
41200.00 0.637314414E-04
41250.00 0.637595376E-04
41300.00 0.637116590E-04
41350.00 0.637097447E-04
41400.00 0.638628335E-04
41450.00 0.639996601E-04
41500.00 0.641226477E-04
41550.00 0.641975981E-04
41600.00 0.642329301E-04
41650.00 0.643425021E-04
41700.00 0.643649960E-04
41750.00 0.643436194E-04
41800.00 0.643360325E-04
41850.00 0.643265153E-04
41900.00 0.644038884E-04
41950.00 0.645336223E-04
42000.00 0.646641326E-04
42050.00 0.647324486E-04
42100.00 0.647201688E-04
42150.00 0.647317278E-04
42200.00 0.647173880E-04
42250.00 0.647699691E-04
42300.00 0.649191582E-04
42350.00 0.650220056E-04
42400.00 0.650625201E-04
42450.00 0.650623956E-04
42500.00 0.651108772E-04
42550.00 0.651715542E-04
42600.00 0.652366128E-04
42650.00 0.652868372E-04
42700.00 0.652913342E-04
42750.00 0.653117108E-04
42800.00 0.653050935E-04
42850.00 0.652876561E-04
42900.00 0.653041030E-04
42950.00 0.653833484E-04
43000.00 0.654920733E-04
43050.00 0.655152858E-04
43100.00 0.655031000E-04
43150.00 0.654945162E-04
43200.00 0.655931559E-04
43250.00 0.657744490E-04
43300.00 0.659665356E-04
43350.00 0.661311687E-04
43400.00 0.662007071E-04
43450.00 0.662190187E-04
43500.00 0.662967922E-04
43550.00 0.664535572E-04
43600.00 0.665350847E-04
43650.00 0.665186887E-04
43700.00 0.665770253E-04
43750.00 0.667833244E-04
43800.00 0.668454527E-04
43850.00 0.667724262E-04
43900.00 0.667707261E-04
43950.00 0.668056484E-04
44000.00 0.667966083E-04
44050.00 0.668506189E-04
44100.00 0.669179960E-04
44150.00 0.669486110E-04
44200.00 0.669753069E-04
44250.00 0.669747329E-04
44300.00 0.670013885E-04
44350.00 0.671317669E-04
44400.00 0.673221235E-04
44450.00 0.673794766E-04
44500.00 0.674796463E-04
44550.00 0.676489271E-04
44600.00 0.676701823E-04
44650.00 0.677179491E-04
44700.00 0.678543492E-04
44750.00 0.678521156E-04
44800.00 0.678307283E-04
44850.00 0.678962224E-04
44900.00 0.679803225E-04
44950.00 0.680850325E-04
45000.00 0.682266599E-04
45050.00 0.683750541E-04
45100.00 0.684670850E-04
45150.00 0.684308506E-04
45200.00 0.684279269E-04
45250.00 0.684920421E-04
45300.00 0.685153208E-04
45350.00 0.685680890E-04
45400.00 0.687157289E-04
45450.00 0.689043738E-04
45500.00 0.689329253E-04
45550.00 0.688927048E-04
45600.00 0.689258476E-04
45650.00 0.690225742E-04
45700.00 0.690359153E-04
45750.00 0.690308528E-04
45800.00 0.690465440E-04
45850.00 0.690822250E-04
45900.00 0.691480385E-04
45950.00 0.690881462E-04
46000.00 0.690921785E-04
46050.00 0.692474498E-04
46100.00 0.693180793E-04
46150.00 0.693474118E-04
46200.00 0.694581103E-04
46250.00 0.695846270E-04
46300.00 0.696669797E-04
46350.00 0.696983103E-04
46400.00 0.696075743E-04
46450.00 0.695981852E-04
46500.00 0.697519049E-04
46550.00 0.698516950E-04
46600.00 0.698959982E-04
46650.00 0.699300273E-04
46700.00 0.699769181E-04
46750.00 0.700103667E-04
46800.00 0.700162123E-04
46850.00 0.699700841E-04
46900.00 0.700233593E-04
46950.00 0.700767964E-04
47000.00 0.700980879E-04
47050.00 0.701522848E-04
47100.00 0.701091885E-04
47150.00 0.699794082E-04
47200.00 0.699254682E-04
47250.00 0.699815699E-04
47300.00 0.700405643E-04
47350.00 0.701409343E-04
47400.00 0.703208254E-04
47450.00 0.704259215E-04
47500.00 0.704797177E-04
47550.00 0.705205748E-04
47600.00 0.705317550E-04
47650.00 0.705833280E-04
47700.00 0.706289402E-04
47750.00 0.706623791E-04
47800.00 0.707417653E-04
47850.00 0.708563121E-04
47900.00 0.708871301E-04
47950.00 0.708393582E-04
48000.00 0.707964697E-04
48050.00 0.708800701E-04
48100.00 0.710478589E-04
48150.00 0.711367267E-04
48200.00 0.712066432E-04
48250.00 0.713471996E-04
48300.00 0.713497049E-04
48350.00 0.712895962E-04
48400.00 0.713465024E-04
48450.00 0.713743990E-04
48500.00 0.713550130E-04
48550.00 0.713317256E-04
48600.00 0.713168241E-04
48650.00 0.712847057E-04
48700.00 0.712519281E-04
48750.00 0.712913378E-04
48800.00 0.713632957E-04
48850.00 0.714613967E-04
48900.00 0.715382201E-04
48950.00 0.716073847E-04
49000.00 0.717093928E-04
49050.00 0.718924260E-04
49100.00 0.720053605E-04
49150.00 0.719531805E-04
49200.00 0.719652201E-04
49250.00 0.720606233E-04
49300.00 0.720504905E-04
49350.00 0.720539612E-04
49400.00 0.722099657E-04
49450.00 0.722686175E-04
49500.00 0.722907544E-04
49550.00 0.723198654E-04
49600.00 0.723231398E-04
49650.00 0.723522893E-04
49700.00 0.724457547E-04
49750.00 0.725384691E-04
49800.00 0.726062170E-04
49850.00 0.727054326E-04
49900.00 0.726717097E-04
49950.00 0.726176312E-04
50000.00 0.727561575E-04
50050.00 0.727903565E-04
50100.00 0.726942233E-04
50150.00 0.727600317E-04
50200.00 0.728622993E-04
50250.00 0.729115982E-04
50300.00 0.729186325E-04
50350.00 0.729866781E-04
50400.00 0.730293270E-04
50450.00 0.730474723E-04
50500.00 0.731269187E-04
50550.00 0.731984536E-04
50600.00 0.732427906E-04
50650.00 0.733118319E-04
50700.00 0.733875882E-04
50750.00 0.734115137E-04
50800.00 0.733700736E-04
50850.00 0.733393355E-04
50900.00 0.733790758E-04
50950.00 0.733482732E-04
51000.00 0.733775311E-04
51050.00 0.735136928E-04
51100.00 0.736346405E-04
51150.00 0.737161882E-04
51200.00 0.738432802E-04
51250.00 0.739304093E-04
51300.00 0.739137947E-04
51350.00 0.739441994E-04
51400.00 0.739162927E-04
51450.00 0.739186989E-04
51500.00 0.741393469E-04
51550.00 0.743438482E-04
51600.00 0.744357449E-04
51650.00 0.745235683E-04
51700.00 0.746241843E-04
51750.00 0.747230471E-04
51800.00 0.748238678E-04
51850.00 0.749639530E-04
51900.00 0.750965241E-04
51950.00 0.752351003E-04
52000.00 0.753425308E-04
52050.00 0.754287916E-04
52100.00 0.755211950E-04
52150.00 0.756691435E-04
52200.00 0.758417930E-04
52250.00 0.759596860E-04
52300.00 0.759514740E-04
52350.00 0.760452852E-04
52400.00 0.762499859E-04
52450.00 0.763139979E-04
52500.00 0.763299737E-04
52550.00 0.763756130E-04
52600.00 0.764787336E-04
52650.00 0.765046981E-04
52700.00 0.766139437E-04
52750.00 0.768577938E-04
52800.00 0.770394406E-04
52850.00 0.771274843E-04
52900.00 0.771959345E-04
52950.00 0.773088936E-04
53000.00 0.774256096E-04
53050.00 0.775328106E-04
53100.00 0.776374994E-04
53150.00 0.776417442E-04
53200.00 0.776513395E-04
53250.00 0.777525932E-04
53300.00 0.779210674E-04
53350.00 0.780989337E-04
53400.00 0.781741341E-04
53450.00 0.782139750E-04
53500.00 0.782775485E-04
53550.00 0.783446219E-04
53600.00 0.783907155E-04
53650.00 0.784844228E-04
53700.00 0.785924385E-04
53750.00 0.786551836E-04
53800.00 0.787235416E-04
53850.00 0.788153237E-04
53900.00 0.789015932E-04
53950.00 0.790414246E-04
54000.00 0.791799139E-04
54050.00 0.791399110E-04
54100.00 0.790759167E-04
54150.00 0.791466410E-04
54200.00 0.792168550E-04
54250.00 0.793279297E-04
54300.00 0.794077956E-04
54350.00 0.794069765E-04
54400.00 0.794722179E-04
54450.00 0.795267362E-04
54500.00 0.795867529E-04
54550.00 0.797210613E-04
54600.00 0.799100410E-04
54650.00 0.800270100E-04
54700.00 0.800265056E-04
54750.00 0.800306683E-04
54800.00 0.800785186E-04
54850.00 0.802018147E-04
54900.00 0.803979049E-04
54950.00 0.805413722E-04
55000.00 0.805981538E-04
55050.00 0.806223730E-04
55100.00 0.807358185E-04
55150.00 0.809301908E-04
55200.00 0.810832378E-04
55250.00 0.811641147E-04
55300.00 0.811975002E-04
55350.00 0.813106571E-04
55400.00 0.813537506E-04
55450.00 0.813794709E-04
55500.00 0.815411659E-04
55550.00 0.816480890E-04
55600.00 0.817635868E-04
55650.00 0.818406254E-04
55700.00 0.817942061E-04
55750.00 0.818067377E-04
55800.00 0.818909349E-04
55850.00 0.819519594E-04
55900.00 0.820039214E-04
55950.00 0.820615085E-04
56000.00 0.820682553E-04
56050.00 0.821135983E-04
56100.00 0.821377690E-04
56150.00 0.822049377E-04
56200.00 0.823655515E-04
56250.00 0.824827589E-04
56300.00 0.825529718E-04
56350.00 0.824565940E-04
56400.00 0.823574444E-04
56450.00 0.823773161E-04
56500.00 0.824940964E-04
56550.00 0.826005050E-04
56600.00 0.825545866E-04
56650.00 0.824918191E-04
56700.00 0.826013007E-04
56750.00 0.827402005E-04
56800.00 0.827404340E-04
56850.00 0.827078976E-04
56900.00 0.826668068E-04
56950.00 0.827317952E-04
57000.00 0.828052697E-04
57050.00 0.827922763E-04
57100.00 0.828057275E-04
57150.00 0.828158262E-04
57200.00 0.828343538E-04
57250.00 0.829979399E-04
57300.00 0.831312603E-04
57350.00 0.832960980E-04
57400.00 0.834167272E-04
57450.00 0.833269725E-04
57500.00 0.833674073E-04
57550.00 0.834693206E-04
57600.00 0.835527775E-04
57650.00 0.836547104E-04
57700.00 0.837196233E-04
57750.00 0.838412930E-04
57800.00 0.839296913E-04
57850.00 0.838561972E-04
57900.00 0.838138988E-04
57950.00 0.838728421E-04
58000.00 0.840022168E-04
58050.00 0.841164988E-04
58100.00 0.841299643E-04
58150.00 0.841065995E-04
58200.00 0.841307979E-04
58250.00 0.841584033E-04
58300.00 0.842114819E-04
58350.00 0.843195328E-04
58400.00 0.844416856E-04
58450.00 0.845135864E-04
58500.00 0.845428434E-04
58550.00 0.846078415E-04
58600.00 0.846930098E-04
58650.00 0.847712212E-04
58700.00 0.848738732E-04
58750.00 0.850251760E-04
58800.00 0.851460534E-04
58850.00 0.851508344E-04
58900.00 0.851893116E-04
58950.00 0.852828569E-04
59000.00 0.853663996E-04
59050.00 0.854654765E-04
59100.00 0.854832158E-04
59150.00 0.855663821E-04
59200.00 0.856682036E-04
59250.00 0.856294655E-04
59300.00 0.856785932E-04
59350.00 0.857620349E-04
59400.00 0.857600874E-04
59450.00 0.858028593E-04
59500.00 0.859004739E-04
59550.00 0.860454167E-04
59600.00 0.861794183E-04
59650.00 0.863171693E-04
59700.00 0.864138396E-04
59750.00 0.864705280E-04
59800.00 0.865223411E-04
59850.00 0.865676136E-04
59900.00 0.866994429E-04
59950.00 0.868356393E-04
60000.00 0.868875305E-04
60050.00 0.868854879E-04
60100.00 0.869496003E-04
60150.00 0.870630546E-04
60200.00 0.870820221E-04
60250.00 0.870985955E-04
60300.00 0.871745374E-04
60350.00 0.872139996E-04
60400.00 0.872637554E-04
60450.00 0.873647716E-04
60500.00 0.874203747E-04
60550.00 0.874624772E-04
60600.00 0.875210171E-04
60650.00 0.876061904E-04
60700.00 0.877336143E-04
60750.00 0.877921769E-04
60800.00 0.877626120E-04
60850.00 0.878430120E-04
60900.00 0.879183662E-04
60950.00 0.879658806E-04
61000.00 0.881199331E-04
61050.00 0.882104172E-04
61100.00 0.881927671E-04
61150.00 0.881492512E-04
61200.00 0.881307571E-04
61250.00 0.881781105E-04
61300.00 0.882910530E-04
61350.00 0.883738635E-04
61400.00 0.884651028E-04
61450.00 0.884590435E-04
61500.00 0.884459078E-04
61550.00 0.885272400E-04
61600.00 0.885528660E-04
61650.00 0.885676550E-04
61700.00 0.886131400E-04
61750.00 0.887015203E-04
61800.00 0.887973777E-04
61850.00 0.889208509E-04
61900.00 0.890404381E-04
61950.00 0.891449376E-04
62000.00 0.892899283E-04
62050.00 0.893826159E-04
62100.00 0.894440512E-04
62150.00 0.895085571E-04
62200.00 0.895044409E-04
62250.00 0.895313679E-04
62300.00 0.896733677E-04
62350.00 0.898170227E-04
62400.00 0.898517267E-04
62450.00 0.898530719E-04
62500.00 0.899618076E-04
62550.00 0.901321055E-04
62600.00 0.901824731E-04
62650.00 0.902409357E-04
62700.00 0.903600682E-04
62750.00 0.904045138E-04
62800.00 0.904086488E-04
62850.00 0.904087388E-04
62900.00 0.904708147E-04
62950.00 0.905149644E-04
63000.00 0.905191681E-04
63050.00 0.905578313E-04
63100.00 0.906222388E-04
63150.00 0.907521667E-04
63200.00 0.908223235E-04
63250.00 0.907508661E-04
63300.00 0.907690243E-04
63350.00 0.909173214E-04
63400.00 0.909785680E-04
63450.00 0.910543984E-04
63500.00 0.911599704E-04
63550.00 0.912087184E-04
63600.00 0.913204233E-04
63650.00 0.914397233E-04
63700.00 0.914913829E-04
63750.00 0.915154093E-04
63800.00 0.915544301E-04
63850.00 0.916543385E-04
63900.00 0.918001354E-04
63950.00 0.919280043E-04
64000.00 0.920731175E-04
64050.00 0.922280246E-04
64100.00 0.923375270E-04
64150.00 0.923989301E-04
64200.00 0.925173011E-04
64250.00 0.926073245E-04
64300.00 0.925528879E-04
64350.00 0.925687700E-04
64400.00 0.926274270E-04
64450.00 0.926467377E-04
64500.00 0.926914657E-04
64550.00 0.927511277E-04
64600.00 0.928563953E-04
64650.00 0.929671729E-04
64700.00 0.930812246E-04
64750.00 0.931274877E-04
64800.00 0.931601496E-04
64850.00 0.932721994E-04
64900.00 0.933889500E-04
64950.00 0.935008102E-04
65000.00 0.935511390E-04
65050.00 0.935695909E-04
65100.00 0.936194320E-04
65150.00 0.936876317E-04
65200.00 0.937853256E-04
65250.00 0.939211771E-04
65300.00 0.940550032E-04
65350.00 0.940816466E-04
65400.00 0.940801237E-04
65450.00 0.941604246E-04
65500.00 0.942017074E-04
65550.00 0.942129059E-04
65600.00 0.943389733E-04
65650.00 0.945020559E-04
65700.00 0.946687378E-04
65750.00 0.947661146E-04
65800.00 0.947967688E-04
65850.00 0.948011084E-04
65900.00 0.948069072E-04
65950.00 0.948621184E-04
66000.00 0.948813441E-04
66050.00 0.949813834E-04
66100.00 0.950193994E-04
66150.00 0.949740592E-04
66200.00 0.950365320E-04
66250.00 0.950981902E-04
66300.00 0.951254583E-04
66350.00 0.951196996E-04
66400.00 0.950503611E-04
66450.00 0.950291589E-04
66500.00 0.950893702E-04
66550.00 0.952084766E-04
66600.00 0.953846362E-04
66650.00 0.953877890E-04
66700.00 0.953407711E-04
66750.00 0.954647751E-04
66800.00 0.955192749E-04
66850.00 0.955349448E-04
66900.00 0.955866024E-04
66950.00 0.955893108E-04
67000.00 0.956614550E-04
67050.00 0.957709064E-04
67100.00 0.958567606E-04
67150.00 0.959166696E-04
67200.00 0.959187810E-04
67250.00 0.959634453E-04
67300.00 0.960117547E-04
67350.00 0.960861658E-04
67400.00 0.961945713E-04
67450.00 0.962258210E-04
67500.00 0.962982964E-04
67550.00 0.964692165E-04
67600.00 0.965427543E-04
67650.00 0.966293225E-04
67700.00 0.967992884E-04
67750.00 0.968671226E-04
67800.00 0.969729432E-04
67850.00 0.970775281E-04
67900.00 0.971520341E-04
67950.00 0.972765925E-04
68000.00 0.973456765E-04
68050.00 0.973982515E-04
68100.00 0.974117034E-04
68150.00 0.974926062E-04
68200.00 0.976753265E-04
68250.00 0.977219634E-04
68300.00 0.976976432E-04
68350.00 0.977350861E-04
68400.00 0.978332024E-04
68450.00 0.979403835E-04
68500.00 0.980254026E-04
68550.00 0.982143884E-04
68600.00 0.983374227E-04
68650.00 0.982850405E-04
68700.00 0.982852025E-04
68750.00 0.983716320E-04
68800.00 0.984443001E-04
68850.00 0.985419626E-04
68900.00 0.986963837E-04
68950.00 0.987755550E-04
69000.00 0.988294731E-04
69050.00 0.989096227E-04
69100.00 0.989464602E-04
69150.00 0.989709731E-04
69200.00 0.990720360E-04
69250.00 0.991968309E-04
69300.00 0.992598321E-04
69350.00 0.992562658E-04
69400.00 0.993740676E-04
69450.00 0.994661919E-04
69500.00 0.994774064E-04
69550.00 0.994876371E-04
69600.00 0.994933520E-04
69650.00 0.995752201E-04
69700.00 0.996321000E-04
69750.00 0.996920895E-04
69800.00 0.997502993E-04
69850.00 0.997786748E-04
69900.00 0.997397806E-04
69950.00 0.997364910E-04
70000.00 0.997698239E-04
70050.00 0.998224518E-04
70100.00 0.999195402E-04
70150.00 0.100108420E-03
70200.00 0.100252692E-03
70250.00 0.100320922E-03
70300.00 0.100345675E-03
70350.00 0.100251225E-03
70400.00 0.100291230E-03
70450.00 0.100412065E-03
70500.00 0.100488462E-03
70550.00 0.100651982E-03
70600.00 0.100814651E-03
70650.00 0.100961008E-03
70700.00 0.101106571E-03
70750.00 0.101252392E-03
70800.00 0.101309357E-03
70850.00 0.101367367E-03
70900.00 0.101403754E-03
70950.00 0.101438189E-03
71000.00 0.101590885E-03
71050.00 0.101628682E-03
71100.00 0.101668970E-03
71150.00 0.101777923E-03
71200.00 0.101834924E-03
71250.00 0.101904278E-03
71300.00 0.101975078E-03
71350.00 0.102023964E-03
71400.00 0.102040682E-03
71450.00 0.102111266E-03
71500.00 0.102301033E-03
71550.00 0.102396635E-03
71600.00 0.102454866E-03
71650.00 0.102523991E-03
71700.00 0.102547046E-03
71750.00 0.102580860E-03
71800.00 0.102650296E-03
71850.00 0.102624497E-03
71900.00 0.102617673E-03
71950.00 0.102694000E-03
72000.00 0.102749282E-03
72050.00 0.102879117E-03
72100.00 0.103010851E-03
72150.00 0.103048832E-03
72200.00 0.103046242E-03
72250.00 0.103059385E-03
72300.00 0.103162944E-03
72350.00 0.103357765E-03
72400.00 0.103447319E-03
72450.00 0.103539782E-03
72500.00 0.103690743E-03
72550.00 0.103726157E-03
72600.00 0.103745211E-03
72650.00 0.103776377E-03
72700.00 0.103818187E-03
72750.00 0.103932574E-03
72800.00 0.104024146E-03
72850.00 0.104042535E-03
72900.00 0.104122767E-03
72950.00 0.104324850E-03
73000.00 0.104416557E-03
73050.00 0.104414799E-03
73100.00 0.104493872E-03
73150.00 0.104513503E-03
73200.00 0.104504060E-03
73250.00 0.104614588E-03
73300.00 0.104770191E-03
73350.00 0.104826848E-03
73400.00 0.104826561E-03
73450.00 0.104924995E-03
73500.00 0.105038040E-03
73550.00 0.105182657E-03
73600.00 0.105302254E-03
73650.00 0.105336372E-03
73700.00 0.105385821E-03
73750.00 0.105518338E-03
73800.00 0.105694757E-03
73850.00 0.105778566E-03
73900.00 0.105838630E-03
73950.00 0.105799908E-03
74000.00 0.105749934E-03
74050.00 0.105774986E-03
74100.00 0.105805390E-03
74150.00 0.105869652E-03
74200.00 0.106005211E-03
74250.00 0.106058034E-03
74300.00 0.106077049E-03
74350.00 0.106127412E-03
74400.00 0.106141084E-03
74450.00 0.106197793E-03
74500.00 0.106250088E-03
74550.00 0.106291683E-03
74600.00 0.106348619E-03
74650.00 0.106329020E-03
74700.00 0.106200037E-03
74750.00 0.106094354E-03
74800.00 0.106143396E-03
74850.00 0.106273856E-03
74900.00 0.106324476E-03
74950.00 0.106401416E-03
75000.00 0.106552147E-03
75050.00 0.106639629E-03
75100.00 0.106655523E-03
75150.00 0.106751834E-03
75200.00 0.106873670E-03
75250.00 0.106920862E-03
75300.00 0.107007478E-03
75350.00 0.107140570E-03
75400.00 0.107210678E-03
75450.00 0.107241996E-03
75500.00 0.107263345E-03
75550.00 0.107307270E-03
75600.00 0.107378877E-03
75650.00 0.107487867E-03
75700.00 0.107657412E-03
75750.00 0.107811645E-03
75800.00 0.107865339E-03
75850.00 0.107947742E-03
75900.00 0.108057730E-03
75950.00 0.108126735E-03
76000.00 0.108084280E-03
76050.00 0.108011608E-03
76100.00 0.108041373E-03
76150.00 0.108101645E-03
76200.00 0.108243293E-03
76250.00 0.108374190E-03
76300.00 0.108416086E-03
76350.00 0.108512919E-03
76400.00 0.108658340E-03
76450.00 0.108764790E-03
76500.00 0.108783453E-03
76550.00 0.108814208E-03
76600.00 0.108956637E-03
76650.00 0.109115973E-03
76700.00 0.109188409E-03
76750.00 0.109236472E-03
76800.00 0.109182940E-03
76850.00 0.109036547E-03
76900.00 0.109132788E-03
76950.00 0.109260512E-03
77000.00 0.109301163E-03
77050.00 0.109415020E-03
77100.00 0.109579313E-03
77150.00 0.109686384E-03
77200.00 0.109794956E-03
77250.00 0.109886123E-03
77300.00 0.109918576E-03
77350.00 0.109977860E-03
77400.00 0.109910694E-03
77450.00 0.109825493E-03
77500.00 0.109828785E-03
77550.00 0.109839019E-03
77600.00 0.109926386E-03
77650.00 0.109990965E-03
77700.00 0.110104368E-03
77750.00 0.110290131E-03
77800.00 0.110301532E-03
77850.00 0.110202931E-03
77900.00 0.110159068E-03
77950.00 0.110197417E-03
78000.00 0.110291626E-03
78050.00 0.110428961E-03
78100.00 0.110590990E-03
78150.00 0.110661960E-03
78200.00 0.110693200E-03
78250.00 0.110786772E-03
78300.00 0.110965665E-03
78350.00 0.111055560E-03
78400.00 0.111074231E-03
78450.00 0.111206018E-03
78500.00 0.111345808E-03
78550.00 0.111417423E-03
78600.00 0.111467681E-03
78650.00 0.111535410E-03
78700.00 0.111651080E-03
78750.00 0.111755913E-03
78800.00 0.111819355E-03
78850.00 0.111942140E-03
78900.00 0.111961006E-03
78950.00 0.111875327E-03
79000.00 0.111924328E-03
79050.00 0.111945750E-03
79100.00 0.111976343E-03
79150.00 0.112057123E-03
79200.00 0.112125809E-03
79250.00 0.112226508E-03
79300.00 0.112289448E-03
79350.00 0.112335138E-03
79400.00 0.112409386E-03
79450.00 0.112495880E-03
79500.00 0.112547760E-03
79550.00 0.112681902E-03
79600.00 0.112799218E-03
79650.00 0.112878556E-03
79700.00 0.112963564E-03
79750.00 0.112954058E-03
79800.00 0.112991934E-03
79850.00 0.113068669E-03
79900.00 0.113128061E-03
79950.00 0.113184409E-03
80000.00 0.113135784E-03
80050.00 0.113111611E-03
80100.00 0.113229414E-03
80150.00 0.113448843E-03
80200.00 0.113632736E-03
80250.00 0.113657801E-03
80300.00 0.113683355E-03
80350.00 0.113767838E-03
80400.00 0.113797290E-03
80450.00 0.113838818E-03
80500.00 0.113884306E-03
80550.00 0.113991887E-03
80600.00 0.114155778E-03
80650.00 0.114308651E-03
80700.00 0.114483151E-03
80750.00 0.114602642E-03
80800.00 0.114806998E-03
80850.00 0.115005034E-03
80900.00 0.115095830E-03
80950.00 0.115193071E-03
81000.00 0.115300650E-03
81050.00 0.115369556E-03
81100.00 0.115453513E-03
81150.00 0.115543833E-03
81200.00 0.115611951E-03
81250.00 0.115752741E-03
81300.00 0.115817179E-03
81350.00 0.115840194E-03
81400.00 0.115937448E-03
81450.00 0.116007787E-03
81500.00 0.116129614E-03
81550.00 0.116240482E-03
81600.00 0.116199342E-03
81650.00 0.116248526E-03
81700.00 0.116386069E-03
81750.00 0.116564072E-03
81800.00 0.116711704E-03
81850.00 0.116725895E-03
81900.00 0.116739228E-03
81950.00 0.116829377E-03
82000.00 0.116957127E-03
82050.00 0.117042211E-03
82100.00 0.117159851E-03
82150.00 0.117228156E-03
82200.00 0.117317155E-03
82250.00 0.117523948E-03
82300.00 0.117620604E-03
82350.00 0.117659729E-03
82400.00 0.117699960E-03
82450.00 0.117744163E-03
82500.00 0.117891844E-03
82550.00 0.118023912E-03
82600.00 0.118087131E-03
82650.00 0.118125243E-03
82700.00 0.118221156E-03
82750.00 0.118380907E-03
82800.00 0.118502911E-03
82850.00 0.118582019E-03
82900.00 0.118644247E-03
82950.00 0.118799098E-03
83000.00 0.118984892E-03
83050.00 0.119049596E-03
83100.00 0.119100469E-03
83150.00 0.119182471E-03
83200.00 0.119189713E-03
83250.00 0.119165175E-03
83300.00 0.119187405E-03
83350.00 0.119273927E-03
83400.00 0.119354261E-03
83450.00 0.119348371E-03
83500.00 0.119401297E-03
83550.00 0.119601491E-03
83600.00 0.119705599E-03
83650.00 0.119685121E-03
83700.00 0.119615032E-03
83750.00 0.119468968E-03
83800.00 0.119492481E-03
83850.00 0.119580826E-03
83900.00 0.119621847E-03
83950.00 0.119762996E-03
84000.00 0.119935861E-03
84050.00 0.120031332E-03
84100.00 0.120064594E-03
84150.00 0.120127286E-03
84200.00 0.120121015E-03
84250.00 0.120133425E-03
84300.00 0.120148377E-03
84350.00 0.120106285E-03
84400.00 0.120164187E-03
84450.00 0.120348732E-03
84500.00 0.120516932E-03
84550.00 0.120662376E-03
84600.00 0.120728091E-03
84650.00 0.120743013E-03
84700.00 0.120793211E-03
84750.00 0.120846212E-03
84800.00 0.120923253E-03
84850.00 0.120962705E-03
84900.00 0.121036706E-03
84950.00 0.121100658E-03
85000.00 0.121122398E-03
85050.00 0.121160298E-03
85100.00 0.121242316E-03
85150.00 0.121387491E-03
85200.00 0.121463473E-03
85250.00 0.121521684E-03
85300.00 0.121665771E-03
85350.00 0.121753952E-03
85400.00 0.121761246E-03
85450.00 0.121841468E-03
85500.00 0.121967040E-03
85550.00 0.121966699E-03
85600.00 0.122054774E-03
85650.00 0.122163466E-03
85700.00 0.122153896E-03
85750.00 0.122185257E-03
85800.00 0.122273093E-03
85850.00 0.122376430E-03
85900.00 0.122560933E-03
85950.00 0.122699867E-03
86000.00 0.122799695E-03
86050.00 0.122929702E-03
86100.00 0.123000164E-03
86150.00 0.123126330E-03
86200.00 0.123179094E-03
86250.00 0.123225085E-03
86300.00 0.123254102E-03
86350.00 0.123250850E-03
86400.00 0.123264995E-03
86450.00 0.123265955E-03
86500.00 0.123324708E-03
86550.00 0.123310018E-03
86600.00 0.123366789E-03
86650.00 0.123485210E-03
86700.00 0.123495740E-03
86750.00 0.123540170E-03
86800.00 0.123625932E-03
86850.00 0.123701375E-03
86900.00 0.123767839E-03
86950.00 0.123821920E-03
87000.00 0.123852185E-03
87050.00 0.123869021E-03
87100.00 0.123858928E-03
87150.00 0.123871005E-03
87200.00 0.123917737E-03
87250.00 0.123900924E-03
87300.00 0.123869525E-03
87350.00 0.123923648E-03
87400.00 0.124009211E-03
87450.00 0.124124430E-03
87500.00 0.124252100E-03
87550.00 0.124312971E-03
87600.00 0.124289101E-03
87650.00 0.124318900E-03
87700.00 0.124406822E-03
87750.00 0.124524609E-03
87800.00 0.124662162E-03
87850.00 0.124640282E-03
87900.00 0.124590289E-03
87950.00 0.124653814E-03
88000.00 0.124707418E-03
88050.00 0.124725986E-03
88100.00 0.124707573E-03
88150.00 0.124677307E-03
88200.00 0.124680657E-03
88250.00 0.124663389E-03
88300.00 0.124713842E-03
88350.00 0.124739421E-03
88400.00 0.124702852E-03
88450.00 0.124745767E-03
88500.00 0.124859462E-03
88550.00 0.124932397E-03
88600.00 0.124893337E-03
88650.00 0.124862155E-03
88700.00 0.124814485E-03
88750.00 0.124772181E-03
88800.00 0.124893703E-03
88850.00 0.125000739E-03
88900.00 0.125113655E-03
88950.00 0.125286439E-03
89000.00 0.125402938E-03
89050.00 0.125397624E-03
89100.00 0.125346152E-03
89150.00 0.125415892E-03
89200.00 0.125489614E-03
89250.00 0.125569714E-03
89300.00 0.125645715E-03
89350.00 0.125744147E-03
89400.00 0.125843845E-03
89450.00 0.125851375E-03
89500.00 0.125814237E-03
89550.00 0.125837821E-03
89600.00 0.125973299E-03
89650.00 0.126069989E-03
89700.00 0.126145043E-03
89750.00 0.126293865E-03
89800.00 0.126320622E-03
89850.00 0.126276742E-03
89900.00 0.126317632E-03
89950.00 0.126348589E-03
90000.00 0.126440663E-03
90050.00 0.126495103E-03
90100.00 0.126422651E-03
90150.00 0.126332869E-03
90200.00 0.126257054E-03
90250.00 0.126309812E-03
90300.00 0.126400927E-03
90350.00 0.126450969E-03
90400.00 0.126567484E-03
90450.00 0.126747840E-03
90500.00 0.126934023E-03
90550.00 0.127051524E-03
90600.00 0.127062661E-03
90650.00 0.127084855E-03
90700.00 0.127221990E-03
90750.00 0.127376451E-03
90800.00 0.127418606E-03
90850.00 0.127429516E-03
90900.00 0.127485152E-03
90950.00 0.127497611E-03
91000.00 0.127521886E-03
91050.00 0.127532039E-03
91100.00 0.127600623E-03
91150.00 0.127709796E-03
91200.00 0.127754484E-03
91250.00 0.127791884E-03
91300.00 0.127820858E-03
91350.00 0.127922298E-03
91400.00 0.128043185E-03
91450.00 0.128129323E-03
91500.00 0.128083344E-03
91550.00 0.128022075E-03
91600.00 0.128039482E-03
91650.00 0.128020121E-03
91700.00 0.128068945E-03
91750.00 0.128137808E-03
91800.00 0.128196167E-03
91850.00 0.128278568E-03
91900.00 0.128352340E-03
91950.00 0.128354606E-03
92000.00 0.128346864E-03
92050.00 0.128404612E-03
92100.00 0.128410962E-03
92150.00 0.128336128E-03
92200.00 0.128397327E-03
92250.00 0.128434821E-03
92300.00 0.128460305E-03
92350.00 0.128517507E-03
92400.00 0.128529820E-03
92450.00 0.128636132E-03
92500.00 0.128775250E-03
92550.00 0.128908347E-03
92600.00 0.128964522E-03
92650.00 0.129047068E-03
92700.00 0.129127871E-03
92750.00 0.129138903E-03
92800.00 0.129118789E-03
92850.00 0.129020224E-03
92900.00 0.129063866E-03
92950.00 0.129121163E-03
93000.00 0.129098917E-03
93050.00 0.129199559E-03
93100.00 0.129246630E-03
93150.00 0.129252998E-03
93200.00 0.129308340E-03
93250.00 0.129374019E-03
93300.00 0.129432187E-03
93350.00 0.129491690E-03
93400.00 0.129584525E-03
93450.00 0.129606747E-03
93500.00 0.129602878E-03
93550.00 0.129648826E-03
93600.00 0.129717583E-03
93650.00 0.129832845E-03
93700.00 0.129974450E-03
93750.00 0.130085632E-03
93800.00 0.130166706E-03
93850.00 0.130240103E-03
93900.00 0.130275835E-03
93950.00 0.130318977E-03
94000.00 0.130380848E-03
94050.00 0.130468007E-03
94100.00 0.130566825E-03
94150.00 0.130587599E-03
94200.00 0.130638775E-03
94250.00 0.130791006E-03
94300.00 0.130893355E-03
94350.00 0.130970288E-03
94400.00 0.131106494E-03
94450.00 0.131197519E-03
94500.00 0.131317320E-03
94550.00 0.131445859E-03
94600.00 0.131492998E-03
94650.00 0.131580599E-03
94700.00 0.131657698E-03
94750.00 0.131718202E-03
94800.00 0.131778296E-03
94850.00 0.131821768E-03
94900.00 0.131934134E-03
94950.00 0.132068005E-03
95000.00 0.132085661E-03
95050.00 0.132097030E-03
95100.00 0.132121448E-03
95150.00 0.132147588E-03
95200.00 0.132269118E-03
95250.00 0.132400982E-03
95300.00 0.132510152E-03
95350.00 0.132535561E-03
95400.00 0.132530412E-03
95450.00 0.132547769E-03
95500.00 0.132583083E-03
95550.00 0.132688526E-03
95600.00 0.132733487E-03
95650.00 0.132713610E-03
95700.00 0.132784254E-03
95750.00 0.132959040E-03
95800.00 0.133176011E-03
95850.00 0.133304630E-03
95900.00 0.133409245E-03
95950.00 0.133438025E-03
96000.00 0.133358591E-03
96050.00 0.133377417E-03
96100.00 0.133447817E-03
96150.00 0.133517598E-03
96200.00 0.133550246E-03
96250.00 0.133638543E-03
96300.00 0.133738718E-03
96350.00 0.133790070E-03
96400.00 0.133774709E-03
96450.00 0.133816445E-03
96500.00 0.133925021E-03
96550.00 0.133896880E-03
96600.00 0.133902787E-03
96650.00 0.133949359E-03
96700.00 0.134053540E-03
96750.00 0.134218913E-03
96800.00 0.134235932E-03
96850.00 0.134228921E-03
96900.00 0.134368271E-03
96950.00 0.134551888E-03
97000.00 0.134666671E-03
97050.00 0.134689819E-03
97100.00 0.134672272E-03
97150.00 0.134661451E-03
97200.00 0.134758347E-03
97250.00 0.134798871E-03
97300.00 0.134800401E-03
97350.00 0.134874069E-03
97400.00 0.134875245E-03
97450.00 0.134858163E-03
97500.00 0.134871884E-03
97550.00 0.134962025E-03
97600.00 0.135027593E-03
97650.00 0.134965895E-03
97700.00 0.134969621E-03
97750.00 0.135041925E-03
97800.00 0.135115236E-03
97850.00 0.135141565E-03
97900.00 0.135153292E-03
97950.00 0.135273323E-03
98000.00 0.135397078E-03
98050.00 0.135469534E-03
98100.00 0.135536603E-03
98150.00 0.135556674E-03
98200.00 0.135506840E-03
98250.00 0.135459985E-03
98300.00 0.135543766E-03
98350.00 0.135615717E-03
98400.00 0.135630513E-03
98450.00 0.135670983E-03
98500.00 0.135723481E-03
98550.00 0.135843421E-03
98600.00 0.135930428E-03
98650.00 0.135963935E-03
98700.00 0.136027937E-03
98750.00 0.136064133E-03
98800.00 0.136071461E-03
98850.00 0.136121000E-03
98900.00 0.136112891E-03
98950.00 0.136060116E-03
99000.00 0.136040969E-03
99050.00 0.136027853E-03
99100.00 0.136033245E-03
99150.00 0.136086699E-03
99200.00 0.136143035E-03
99250.00 0.136198352E-03
99300.00 0.136271598E-03
99350.00 0.136361353E-03
99400.00 0.136375899E-03
99450.00 0.136334302E-03
99500.00 0.136374805E-03
99550.00 0.136469513E-03
99600.00 0.136575034E-03
99650.00 0.136620489E-03
99700.00 0.136662098E-03
99750.00 0.136672535E-03
99800.00 0.136676330E-03
99850.00 0.136776559E-03
99900.00 0.136843193E-03
