           1   4.0000000000000000     
           1   7.0000000000000000     
           1   10.000000000000000     
           1   6.0000000000000000     
           1   43.000000000000000     
           1   9.0000000000000000     
           1   7.0000000000000000     
           1   7.0000000000000000     
           1   12.000000000000000     
           2   14.000000000000000     
           2   5.0000000000000000     
           2   10.000000000000000     
           2   6.0000000000000000     
           2   7.0000000000000000     
           2   7.0000000000000000     
           2   7.0000000000000000     
           2   24.000000000000000     
           2   9.0000000000000000     
           3   519.00000000000000     
           4   3.0000000000000000     
           4   11.000000000000000     
           4   21.000000000000000     
           4   9.0000000000000000     
           5   17.000000000000000     
           5   9.0000000000000000     
           5   6.0000000000000000     
           5   10.000000000000000     
           5   19.000000000000000     
           5   7.0000000000000000     
           5   35.000000000000000     
           5   4.0000000000000000     
           6   2.0000000000000000     
           6   8.0000000000000000     
           7   522.00000000000000     
           8   7.0000000000000000     
           8   5.0000000000000000     
           8   7.0000000000000000     
           8   10.000000000000000     
           9   6.0000000000000000     
           9   4.0000000000000000     
           9   4.0000000000000000     
           9   5.0000000000000000     
           9   10.000000000000000     
           9   9.0000000000000000     
           9   5.0000000000000000     
          10   275.00000000000000     
          10   4.0000000000000000     
          10   16.000000000000000     
          10   18.000000000000000     
          11   9.0000000000000000     
          11   8.0000000000000000     
          11   13.000000000000000     
          11   3.0000000000000000     
          11   4.0000000000000000     
          11   17.000000000000000     
          12   5.0000000000000000     
          12   4.0000000000000000     
          13   17.000000000000000     
          13   8.0000000000000000     
          13   11.000000000000000     
          13   53.000000000000000     
          13   9.0000000000000000     
          13   27.000000000000000     
          14   7.0000000000000000     
          14   4.0000000000000000     
          14   5.0000000000000000     
          14   1.0000000000000000     
          14   14.000000000000000     
          14   4.0000000000000000     
          15   6.0000000000000000     
          15   16.000000000000000     
          15   10.000000000000000     
          15   7.0000000000000000     
          15   5.0000000000000000     
          15   6.0000000000000000     
          15   15.000000000000000     
          16   7.0000000000000000     
          16   10.000000000000000     
          16   19.000000000000000     
          18   6.0000000000000000     
          18   12.000000000000000     
          18   2.0000000000000000     
          18   2.0000000000000000     
          18   17.000000000000000     
          18   16.000000000000000     
          18   4.0000000000000000     
          18   5.0000000000000000     
          18   19.000000000000000     
          18   9.0000000000000000     
          19   7.0000000000000000     
          19   12.000000000000000     
          19   2.0000000000000000     
          19   4.0000000000000000     
          19   5.0000000000000000     
          21   8.0000000000000000     
          21   6.0000000000000000     
          21   21.000000000000000     
          21   10.000000000000000     
          21   7.0000000000000000     
          21   12.000000000000000     
          21   9.0000000000000000     
          21   10.000000000000000     
          21   9.0000000000000000     
          22   28.000000000000000     
          22   7.0000000000000000     
          22   8.0000000000000000     
          23   6.0000000000000000     
          23   3.0000000000000000     
          23   6.0000000000000000     
          23   8.0000000000000000     
          23   69.000000000000000     
          24   6.0000000000000000     
          24   6.0000000000000000     
          24   4.0000000000000000     
          24   373.00000000000000     
          25   26.000000000000000     
          25   7.0000000000000000     
          25   6.0000000000000000     
          25   16.000000000000000     
          25   8.0000000000000000     
          25   50.000000000000000     
          25   4.0000000000000000     
          25   8.0000000000000000     
          26   13.000000000000000     
          26   9.0000000000000000     
          26   9.0000000000000000     
          26   5.0000000000000000     
          26   4.0000000000000000     
          27   4.0000000000000000     
          27   7.0000000000000000     
          27   9.0000000000000000     
          27   10.000000000000000     
          28   5.0000000000000000     
          28   133.00000000000000     
          28   10.000000000000000     
          28   11.000000000000000     
          29   11.000000000000000     
          29   9.0000000000000000     
          29   308.00000000000000     
          29   12.000000000000000     
          29   4.0000000000000000     
          29   7.0000000000000000     
          30   16.000000000000000     
          30   3.0000000000000000     
          30   5.0000000000000000     
          30   22.000000000000000     
          30   4.0000000000000000     
          30   11.000000000000000     
          31   10.000000000000000     
          31   5.0000000000000000     
          31   5.0000000000000000     
          31   12.000000000000000     
          31   43.000000000000000     
          32   4.0000000000000000     
          32   8.0000000000000000     
          32   4.0000000000000000     
          32   9.0000000000000000     
          32   13.000000000000000     
          32   3.0000000000000000     
          32   26.000000000000000     
          32   10.000000000000000     
          32   20.000000000000000     
          33   4.0000000000000000     
          33   11.000000000000000     
          34   3.0000000000000000     
          34   10.000000000000000     
          34   7.0000000000000000     
          34   5.0000000000000000     
          34   20.000000000000000     
          34   11.000000000000000     
          34   541.00000000000000     
          35   7.0000000000000000     
          35   13.000000000000000     
          35   7.0000000000000000     
          35   5.0000000000000000     
          35   8.0000000000000000     
          35   16.000000000000000     
          35   7.0000000000000000     
          36   6.0000000000000000     
          36   8.0000000000000000     
          37   8.0000000000000000     
          37   8.0000000000000000     
          37   5.0000000000000000     
          37   10.000000000000000     
          37   5.0000000000000000     
          37   6.0000000000000000     
          37   4.0000000000000000     
          38   9.0000000000000000     
          38   7.0000000000000000     
          38   8.0000000000000000     
          38   22.000000000000000     
          38   11.000000000000000     
          38   9.0000000000000000     
          39   9.0000000000000000     
          39   25.000000000000000     
          39   9.0000000000000000     
          39   30.000000000000000     
          39   13.000000000000000     
          39   28.000000000000000     
          40   17.000000000000000     
          40   6.0000000000000000     
          40   4.0000000000000000     
          40   6.0000000000000000     
          40   6.0000000000000000     
          40   2.0000000000000000     
          40   7.0000000000000000     
          40   21.000000000000000     
          41   5.0000000000000000     
          41   4.0000000000000000     
          41   9.0000000000000000     
          41   29.000000000000000     
          42   27.000000000000000     
          42   9.0000000000000000     
          42   9.0000000000000000     
          42   11.000000000000000     
          42   3.0000000000000000     
          42   9.0000000000000000     
          42   9.0000000000000000     
          42   4.0000000000000000     
          43   15.000000000000000     
          43   11.000000000000000     
          43   5.0000000000000000     
          43   6.0000000000000000     
          43   10.000000000000000     
          43   8.0000000000000000     
          43   94.000000000000000     
          44   4.0000000000000000     
          44   9.0000000000000000     
          44   9.0000000000000000     
          44   12.000000000000000     
          44   2.0000000000000000     
          45   7.0000000000000000     
          45   11.000000000000000     
          45   69.000000000000000     
          45   7.0000000000000000     
          45   5.0000000000000000     
          46   2.0000000000000000     
          46   10.000000000000000     
          46   20.000000000000000     
          46   5.0000000000000000     
          46   13.000000000000000     
          46   4.0000000000000000     
          46   8.0000000000000000     
          46   5.0000000000000000     
          47   26.000000000000000     
          47   4.0000000000000000     
          47   12.000000000000000     
          47   15.000000000000000     
          47   20.000000000000000     
          47   4.0000000000000000     
          47   13.000000000000000     
          47   16.000000000000000     
          47   5.0000000000000000     
          48   5.0000000000000000     
          48   7.0000000000000000     
          48   13.000000000000000     
          48   19.000000000000000     
          48   15.000000000000000     
          48   36.000000000000000     
          49   14.000000000000000     
          49   5.0000000000000000     
          49   5.0000000000000000     
          49   15.000000000000000     
          49   26.000000000000000     
          50   3.0000000000000000     
          50   10.000000000000000     
          51   5.0000000000000000     
          52   10.000000000000000     
          52   10.000000000000000     
          52   8.0000000000000000     
          52   16.000000000000000     
          52   15.000000000000000     
          52   11.000000000000000     
          52   10.000000000000000     
          52   5.0000000000000000     
          53   8.0000000000000000     
          53   3.0000000000000000     
          53   22.000000000000000     
          54   10.000000000000000     
          54   9.0000000000000000     
          54   11.000000000000000     
          54   10.000000000000000     
          54   8.0000000000000000     
          54   8.0000000000000000     
          55   19.000000000000000     
          55   4.0000000000000000     
          55   14.000000000000000     
          55   5.0000000000000000     
          55   9.0000000000000000     
          56   13.000000000000000     
          56   9.0000000000000000     
          56   8.0000000000000000     
          56   9.0000000000000000     
          56   4.0000000000000000     
          56   10.000000000000000     
          56   3.0000000000000000     
          56   4.0000000000000000     
          56   9.0000000000000000     
          56   15.000000000000000     
          57   6.0000000000000000     
          57   13.000000000000000     
          57   9.0000000000000000     
          57   2.0000000000000000     
          57   8.0000000000000000     
          57   7.0000000000000000     
          58   16.000000000000000     
          58   5.0000000000000000     
          58   21.000000000000000     
          58   12.000000000000000     
          58   8.0000000000000000     
          58   3.0000000000000000     
          58   9.0000000000000000     
          59   10.000000000000000     
          59   5.0000000000000000     
          59   4.0000000000000000     
          60   5.0000000000000000     
          60   16.000000000000000     
          60   38.000000000000000     
          60   7.0000000000000000     
          60   11.000000000000000     
          60   18.000000000000000     
          60   19.000000000000000     
          61   9.0000000000000000     
          61   3.0000000000000000     
          61   14.000000000000000     
          62   5.0000000000000000     
          62   10.000000000000000     
          62   5.0000000000000000     
          62   26.000000000000000     
          62   7.0000000000000000     
          62   11.000000000000000     
          63   3.0000000000000000     
          63   10.000000000000000     
          63   6.0000000000000000     
          63   18.000000000000000     
          63   7.0000000000000000     
          63   11.000000000000000     
          63   6.0000000000000000     
          63   10.000000000000000     
          64   28.000000000000000     
          64   14.000000000000000     
          64   4.0000000000000000     
          64   23.000000000000000     
          64   6.0000000000000000     
          64   27.000000000000000     
          64   4.0000000000000000     
          64   11.000000000000000     
          65   9.0000000000000000     
          65   21.000000000000000     
          65   5.0000000000000000     
          65   3.0000000000000000     
          65   7.0000000000000000     
          65   10.000000000000000     
          65   15.000000000000000     
          65   11.000000000000000     
          65   1.0000000000000000     
          66   5.0000000000000000     
          66   10.000000000000000     
          66   52.000000000000000     
          66   9.0000000000000000     
          66   36.000000000000000     
          67   2.0000000000000000     
          67   11.000000000000000     
          67   21.000000000000000     
          67   3.0000000000000000     
          67   3.0000000000000000     
          67   14.000000000000000     
          67   12.000000000000000     
          67   15.000000000000000     
          67   5.0000000000000000     
          67   9.0000000000000000     
          68   5.0000000000000000     
          68   7.0000000000000000     
          68   19.000000000000000     
          69   4.0000000000000000     
          69   17.000000000000000     
          69   2.0000000000000000     
          69   5.0000000000000000     
          70   6.0000000000000000     
          70   9.0000000000000000     
          70   4.0000000000000000     
          70   15.000000000000000     
          70   8.0000000000000000     
          70   11.000000000000000     
          71   15.000000000000000     
          71   3.0000000000000000     
          72   24.000000000000000     
          72   3.0000000000000000     
          72   45.000000000000000     
          72   18.000000000000000     
          72   21.000000000000000     
          72   9.0000000000000000     
          73   15.000000000000000     
          73   18.000000000000000     
          73   9.0000000000000000     
          73   1.0000000000000000     
          74   8.0000000000000000     
          74   9.0000000000000000     
          74   14.000000000000000     
          75   7.0000000000000000     
          75   6.0000000000000000     
          75   6.0000000000000000     
          75   22.000000000000000     
          75   7.0000000000000000     
          75   9.0000000000000000     
          75   8.0000000000000000     
          75   44.000000000000000     
          76   7.0000000000000000     
          76   128.00000000000000     
          76   5.0000000000000000     
          76   16.000000000000000     
          76   10.000000000000000     
          76   4.0000000000000000     
          77   8.0000000000000000     
          77   10.000000000000000     
          77   12.000000000000000     
          77   20.000000000000000     
          77   31.000000000000000     
          77   8.0000000000000000     
          78   5.0000000000000000     
          78   50.000000000000000     
          78   30.000000000000000     
          79   4.0000000000000000     
          79   8.0000000000000000     
          79   12.000000000000000     
          80   15.000000000000000     
          80   6.0000000000000000     
          80   9.0000000000000000     
          81   5.0000000000000000     
          82   4.0000000000000000     
          82   6.0000000000000000     
          82   18.000000000000000     
          82   7.0000000000000000     
          82   16.000000000000000     
          82   16.000000000000000     
          82   41.000000000000000     
          82   14.000000000000000     
          82   17.000000000000000     
          82   6.0000000000000000     
          82   8.0000000000000000     
          83   3.0000000000000000     
          83   7.0000000000000000     
          83   3.0000000000000000     
          83   464.00000000000000     
          83   15.000000000000000     
          84   9.0000000000000000     
          84   7.0000000000000000     
          84   12.000000000000000     
          84   6.0000000000000000     
          84   4.0000000000000000     
          84   3.0000000000000000     
          84   16.000000000000000     
          84   8.0000000000000000     
          84   7.0000000000000000     
          85   9.0000000000000000     
          85   9.0000000000000000     
          85   5.0000000000000000     
          85   6.0000000000000000     
          85   6.0000000000000000     
          85   5.0000000000000000     
          85   8.0000000000000000     
          85   11.000000000000000     
          86   2.0000000000000000     
          86   2.0000000000000000     
          86   5.0000000000000000     
          86   4.0000000000000000     
          86   8.0000000000000000     
          86   3.0000000000000000     
          87   364.00000000000000     
          87   7.0000000000000000     
          87   5.0000000000000000     
          87   9.0000000000000000     
          87   15.000000000000000     
          87   11.000000000000000     
          87   5.0000000000000000     
          87   3.0000000000000000     
          87   12.000000000000000     
          87   8.0000000000000000     
          88   7.0000000000000000     
          88   19.000000000000000     
          88   16.000000000000000     
          88   6.0000000000000000     
          88   5.0000000000000000     
          89   3.0000000000000000     
          90   5.0000000000000000     
          90   8.0000000000000000     
          90   6.0000000000000000     
          90   4.0000000000000000     
          90   12.000000000000000     
          90   5.0000000000000000     
          90   32.000000000000000     
          91   5.0000000000000000     
          91   7.0000000000000000     
          91   21.000000000000000     
          91   27.000000000000000     
          91   22.000000000000000     
          91   13.000000000000000     
          91   6.0000000000000000     
          91   27.000000000000000     
          91   47.000000000000000     
          92   33.000000000000000     
          92   67.000000000000000     
          92   5.0000000000000000     
          92   13.000000000000000     
          92   5.0000000000000000     
          92   9.0000000000000000     
          93   13.000000000000000     
          93   620.00000000000000     
          93   4.0000000000000000     
          93   17.000000000000000     
          93   17.000000000000000     
          93   4.0000000000000000     
          94   19.000000000000000     
          94   5.0000000000000000     
          94   6.0000000000000000     
          94   287.00000000000000     
          94   9.0000000000000000     
          95   8.0000000000000000     
          95   7.0000000000000000     
          95   4.0000000000000000     
          95   3.0000000000000000     
