          96   2.0000000000000000     
          96   8.0000000000000000     
          96   5.0000000000000000     
          96   5.0000000000000000     
          96   4.0000000000000000     
          96   3.0000000000000000     
          97   4.0000000000000000     
          97   5.0000000000000000     
          97   13.000000000000000     
          97   5.0000000000000000     
          97   6.0000000000000000     
          97   2.0000000000000000     
          97   3.0000000000000000     
          98   5.0000000000000000     
          98   7.0000000000000000     
          98   1.0000000000000000     
          98   5.0000000000000000     
          99   3.0000000000000000     
          99   10.000000000000000     
          99   1.0000000000000000     
          99   4.0000000000000000     
         100   8.0000000000000000     
         100   7.0000000000000000     
         100   7.0000000000000000     
         100   6.0000000000000000     
         101   15.000000000000000     
         101   6.0000000000000000     
         101   2.0000000000000000     
         101   4.0000000000000000     
         102   3.0000000000000000     
         102   7.0000000000000000     
         103   10.000000000000000     
         103   10.000000000000000     
         103   15.000000000000000     
         103   2.0000000000000000     
         103   5.0000000000000000     
         103   6.0000000000000000     
         103   15.000000000000000     
         104   3.0000000000000000     
         104   8.0000000000000000     
         104   9.0000000000000000     
         104   6.0000000000000000     
         104   7.0000000000000000     
         105   6.0000000000000000     
         105   3.0000000000000000     
         105   2.0000000000000000     
         105   10.000000000000000     
         105   2.0000000000000000     
         106   8.0000000000000000     
         106   3.0000000000000000     
         106   20.000000000000000     
         106   9.0000000000000000     
         106   19.000000000000000     
         106   2.0000000000000000     
         106   5.0000000000000000     
         106   5.0000000000000000     
         106   12.000000000000000     
         106   4.0000000000000000     
         106   4.0000000000000000     
         107   4.0000000000000000     
         107   16.000000000000000     
         107   11.000000000000000     
         107   4.0000000000000000     
         107   4.0000000000000000     
         108   2.0000000000000000     
         108   7.0000000000000000     
         108   1.0000000000000000     
         109   2.0000000000000000     
         109   5.0000000000000000     
         109   4.0000000000000000     
         109   7.0000000000000000     
         109   5.0000000000000000     
         110   6.0000000000000000     
         110   5.0000000000000000     
         111   7.0000000000000000     
         111   3.0000000000000000     
         111   7.0000000000000000     
         111   3.0000000000000000     
         112   3.0000000000000000     
         112   7.0000000000000000     
         112   10.000000000000000     
         112   3.0000000000000000     
         112   1.0000000000000000     
         112   6.0000000000000000     
         112   6.0000000000000000     
         112   4.0000000000000000     
         113   13.000000000000000     
         113   5.0000000000000000     
         113   4.0000000000000000     
         113   6.0000000000000000     
         113   5.0000000000000000     
         113   16.000000000000000     
         114   6.0000000000000000     
         114   3.0000000000000000     
         114   5.0000000000000000     
         115   9.0000000000000000     
         115   5.0000000000000000     
         115   6.0000000000000000     
         115   10.000000000000000     
         116   2.0000000000000000     
         116   5.0000000000000000     
         116   7.0000000000000000     
         116   2.0000000000000000     
         116   5.0000000000000000     
         116   4.0000000000000000     
         116   5.0000000000000000     
         116   3.0000000000000000     
         116   4.0000000000000000     
         116   3.0000000000000000     
         116   4.0000000000000000     
         117   4.0000000000000000     
         117   11.000000000000000     
         117   7.0000000000000000     
         118   4.0000000000000000     
         118   5.0000000000000000     
         118   5.0000000000000000     
         118   3.0000000000000000     
         119   5.0000000000000000     
         119   3.0000000000000000     
         119   15.000000000000000     
         119   7.0000000000000000     
         119   4.0000000000000000     
         119   4.0000000000000000     
         120   3.0000000000000000     
         120   1.0000000000000000     
         120   10.000000000000000     
         120   11.000000000000000     
         120   15.000000000000000     
         120   8.0000000000000000     
         120   4.0000000000000000     
         121   3.0000000000000000     
         121   4.0000000000000000     
         121   7.0000000000000000     
         121   9.0000000000000000     
         121   16.000000000000000     
         122   4.0000000000000000     
         122   4.0000000000000000     
         122   3.0000000000000000     
         122   48.000000000000000     
         122   5.0000000000000000     
         122   4.0000000000000000     
         123   2.0000000000000000     
         123   2.0000000000000000     
         123   5.0000000000000000     
         123   5.0000000000000000     
         123   5.0000000000000000     
         123   8.0000000000000000     
         123   3.0000000000000000     
         124   11.000000000000000     
         124   7.0000000000000000     
         124   4.0000000000000000     
         124   10.000000000000000     
         125   9.0000000000000000     
         125   3.0000000000000000     
         125   5.0000000000000000     
         125   4.0000000000000000     
         125   2.0000000000000000     
         125   16.000000000000000     
         125   6.0000000000000000     
         125   4.0000000000000000     
         126   7.0000000000000000     
         126   3.0000000000000000     
         126   4.0000000000000000     
         126   21.000000000000000     
         126   2.0000000000000000     
         126   12.000000000000000     
         127   18.000000000000000     
         127   3.0000000000000000     
         127   14.000000000000000     
         128   4.0000000000000000     
         128   5.0000000000000000     
         128   25.000000000000000     
         128   3.0000000000000000     
         128   6.0000000000000000     
         128   5.0000000000000000     
         128   3.0000000000000000     
         129   8.0000000000000000     
         129   4.0000000000000000     
         129   11.000000000000000     
         130   6.0000000000000000     
         130   6.0000000000000000     
         130   8.0000000000000000     
         130   1.0000000000000000     
         130   9.0000000000000000     
         130   4.0000000000000000     
         130   5.0000000000000000     
         130   6.0000000000000000     
         130   5.0000000000000000     
         131   4.0000000000000000     
         131   9.0000000000000000     
         131   7.0000000000000000     
         131   12.000000000000000     
         131   4.0000000000000000     
         132   3.0000000000000000     
         132   7.0000000000000000     
         132   6.0000000000000000     
         132   10.000000000000000     
         132   8.0000000000000000     
         133   6.0000000000000000     
         133   7.0000000000000000     
         133   21.000000000000000     
         133   16.000000000000000     
         133   3.0000000000000000     
         133   3.0000000000000000     
         134   20.000000000000000     
         134   10.000000000000000     
         134   3.0000000000000000     
         134   8.0000000000000000     
         134   17.000000000000000     
         134   10.000000000000000     
         135   9.0000000000000000     
         135   8.0000000000000000     
         135   3.0000000000000000     
         135   4.0000000000000000     
         136   14.000000000000000     
         136   7.0000000000000000     
         137   4.0000000000000000     
         137   3.0000000000000000     
         137   3.0000000000000000     
         137   9.0000000000000000     
         137   5.0000000000000000     
         138   3.0000000000000000     
         138   6.0000000000000000     
         138   15.000000000000000     
         138   1.0000000000000000     
         138   14.000000000000000     
         138   9.0000000000000000     
         138   3.0000000000000000     
         139   11.000000000000000     
         139   9.0000000000000000     
         139   11.000000000000000     
         139   3.0000000000000000     
         139   4.0000000000000000     
         140   13.000000000000000     
         140   6.0000000000000000     
         140   31.000000000000000     
         140   6.0000000000000000     
         140   2.0000000000000000     
         140   4.0000000000000000     
         140   4.0000000000000000     
         140   8.0000000000000000     
         140   16.000000000000000     
         140   2.0000000000000000     
         140   4.0000000000000000     
         140   8.0000000000000000     
         140   4.0000000000000000     
         140   5.0000000000000000     
         141   6.0000000000000000     
         141   4.0000000000000000     
         141   10.000000000000000     
         141   13.000000000000000     
         141   8.0000000000000000     
         141   7.0000000000000000     
         142   5.0000000000000000     
         142   6.0000000000000000     
         142   11.000000000000000     
         142   5.0000000000000000     
         143   5.0000000000000000     
         143   5.0000000000000000     
         143   5.0000000000000000     
         143   3.0000000000000000     
         144   3.0000000000000000     
         144   6.0000000000000000     
         145   3.0000000000000000     
         145   8.0000000000000000     
         145   3.0000000000000000     
         145   33.000000000000000     
         145   8.0000000000000000     
         146   6.0000000000000000     
         146   3.0000000000000000     
         146   3.0000000000000000     
         146   7.0000000000000000     
         146   12.000000000000000     
         147   6.0000000000000000     
         147   1.0000000000000000     
         147   5.0000000000000000     
         148   10.000000000000000     
         148   7.0000000000000000     
         149   8.0000000000000000     
         150   4.0000000000000000     
         150   5.0000000000000000     
         150   9.0000000000000000     
         150   2.0000000000000000     
         150   2.0000000000000000     
         150   3.0000000000000000     
         150   4.0000000000000000     
         150   5.0000000000000000     
         151   6.0000000000000000     
         151   9.0000000000000000     
         151   4.0000000000000000     
         151   5.0000000000000000     
         151   5.0000000000000000     
         151   3.0000000000000000     
         151   3.0000000000000000     
         152   4.0000000000000000     
         152   5.0000000000000000     
         152   5.0000000000000000     
         152   4.0000000000000000     
         153   5.0000000000000000     
         153   3.0000000000000000     
         153   6.0000000000000000     
         153   5.0000000000000000     
         153   8.0000000000000000     
         153   5.0000000000000000     
         153   5.0000000000000000     
         153   5.0000000000000000     
         154   14.000000000000000     
         154   6.0000000000000000     
         155   5.0000000000000000     
         155   4.0000000000000000     
         156   5.0000000000000000     
         156   2.0000000000000000     
         156   4.0000000000000000     
         156   4.0000000000000000     
         156   7.0000000000000000     
         156   3.0000000000000000     
         156   7.0000000000000000     
         156   22.000000000000000     
         157   2.0000000000000000     
         157   5.0000000000000000     
         157   6.0000000000000000     
         157   10.000000000000000     
         157   2.0000000000000000     
         157   7.0000000000000000     
         157   4.0000000000000000     
         157   10.000000000000000     
