50.00 3.08544e-07
100.00 4.18768e-07
150.00 3.26521e-07
200.00 1.53846e-07
250.00 2.58278e-08
300.00 3.75267e-08
350.00 3.30803e-07
400.00 5.80959e-07
450.00 3.37448e-07
500.00 2.17027e-07
550.00 6.49381e-07
600.00 7.90644e-07
650.00 3.26741e-07
700.00 2.96592e-07
750.00 8.59661e-07
800.00 1.25873e-06
850.00 1.51798e-06
900.00 1.20645e-06
950.00 1.09542e-06
1000.00 1.35502e-06
1050.00 1.30844e-06
1100.00 9.71157e-07
1150.00 6.90087e-07
1200.00 8.94369e-07
1250.00 9.33272e-07
1300.00 8.93739e-07
1350.00 1.43694e-06
1400.00 1.91689e-06
1450.00 2.04213e-06
1500.00 2.4169e-06
1550.00 2.48734e-06
1600.00 2.03706e-06
1650.00 1.46534e-06
1700.00 1.29932e-06
1750.00 1.49232e-06
1800.00 1.71372e-06
1850.00 1.7585e-06
1900.00 1.5819e-06
1950.00 1.7458e-06
2000.00 1.91474e-06
2050.00 2.0074e-06
2100.00 2.00085e-06
2150.00 2.0697e-06
2200.00 2.46039e-06
2250.00 2.87527e-06
2300.00 3.05677e-06
2350.00 2.85692e-06
2400.00 2.75345e-06
2450.00 2.46149e-06
2500.00 2.35943e-06
2550.00 2.40472e-06
2600.00 2.35898e-06
2650.00 2.58173e-06
2700.00 2.17888e-06
2750.00 1.8794e-06
2800.00 2.10081e-06
2850.00 2.21604e-06
2900.00 2.07527e-06
2950.00 2.23737e-06
3000.00 2.66144e-06
3050.00 2.55488e-06
3100.00 2.48397e-06
3150.00 2.27402e-06
3200.00 1.7787e-06
3250.00 1.64577e-06
3300.00 2.34441e-06
3350.00 3.16539e-06
3400.00 3.50344e-06
3450.00 3.77582e-06
3500.00 3.96182e-06
3550.00 3.84015e-06
3600.00 3.39263e-06
3650.00 3.02035e-06
3700.00 3.35311e-06
3750.00 3.91892e-06
3800.00 4.10593e-06
3850.00 4.39098e-06
3900.00 4.4135e-06
3950.00 4.21496e-06
4000.00 4.03042e-06
4050.00 3.48123e-06
4100.00 2.97098e-06
4150.00 3.0479e-06
4200.00 3.21053e-06
4250.00 2.95979e-06
4300.00 3.19273e-06
4350.00 3.8791e-06
4400.00 3.93803e-06
4450.00 3.67805e-06
4500.00 3.83427e-06
4550.00 4.10112e-06
4600.00 4.13491e-06
4650.00 4.09226e-06
4700.00 4.17129e-06
4750.00 4.49388e-06
4800.00 4.5895e-06
4850.00 4.28467e-06
4900.00 4.49304e-06
4950.00 4.87274e-06
5000.00 4.95115e-06
5050.00 5.12627e-06
5100.00 5.00402e-06
5150.00 4.88156e-06
5200.00 5.24585e-06
5250.00 5.57133e-06
5300.00 5.89458e-06
5350.00 6.08291e-06
5400.00 5.72002e-06
5450.00 5.46933e-06
5500.00 5.42963e-06
5550.00 5.54332e-06
5600.00 5.803e-06
5650.00 5.88281e-06
5700.00 5.41895e-06
5750.00 5.404e-06
5800.00 5.89762e-06
5850.00 5.95628e-06
5900.00 5.94372e-06
5950.00 5.77207e-06
6000.00 5.40735e-06
6050.00 5.19903e-06
6100.00 5.22505e-06
6150.00 4.89267e-06
6200.00 4.94001e-06
6250.00 5.07775e-06
6300.00 4.73771e-06
6350.00 4.56337e-06
6400.00 4.50375e-06
6450.00 4.38684e-06
6500.00 4.37243e-06
6550.00 4.40468e-06
6600.00 4.04177e-06
6650.00 3.97146e-06
6700.00 4.38719e-06
6750.00 4.64354e-06
6800.00 4.70533e-06
6850.00 4.83974e-06
6900.00 5.03289e-06
6950.00 5.17067e-06
7000.00 5.03782e-06
7050.00 4.741e-06
7100.00 4.93692e-06
7150.00 4.9753e-06
7200.00 4.93129e-06
7250.00 5.36383e-06
7300.00 5.51198e-06
7350.00 5.2635e-06
7400.00 4.90416e-06
7450.00 4.80347e-06
7500.00 4.77692e-06
7550.00 4.98596e-06
7600.00 5.15033e-06
7650.00 5.19518e-06
7700.00 4.96823e-06
7750.00 4.44204e-06
7800.00 4.56441e-06
7850.00 4.93005e-06
7900.00 4.97315e-06
7950.00 4.98517e-06
8000.00 5.23044e-06
8050.00 5.3493e-06
8100.00 5.07054e-06
8150.00 4.90541e-06
8200.00 5.01539e-06
8250.00 4.9648e-06
8300.00 5.09777e-06
8350.00 5.43316e-06
8400.00 5.49679e-06
8450.00 5.16638e-06
8500.00 5.01848e-06
8550.00 5.03068e-06
8600.00 5.13788e-06
8650.00 4.9293e-06
8700.00 4.17216e-06
8750.00 4.12149e-06
8800.00 4.49874e-06
8850.00 4.79274e-06
8900.00 5.0637e-06
8950.00 5.10075e-06
9000.00 4.93305e-06
9050.00 4.87081e-06
9100.00 4.94342e-06
9150.00 5.26295e-06
9200.00 5.71425e-06
9250.00 5.94439e-06
9300.00 6.03212e-06
9350.00 6.08839e-06
9400.00 6.19396e-06
9450.00 6.366e-06
9500.00 6.26924e-06
9550.00 6.19126e-06
9600.00 6.41961e-06
9650.00 6.81187e-06
9700.00 6.76733e-06
9750.00 6.3647e-06
9800.00 6.38116e-06
9850.00 6.38297e-06
9900.00 6.3948e-06
9950.00 6.77785e-06
10000.00 7.43315e-06
10050.00 7.75754e-06
10100.00 7.58635e-06
10150.00 7.17823e-06
10200.00 6.99726e-06
10250.00 7.30842e-06
10300.00 7.67532e-06
10350.00 8.07009e-06
10400.00 8.09304e-06
10450.00 7.64488e-06
10500.00 7.40421e-06
10550.00 7.67968e-06
10600.00 7.8487e-06
10650.00 7.89205e-06
10700.00 8.13257e-06
10750.00 8.16214e-06
10800.00 8.13026e-06
10850.00 8.65469e-06
10900.00 9.35041e-06
10950.00 9.2866e-06
11000.00 9.00989e-06
11050.00 9.01635e-06
11100.00 8.68541e-06
11150.00 8.39695e-06
11200.00 8.43304e-06
11250.00 8.85418e-06
11300.00 9.02468e-06
11350.00 8.72965e-06
11400.00 8.83381e-06
11450.00 8.93542e-06
11500.00 8.60317e-06
11550.00 8.26115e-06
11600.00 8.15877e-06
11650.00 7.98888e-06
11700.00 7.82039e-06
11750.00 7.90051e-06
11800.00 8.50324e-06
11850.00 8.8951e-06
11900.00 8.62048e-06
11950.00 8.52144e-06
12000.00 8.80984e-06
12050.00 8.84918e-06
12100.00 8.57809e-06
12150.00 8.66554e-06
12200.00 8.88278e-06
12250.00 8.96325e-06
12300.00 9.00715e-06
12350.00 9.1517e-06
12400.00 9.06995e-06
12450.00 8.58204e-06
12500.00 8.29814e-06
12550.00 8.24529e-06
12600.00 8.70066e-06
12650.00 9.16505e-06
12700.00 9.29226e-06
12750.00 9.38472e-06
12800.00 9.56619e-06
12850.00 9.58167e-06
12900.00 9.4273e-06
12950.00 9.39471e-06
13000.00 9.43108e-06
13050.00 9.64911e-06
13100.00 9.58715e-06
13150.00 9.42939e-06
13200.00 9.17106e-06
13250.00 8.66438e-06
13300.00 8.54468e-06
13350.00 9.0229e-06
13400.00 9.48972e-06
13450.00 9.77764e-06
13500.00 1.01952e-05
13550.00 1.02407e-05
13600.00 1.02609e-05
13650.00 1.09234e-05
13700.00 1.14287e-05
13750.00 1.1384e-05
13800.00 1.14521e-05
13850.00 1.13114e-05
13900.00 1.12866e-05
13950.00 1.16611e-05
14000.00 1.16868e-05
14050.00 1.16969e-05
14100.00 1.16376e-05
14150.00 1.13616e-05
14200.00 1.13738e-05
14250.00 1.17914e-05
14300.00 1.19184e-05
14350.00 1.21079e-05
14400.00 1.22425e-05
14450.00 1.21326e-05
14500.00 1.20119e-05
14550.00 1.18687e-05
14600.00 1.21765e-05
14650.00 1.25611e-05
14700.00 1.29087e-05
14750.00 1.27134e-05
14800.00 1.21407e-05
14850.00 1.18537e-05
14900.00 1.2105e-05
14950.00 1.2244e-05
15000.00 1.22175e-05
15050.00 1.21184e-05
15100.00 1.19408e-05
15150.00 1.20898e-05
15200.00 1.23244e-05
15250.00 1.28748e-05
15300.00 1.32842e-05
15350.00 1.36326e-05
15400.00 1.37195e-05
15450.00 1.35452e-05
15500.00 1.34525e-05
15550.00 1.35741e-05
15600.00 1.39652e-05
15650.00 1.40369e-05
15700.00 1.41075e-05
15750.00 1.45941e-05
15800.00 1.49317e-05
15850.00 1.51145e-05
15900.00 1.48047e-05
15950.00 1.46479e-05
16000.00 1.53072e-05
16050.00 1.55973e-05
16100.00 1.53323e-05
16150.00 1.53121e-05
16200.00 1.55957e-05
16250.00 1.53561e-05
16300.00 1.49386e-05
16350.00 1.46135e-05
16400.00 1.47381e-05
16450.00 1.54409e-05
16500.00 1.59298e-05
16550.00 1.59316e-05
16600.00 1.55785e-05
16650.00 1.5486e-05
16700.00 1.56856e-05
16750.00 1.62017e-05
16800.00 1.66194e-05
16850.00 1.67838e-05
16900.00 1.72284e-05
16950.00 1.73198e-05
17000.00 1.73315e-05
17050.00 1.74483e-05
17100.00 1.74907e-05
17150.00 1.76878e-05
17200.00 1.7619e-05
17250.00 1.71071e-05
17300.00 1.72658e-05
17350.00 1.73005e-05
17400.00 1.70367e-05
17450.00 1.71296e-05
17500.00 1.67782e-05
17550.00 1.66962e-05
17600.00 1.69402e-05
17650.00 1.71066e-05
17700.00 1.75125e-05
17750.00 1.78561e-05
17800.00 1.77463e-05
17850.00 1.79044e-05
17900.00 1.83031e-05
17950.00 1.82783e-05
18000.00 1.83255e-05
18050.00 1.83229e-05
18100.00 1.8569e-05
18150.00 1.87128e-05
18200.00 1.86068e-05
18250.00 1.89377e-05
18300.00 1.9127e-05
18350.00 1.90993e-05
18400.00 1.92664e-05
18450.00 1.93232e-05
18500.00 1.9235e-05
18550.00 1.92612e-05
18600.00 1.94432e-05
18650.00 1.9533e-05
18700.00 1.932e-05
18750.00 1.92303e-05
18800.00 1.95318e-05
18850.00 1.99784e-05
18900.00 2.04574e-05
18950.00 2.05127e-05
19000.00 2.01627e-05
19050.00 1.98974e-05
19100.00 1.96471e-05
19150.00 2.0023e-05
19200.00 2.05315e-05
19250.00 2.05543e-05
19300.00 2.02057e-05
19350.00 1.99326e-05
19400.00 2.00871e-05
19450.00 2.02718e-05
19500.00 1.99478e-05
19550.00 1.99431e-05
19600.00 2.061e-05
19650.00 2.10606e-05
19700.00 2.1475e-05
19750.00 2.13982e-05
19800.00 2.11527e-05
19850.00 2.1196e-05
19900.00 2.14908e-05
19950.00 2.19218e-05
20000.00 2.15514e-05
20050.00 2.09947e-05
20100.00 2.09872e-05
20150.00 2.10621e-05
20200.00 2.12307e-05
20250.00 2.12817e-05
20300.00 2.07694e-05
20350.00 2.01744e-05
20400.00 2.02284e-05
20450.00 2.09181e-05
20500.00 2.1325e-05
20550.00 2.16496e-05
20600.00 2.13011e-05
20650.00 2.09116e-05
20700.00 2.14945e-05
20750.00 2.16618e-05
20800.00 2.15113e-05
20850.00 2.14038e-05
20900.00 2.10555e-05
20950.00 2.10162e-05
21000.00 2.13172e-05
21050.00 2.10404e-05
21100.00 2.14282e-05
21150.00 2.22308e-05
21200.00 2.21278e-05
21250.00 2.21505e-05
21300.00 2.27039e-05
21350.00 2.26727e-05
21400.00 2.21369e-05
21450.00 2.17586e-05
21500.00 2.12363e-05
21550.00 2.10402e-05
21600.00 2.15865e-05
21650.00 2.21947e-05
21700.00 2.20581e-05
21750.00 2.18798e-05
21800.00 2.20925e-05
21850.00 2.24038e-05
21900.00 2.25435e-05
21950.00 2.22055e-05
22000.00 2.24511e-05
22050.00 2.28232e-05
22100.00 2.2616e-05
22150.00 2.22305e-05
22200.00 2.19301e-05
22250.00 2.18281e-05
22300.00 2.18117e-05
22350.00 2.1647e-05
22400.00 2.17218e-05
22450.00 2.15163e-05
22500.00 2.11678e-05
22550.00 2.14595e-05
22600.00 2.16773e-05
22650.00 2.18445e-05
22700.00 2.20017e-05
22750.00 2.18312e-05
22800.00 2.17116e-05
22850.00 2.18441e-05
22900.00 2.18622e-05
22950.00 2.18011e-05
23000.00 2.17838e-05
23050.00 2.20464e-05
23100.00 2.25199e-05
23150.00 2.28699e-05
23200.00 2.33163e-05
23250.00 2.35027e-05
23300.00 2.35743e-05
23350.00 2.40087e-05
23400.00 2.42681e-05
23450.00 2.40917e-05
23500.00 2.35588e-05
23550.00 2.3098e-05
23600.00 2.30994e-05
23650.00 2.32465e-05
23700.00 2.33459e-05
23750.00 2.35073e-05
23800.00 2.35502e-05
23850.00 2.36095e-05
23900.00 2.36614e-05
23950.00 2.36757e-05
24000.00 2.35417e-05
24050.00 2.36818e-05
24100.00 2.37777e-05
24150.00 2.37785e-05
24200.00 2.38079e-05
24250.00 2.34452e-05
24300.00 2.34516e-05
24350.00 2.36313e-05
24400.00 2.36879e-05
24450.00 2.3878e-05
24500.00 2.4014e-05
24550.00 2.39326e-05
24600.00 2.37768e-05
24650.00 2.39745e-05
24700.00 2.39937e-05
24750.00 2.40363e-05
24800.00 2.4275e-05
24850.00 2.43899e-05
24900.00 2.48804e-05
24950.00 2.45818e-05
25000.00 2.36523e-05
25050.00 2.32975e-05
25100.00 2.33001e-05
25150.00 2.31624e-05
25200.00 2.31482e-05
25250.00 2.30893e-05
25300.00 2.29423e-05
25350.00 2.32653e-05
25400.00 2.33259e-05
25450.00 2.34686e-05
25500.00 2.42264e-05
25550.00 2.44366e-05
25600.00 2.43502e-05
25650.00 2.4434e-05
25700.00 2.42188e-05
25750.00 2.41352e-05
25800.00 2.41513e-05
25850.00 2.46981e-05
25900.00 2.54198e-05
25950.00 2.5544e-05
26000.00 2.55213e-05
26050.00 2.54859e-05
26100.00 2.51726e-05
26150.00 2.47552e-05
26200.00 2.4778e-05
26250.00 2.47527e-05
26300.00 2.45832e-05
26350.00 2.46524e-05
26400.00 2.4783e-05
26450.00 2.47851e-05
26500.00 2.46712e-05
26550.00 2.44693e-05
26600.00 2.44597e-05
26650.00 2.43596e-05
26700.00 2.41713e-05
26750.00 2.45242e-05
26800.00 2.46473e-05
26850.00 2.43354e-05
26900.00 2.44029e-05
26950.00 2.47627e-05
27000.00 2.46796e-05
27050.00 2.42004e-05
27100.00 2.39905e-05
27150.00 2.39828e-05
27200.00 2.3925e-05
27250.00 2.43242e-05
27300.00 2.46312e-05
27350.00 2.44335e-05
27400.00 2.44119e-05
27450.00 2.4715e-05
27500.00 2.47415e-05
27550.00 2.4621e-05
27600.00 2.48213e-05
27650.00 2.46889e-05
27700.00 2.45222e-05
27750.00 2.46025e-05
27800.00 2.41737e-05
27850.00 2.44435e-05
27900.00 2.50248e-05
27950.00 2.47461e-05
28000.00 2.44267e-05
28050.00 2.43764e-05
28100.00 2.4377e-05
28150.00 2.44956e-05
28200.00 2.48549e-05
28250.00 2.50649e-05
28300.00 2.5248e-05
28350.00 2.51926e-05
28400.00 2.50078e-05
28450.00 2.49607e-05
28500.00 2.48683e-05
28550.00 2.50395e-05
28600.00 2.49149e-05
28650.00 2.47692e-05
28700.00 2.50405e-05
28750.00 2.50349e-05
28800.00 2.47117e-05
28850.00 2.45648e-05
28900.00 2.48605e-05
28950.00 2.49029e-05
29000.00 2.44691e-05
29050.00 2.43186e-05
29100.00 2.46353e-05
29150.00 2.50126e-05
29200.00 2.53731e-05
29250.00 2.52152e-05
29300.00 2.45808e-05
29350.00 2.49358e-05
29400.00 2.58668e-05
29450.00 2.60464e-05
29500.00 2.5963e-05
29550.00 2.5966e-05
29600.00 2.57794e-05
29650.00 2.58511e-05
29700.00 2.62571e-05
29750.00 2.65467e-05
29800.00 2.66693e-05
29850.00 2.62014e-05
29900.00 2.55534e-05
29950.00 2.54467e-05
30000.00 2.57791e-05
30050.00 2.61307e-05
30100.00 2.62324e-05
30150.00 2.62713e-05
30200.00 2.59489e-05
30250.00 2.5638e-05
30300.00 2.59568e-05
30350.00 2.63193e-05
30400.00 2.66815e-05
30450.00 2.64901e-05
30500.00 2.617e-05
30550.00 2.65844e-05
30600.00 2.69786e-05
30650.00 2.70703e-05
30700.00 2.72524e-05
30750.00 2.74159e-05
30800.00 2.75885e-05
30850.00 2.77821e-05
30900.00 2.79349e-05
30950.00 2.80223e-05
31000.00 2.7713e-05
31050.00 2.76708e-05
31100.00 2.79228e-05
31150.00 2.80298e-05
31200.00 2.80846e-05
31250.00 2.80457e-05
31300.00 2.83834e-05
31350.00 2.88575e-05
31400.00 2.9234e-05
31450.00 2.94793e-05
31500.00 2.94144e-05
31550.00 2.97735e-05
31600.00 3.01842e-05
31650.00 3.01544e-05
31700.00 2.96383e-05
31750.00 2.91282e-05
31800.00 2.88827e-05
31850.00 2.86294e-05
31900.00 2.85688e-05
31950.00 2.87009e-05
32000.00 2.8675e-05
32050.00 2.87974e-05
32100.00 2.9112e-05
32150.00 2.91505e-05
32200.00 2.9165e-05
32250.00 2.95414e-05
32300.00 2.96723e-05
32350.00 2.95745e-05
32400.00 2.97351e-05
32450.00 2.98255e-05
32500.00 2.99011e-05
32550.00 3.00324e-05
32600.00 3.01011e-05
32650.00 2.99575e-05
32700.00 2.99344e-05
32750.00 2.9587e-05
32800.00 2.93174e-05
32850.00 2.96223e-05
32900.00 2.98551e-05
32950.00 3.00337e-05
33000.00 3.00509e-05
33050.00 2.99692e-05
33100.00 3.01889e-05
33150.00 3.02718e-05
33200.00 3.02143e-05
33250.00 3.04176e-05
33300.00 3.03695e-05
33350.00 3.03027e-05
33400.00 3.06413e-05
33450.00 3.09534e-05
33500.00 3.11472e-05
33550.00 3.12287e-05
33600.00 3.12997e-05
33650.00 3.14016e-05
33700.00 3.15285e-05
33750.00 3.1712e-05
33800.00 3.20697e-05
33850.00 3.25623e-05
33900.00 3.27995e-05
33950.00 3.27544e-05
34000.00 3.26108e-05
34050.00 3.22506e-05
34100.00 3.19116e-05
34150.00 3.18734e-05
34200.00 3.21033e-05
34250.00 3.2657e-05
34300.00 3.30142e-05
34350.00 3.28483e-05
34400.00 3.22858e-05
34450.00 3.22602e-05
34500.00 3.26196e-05
34550.00 3.27228e-05
34600.00 3.28756e-05
34650.00 3.29799e-05
34700.00 3.31598e-05
34750.00 3.32313e-05
34800.00 3.29647e-05
34850.00 3.27409e-05
34900.00 3.27835e-05
34950.00 3.30127e-05
35000.00 3.28831e-05
35050.00 3.26277e-05
35100.00 3.26616e-05
35150.00 3.25972e-05
35200.00 3.2847e-05
35250.00 3.31363e-05
35300.00 3.31558e-05
35350.00 3.37363e-05
35400.00 3.42441e-05
35450.00 3.4202e-05
35500.00 3.3878e-05
35550.00 3.35035e-05
35600.00 3.3609e-05
35650.00 3.3503e-05
35700.00 3.31459e-05
35750.00 3.30116e-05
35800.00 3.30373e-05
35850.00 3.30602e-05
35900.00 3.30445e-05
35950.00 3.2918e-05
36000.00 3.30509e-05
36050.00 3.32276e-05
36100.00 3.31464e-05
36150.00 3.33536e-05
36200.00 3.36234e-05
36250.00 3.38382e-05
36300.00 3.36572e-05
36350.00 3.33487e-05
36400.00 3.32756e-05
36450.00 3.32267e-05
36500.00 3.34019e-05
36550.00 3.3344e-05
36600.00 3.31417e-05
36650.00 3.26442e-05
36700.00 3.21086e-05
36750.00 3.22955e-05
36800.00 3.2362e-05
36850.00 3.25762e-05
36900.00 3.30443e-05
36950.00 3.31259e-05
37000.00 3.3213e-05
37050.00 3.34273e-05
37100.00 3.34967e-05
37150.00 3.36233e-05
37200.00 3.34978e-05
37250.00 3.30888e-05
37300.00 3.35673e-05
37350.00 3.41513e-05
37400.00 3.38381e-05
37450.00 3.35435e-05
37500.00 3.35917e-05
37550.00 3.38766e-05
37600.00 3.39624e-05
37650.00 3.38285e-05
37700.00 3.41376e-05
37750.00 3.41214e-05
37800.00 3.37578e-05
37850.00 3.40808e-05
37900.00 3.42498e-05
37950.00 3.4049e-05
38000.00 3.46904e-05
38050.00 3.52623e-05
38100.00 3.51496e-05
38150.00 3.50876e-05
38200.00 3.5212e-05
38250.00 3.55799e-05
38300.00 3.60902e-05
38350.00 3.63087e-05
38400.00 3.63749e-05
38450.00 3.67681e-05
38500.00 3.71506e-05
38550.00 3.72052e-05
38600.00 3.71433e-05
38650.00 3.71088e-05
38700.00 3.71003e-05
38750.00 3.73932e-05
38800.00 3.7559e-05
38850.00 3.76213e-05
38900.00 3.79454e-05
38950.00 3.80413e-05
39000.00 3.80061e-05
39050.00 3.84032e-05
39100.00 3.82925e-05
39150.00 3.78008e-05
39200.00 3.79059e-05
39250.00 3.86261e-05
39300.00 3.9044e-05
39350.00 3.88778e-05
39400.00 3.8677e-05
39450.00 3.87461e-05
39500.00 3.9226e-05
39550.00 3.93145e-05
39600.00 3.89285e-05
39650.00 3.86251e-05
39700.00 3.86531e-05
39750.00 3.93039e-05
39800.00 3.94899e-05
39850.00 3.92619e-05
39900.00 3.97807e-05
39950.00 3.99611e-05
40000.00 3.93738e-05
40050.00 3.94322e-05
40100.00 3.98411e-05
40150.00 4.01959e-05
40200.00 4.01208e-05
40250.00 3.9504e-05
40300.00 3.91274e-05
40350.00 3.87427e-05
40400.00 3.89993e-05
40450.00 3.93157e-05
40500.00 3.94592e-05
40550.00 3.96534e-05
40600.00 3.95867e-05
40650.00 3.9542e-05
40700.00 3.9641e-05
40750.00 3.9841e-05
40800.00 3.95192e-05
40850.00 3.91748e-05
40900.00 3.91801e-05
40950.00 3.90625e-05
41000.00 3.91768e-05
41050.00 3.95076e-05
41100.00 3.96743e-05
41150.00 3.99573e-05
41200.00 4.01346e-05
41250.00 3.9736e-05
41300.00 3.93859e-05
41350.00 3.93655e-05
41400.00 3.98661e-05
41450.00 4.04438e-05
41500.00 4.03385e-05
41550.00 3.98146e-05
41600.00 3.98528e-05
41650.00 4.05348e-05
41700.00 4.04958e-05
41750.00 3.99863e-05
41800.00 3.99982e-05
41850.00 4.00927e-05
41900.00 3.98992e-05
41950.00 3.96721e-05
42000.00 3.95965e-05
42050.00 3.99124e-05
42100.00 4.02686e-05
42150.00 4.04033e-05
42200.00 4.09149e-05
42250.00 4.14487e-05
42300.00 4.15697e-05
42350.00 4.11411e-05
42400.00 4.10465e-05
42450.00 4.12393e-05
42500.00 4.12298e-05
42550.00 4.16561e-05
42600.00 4.18045e-05
42650.00 4.1674e-05
42700.00 4.16976e-05
42750.00 4.17171e-05
42800.00 4.17556e-05
42850.00 4.19644e-05
42900.00 4.25832e-05
42950.00 4.24858e-05
43000.00 4.14648e-05
43050.00 4.13019e-05
43100.00 4.1508e-05
43150.00 4.16976e-05
43200.00 4.19302e-05
43250.00 4.17099e-05
43300.00 4.18347e-05
43350.00 4.19107e-05
43400.00 4.18701e-05
43450.00 4.20736e-05
43500.00 4.22552e-05
43550.00 4.22535e-05
43600.00 4.24556e-05
43650.00 4.2647e-05
43700.00 4.25879e-05
43750.00 4.24274e-05
43800.00 4.22535e-05
43850.00 4.22165e-05
43900.00 4.20366e-05
43950.00 4.19424e-05
44000.00 4.20419e-05
44050.00 4.22115e-05
44100.00 4.23302e-05
44150.00 4.2524e-05
44200.00 4.2209e-05
44250.00 4.18444e-05
44300.00 4.19121e-05
44350.00 4.20114e-05
44400.00 4.18279e-05
44450.00 4.15868e-05
44500.00 4.16237e-05
44550.00 4.15055e-05
44600.00 4.12582e-05
44650.00 4.16785e-05
44700.00 4.22324e-05
44750.00 4.22931e-05
44800.00 4.25194e-05
44850.00 4.28605e-05
44900.00 4.32802e-05
44950.00 4.38464e-05
45000.00 4.43958e-05
45050.00 4.45038e-05
45100.00 4.45898e-05
45150.00 4.44272e-05
45200.00 4.44607e-05
45250.00 4.4593e-05
45300.00 4.44426e-05
45350.00 4.45821e-05
45400.00 4.46274e-05
45450.00 4.46435e-05
45500.00 4.45315e-05
45550.00 4.4524e-05
45600.00 4.48383e-05
45650.00 4.49888e-05
45700.00 4.53117e-05
45750.00 4.6025e-05
45800.00 4.54174e-05
45850.00 4.4568e-05
45900.00 4.4479e-05
45950.00 4.39592e-05
46000.00 4.3589e-05
46050.00 4.3798e-05
46100.00 4.4613e-05
46150.00 4.48001e-05
46200.00 4.41167e-05
46250.00 4.42686e-05
46300.00 4.47808e-05
46350.00 4.50546e-05
46400.00 4.55695e-05
46450.00 4.57265e-05
46500.00 4.54215e-05
46550.00 4.55541e-05
46600.00 4.56478e-05
46650.00 4.51791e-05
46700.00 4.49905e-05
46750.00 4.5101e-05
46800.00 4.50858e-05
46850.00 4.49458e-05
46900.00 4.44904e-05
46950.00 4.39e-05
47000.00 4.37861e-05
47050.00 4.37801e-05
47100.00 4.36357e-05
47150.00 4.36883e-05
47200.00 4.382e-05
47250.00 4.38417e-05
47300.00 4.40905e-05
47350.00 4.41544e-05
47400.00 4.39012e-05
47450.00 4.38001e-05
47500.00 4.39895e-05
47550.00 4.40323e-05
47600.00 4.34653e-05
47650.00 4.33453e-05
47700.00 4.3639e-05
47750.00 4.40454e-05
47800.00 4.43516e-05
47850.00 4.43942e-05
47900.00 4.42659e-05
47950.00 4.43975e-05
48000.00 4.45189e-05
48050.00 4.41088e-05
48100.00 4.40513e-05
48150.00 4.42396e-05
48200.00 4.40914e-05
48250.00 4.37643e-05
48300.00 4.39279e-05
48350.00 4.42832e-05
48400.00 4.40561e-05
48450.00 4.36594e-05
48500.00 4.35624e-05
48550.00 4.37943e-05
48600.00 4.3936e-05
48650.00 4.38374e-05
48700.00 4.36548e-05
48750.00 4.36619e-05
48800.00 4.35435e-05
48850.00 4.35652e-05
48900.00 4.39772e-05
48950.00 4.41622e-05
49000.00 4.45968e-05
49050.00 4.49705e-05
49100.00 4.49905e-05
49150.00 4.51199e-05
49200.00 4.49162e-05
49250.00 4.51017e-05
49300.00 4.58293e-05
49350.00 4.56365e-05
49400.00 4.52807e-05
49450.00 4.51936e-05
49500.00 4.51941e-05
49550.00 4.53412e-05
49600.00 4.52976e-05
49650.00 4.54494e-05
49700.00 4.55991e-05
49750.00 4.55712e-05
49800.00 4.54418e-05
49850.00 4.5279e-05
49900.00 4.55563e-05
49950.00 4.57459e-05
50000.00 4.56089e-05
50050.00 4.55324e-05
50100.00 4.58394e-05
50150.00 4.62335e-05
50200.00 4.61443e-05
50250.00 4.5943e-05
50300.00 4.56546e-05
50350.00 4.54109e-05
50400.00 4.54756e-05
50450.00 4.5758e-05
50500.00 4.636e-05
50550.00 4.69674e-05
50600.00 4.71646e-05
50650.00 4.7298e-05
50700.00 4.77281e-05
50750.00 4.81586e-05
50800.00 4.81672e-05
50850.00 4.81123e-05
50900.00 4.82962e-05
50950.00 4.83658e-05
51000.00 4.76213e-05
51050.00 4.70784e-05
51100.00 4.72361e-05
51150.00 4.68259e-05
51200.00 4.65563e-05
51250.00 4.67399e-05
51300.00 4.6557e-05
51350.00 4.66799e-05
51400.00 4.71721e-05
51450.00 4.76379e-05
51500.00 4.79875e-05
51550.00 4.78379e-05
51600.00 4.78786e-05
51650.00 4.80197e-05
51700.00 4.79345e-05
51750.00 4.79669e-05
51800.00 4.81568e-05
51850.00 4.82232e-05
51900.00 4.83888e-05
51950.00 4.88996e-05
52000.00 4.89862e-05
52050.00 4.90491e-05
52100.00 4.93144e-05
52150.00 4.93099e-05
52200.00 4.93615e-05
52250.00 4.90957e-05
52300.00 4.85561e-05
52350.00 4.81401e-05
52400.00 4.82324e-05
52450.00 4.86426e-05
52500.00 4.85825e-05
52550.00 4.86997e-05
52600.00 4.88205e-05
52650.00 4.84454e-05
52700.00 4.79573e-05
52750.00 4.7961e-05
52800.00 4.8496e-05
52850.00 4.88097e-05
52900.00 4.86286e-05
52950.00 4.82905e-05
53000.00 4.82693e-05
53050.00 4.8318e-05
53100.00 4.82617e-05
53150.00 4.79056e-05
53200.00 4.74741e-05
53250.00 4.78093e-05
53300.00 4.86088e-05
53350.00 4.87541e-05
53400.00 4.83469e-05
53450.00 4.83221e-05
53500.00 4.83395e-05
53550.00 4.81273e-05
53600.00 4.8161e-05
53650.00 4.8362e-05
53700.00 4.83194e-05
53750.00 4.85378e-05
53800.00 4.89321e-05
53850.00 4.92212e-05
53900.00 4.94743e-05
53950.00 4.93484e-05
54000.00 4.94685e-05
54050.00 4.93659e-05
54100.00 4.92853e-05
54150.00 4.9817e-05
54200.00 5.01442e-05
54250.00 4.9827e-05
54300.00 4.95396e-05
54350.00 4.94335e-05
54400.00 4.92067e-05
54450.00 4.9469e-05
54500.00 4.98433e-05
54550.00 4.99856e-05
54600.00 5.0156e-05
54650.00 5.03792e-05
54700.00 5.05579e-05
54750.00 5.03996e-05
54800.00 5.0358e-05
54850.00 5.05638e-05
54900.00 5.04948e-05
54950.00 5.03553e-05
55000.00 5.00223e-05
55050.00 4.97789e-05
55100.00 4.99765e-05
55150.00 4.99875e-05
55200.00 4.96668e-05
55250.00 4.9765e-05
55300.00 5.01095e-05
55350.00 5.02388e-05
55400.00 5.00474e-05
55450.00 4.9774e-05
55500.00 4.9704e-05
55550.00 5.01146e-05
55600.00 5.04695e-05
55650.00 5.06019e-05
55700.00 5.0824e-05
55750.00 5.07053e-05
55800.00 5.08167e-05
55850.00 5.09457e-05
55900.00 5.09765e-05
55950.00 5.11982e-05
56000.00 5.11324e-05
56050.00 5.08674e-05
56100.00 5.06854e-05
56150.00 5.07542e-05
56200.00 5.07819e-05
56250.00 5.07914e-05
56300.00 5.10125e-05
56350.00 5.12866e-05
56400.00 5.13425e-05
56450.00 5.18884e-05
56500.00 5.20533e-05
56550.00 5.147e-05
56600.00 5.12965e-05
56650.00 5.14163e-05
56700.00 5.13505e-05
56750.00 5.1146e-05
56800.00 5.13311e-05
56850.00 5.17216e-05
56900.00 5.23225e-05
56950.00 5.27961e-05
57000.00 5.28923e-05
57050.00 5.27963e-05
57100.00 5.30445e-05
57150.00 5.32192e-05
57200.00 5.27671e-05
57250.00 5.23929e-05
57300.00 5.20569e-05
57350.00 5.17277e-05
57400.00 5.14159e-05
57450.00 5.14845e-05
57500.00 5.19066e-05
57550.00 5.20851e-05
57600.00 5.20902e-05
57650.00 5.18601e-05
57700.00 5.17979e-05
57750.00 5.21886e-05
57800.00 5.21877e-05
57850.00 5.22504e-05
57900.00 5.23077e-05
57950.00 5.19092e-05
58000.00 5.17705e-05
58050.00 5.15609e-05
58100.00 5.15141e-05
58150.00 5.1845e-05
58200.00 5.23352e-05
58250.00 5.24825e-05
58300.00 5.27986e-05
58350.00 5.30928e-05
58400.00 5.34039e-05
58450.00 5.40277e-05
58500.00 5.40302e-05
58550.00 5.39692e-05
58600.00 5.40431e-05
58650.00 5.43686e-05
58700.00 5.46259e-05
58750.00 5.46556e-05
58800.00 5.4743e-05
58850.00 5.46339e-05
58900.00 5.43104e-05
58950.00 5.42209e-05
59000.00 5.43342e-05
59050.00 5.38429e-05
59100.00 5.33703e-05
59150.00 5.34062e-05
59200.00 5.30973e-05
59250.00 5.31694e-05
59300.00 5.38657e-05
59350.00 5.42959e-05
59400.00 5.45414e-05
59450.00 5.45357e-05
59500.00 5.44289e-05
59550.00 5.40543e-05
59600.00 5.38806e-05
59650.00 5.38412e-05
59700.00 5.3739e-05
59750.00 5.37335e-05
59800.00 5.3145e-05
59850.00 5.27721e-05
59900.00 5.30805e-05
59950.00 5.3083e-05
60000.00 5.28039e-05
60050.00 5.3017e-05
60100.00 5.33528e-05
60150.00 5.3032e-05
60200.00 5.2772e-05
60250.00 5.32783e-05
60300.00 5.39116e-05
60350.00 5.42931e-05
60400.00 5.42801e-05
60450.00 5.42586e-05
60500.00 5.41454e-05
60550.00 5.38856e-05
60600.00 5.36723e-05
60650.00 5.33821e-05
60700.00 5.32262e-05
60750.00 5.31587e-05
60800.00 5.33628e-05
60850.00 5.37939e-05
60900.00 5.44242e-05
60950.00 5.46322e-05
61000.00 5.47476e-05
61050.00 5.48369e-05
61100.00 5.45977e-05
61150.00 5.42264e-05
61200.00 5.39365e-05
61250.00 5.40773e-05
61300.00 5.39405e-05
61350.00 5.40907e-05
61400.00 5.41696e-05
61450.00 5.37453e-05
61500.00 5.37003e-05
61550.00 5.36862e-05
61600.00 5.39137e-05
61650.00 5.40735e-05
61700.00 5.40554e-05
61750.00 5.41542e-05
61800.00 5.44203e-05
61850.00 5.45896e-05
61900.00 5.45149e-05
61950.00 5.48119e-05
62000.00 5.52251e-05
62050.00 5.51089e-05
62100.00 5.46223e-05
62150.00 5.46326e-05
62200.00 5.50261e-05
62250.00 5.48892e-05
62300.00 5.45454e-05
62350.00 5.48092e-05
62400.00 5.50338e-05
62450.00 5.5406e-05
62500.00 5.56367e-05
62550.00 5.53825e-05
62600.00 5.51123e-05
62650.00 5.50866e-05
62700.00 5.51936e-05
62750.00 5.47682e-05
62800.00 5.42635e-05
62850.00 5.42019e-05
62900.00 5.42491e-05
62950.00 5.40188e-05
63000.00 5.43686e-05
63050.00 5.50853e-05
63100.00 5.53258e-05
63150.00 5.55352e-05
63200.00 5.57446e-05
63250.00 5.60446e-05
63300.00 5.62357e-05
63350.00 5.60701e-05
63400.00 5.57658e-05
63450.00 5.55651e-05
63500.00 5.53698e-05
63550.00 5.52816e-05
63600.00 5.57807e-05
63650.00 5.6104e-05
63700.00 5.63458e-05
63750.00 5.66033e-05
63800.00 5.67989e-05
63850.00 5.7003e-05
63900.00 5.65822e-05
63950.00 5.60175e-05
64000.00 5.58749e-05
64050.00 5.58439e-05
64100.00 5.60382e-05
64150.00 5.60532e-05
64200.00 5.58253e-05
64250.00 5.60979e-05
64300.00 5.61874e-05
64350.00 5.62918e-05
64400.00 5.63706e-05
64450.00 5.59065e-05
64500.00 5.56397e-05
64550.00 5.58006e-05
64600.00 5.59642e-05
64650.00 5.60058e-05
64700.00 5.61653e-05
64750.00 5.61593e-05
64800.00 5.62652e-05
64850.00 5.62839e-05
64900.00 5.65051e-05
64950.00 5.68319e-05
65000.00 5.64214e-05
65050.00 5.60967e-05
65100.00 5.5915e-05
65150.00 5.55844e-05
65200.00 5.54658e-05
65250.00 5.57991e-05
65300.00 5.63804e-05
65350.00 5.64655e-05
65400.00 5.61321e-05
65450.00 5.57291e-05
65500.00 5.55705e-05
65550.00 5.56065e-05
65600.00 5.55774e-05
65650.00 5.60369e-05
65700.00 5.65283e-05
65750.00 5.65902e-05
65800.00 5.65443e-05
65850.00 5.66221e-05
65900.00 5.65798e-05
65950.00 5.6319e-05
66000.00 5.59749e-05
66050.00 5.54408e-05
66100.00 5.53726e-05
66150.00 5.57851e-05
66200.00 5.61001e-05
66250.00 5.65175e-05
66300.00 5.70337e-05
66350.00 5.73773e-05
66400.00 5.73451e-05
66450.00 5.70031e-05
66500.00 5.68667e-05
66550.00 5.69851e-05
66600.00 5.68201e-05
66650.00 5.64653e-05
66700.00 5.63756e-05
66750.00 5.66651e-05
66800.00 5.67278e-05
66850.00 5.69574e-05
66900.00 5.75696e-05
66950.00 5.78469e-05
67000.00 5.78174e-05
67050.00 5.77374e-05
67100.00 5.79033e-05
67150.00 5.80018e-05
67200.00 5.80114e-05
67250.00 5.80175e-05
67300.00 5.78667e-05
67350.00 5.818e-05
67400.00 5.86781e-05
67450.00 5.8237e-05
67500.00 5.78277e-05
67550.00 5.83499e-05
67600.00 5.87806e-05
67650.00 5.8869e-05
67700.00 5.87407e-05
67750.00 5.857e-05
67800.00 5.89133e-05
67850.00 5.91026e-05
67900.00 5.88244e-05
67950.00 5.84557e-05
68000.00 5.83363e-05
68050.00 5.87369e-05
68100.00 5.9284e-05
68150.00 5.946e-05
68200.00 5.96047e-05
68250.00 6.02255e-05
68300.00 6.07723e-05
68350.00 6.09139e-05
68400.00 6.08514e-05
68450.00 6.07547e-05
68500.00 6.05944e-05
68550.00 6.05287e-05
68600.00 6.07492e-05
68650.00 6.10371e-05
68700.00 6.10888e-05
68750.00 6.0695e-05
68800.00 6.05569e-05
68850.00 6.0779e-05
68900.00 6.09116e-05
68950.00 6.08391e-05
69000.00 6.08585e-05
69050.00 6.07642e-05
69100.00 6.01923e-05
69150.00 5.99157e-05
69200.00 5.98401e-05
69250.00 5.97462e-05
69300.00 5.99411e-05
69350.00 6.01088e-05
69400.00 6.03189e-05
69450.00 6.06365e-05
69500.00 6.03578e-05
69550.00 6.03178e-05
69600.00 5.99767e-05
69650.00 5.97429e-05
69700.00 6.02552e-05
69750.00 6.02742e-05
69800.00 6.0301e-05
69850.00 6.03124e-05
69900.00 6.00708e-05
69950.00 6.00727e-05
70000.00 5.97817e-05
70050.00 5.9537e-05
70100.00 6.01075e-05
70150.00 6.0654e-05
70200.00 6.12933e-05
70250.00 6.14579e-05
70300.00 6.1056e-05
70350.00 6.09747e-05
70400.00 6.08239e-05
70450.00 6.0694e-05
70500.00 6.05116e-05
70550.00 6.06902e-05
70600.00 6.12009e-05
70650.00 6.127e-05
70700.00 6.12966e-05
70750.00 6.13529e-05
70800.00 6.12735e-05
70850.00 6.13857e-05
70900.00 6.14132e-05
70950.00 6.12738e-05
71000.00 6.13003e-05
71050.00 6.15609e-05
71100.00 6.17796e-05
71150.00 6.15616e-05
71200.00 6.14689e-05
71250.00 6.15971e-05
71300.00 6.15052e-05
71350.00 6.14584e-05
71400.00 6.17159e-05
71450.00 6.19958e-05
71500.00 6.195e-05
71550.00 6.16561e-05
71600.00 6.1533e-05
71650.00 6.17624e-05
71700.00 6.17201e-05
71750.00 6.16904e-05
71800.00 6.21944e-05
71850.00 6.24349e-05
71900.00 6.2453e-05
71950.00 6.25204e-05
72000.00 6.29016e-05
72050.00 6.28691e-05
72100.00 6.23975e-05
72150.00 6.2242e-05
72200.00 6.24075e-05
72250.00 6.27059e-05
72300.00 6.28657e-05
72350.00 6.30171e-05
72400.00 6.27787e-05
72450.00 6.22331e-05
72500.00 6.19589e-05
72550.00 6.20627e-05
72600.00 6.19648e-05
72650.00 6.158e-05
72700.00 6.16527e-05
72750.00 6.20943e-05
72800.00 6.2443e-05
72850.00 6.24403e-05
72900.00 6.23018e-05
72950.00 6.21197e-05
73000.00 6.20531e-05
73050.00 6.22895e-05
73100.00 6.22153e-05
73150.00 6.19027e-05
73200.00 6.20181e-05
73250.00 6.18552e-05
73300.00 6.16231e-05
73350.00 6.1838e-05
73400.00 6.20325e-05
73450.00 6.22259e-05
73500.00 6.21536e-05
73550.00 6.21336e-05
73600.00 6.22012e-05
73650.00 6.20551e-05
73700.00 6.23904e-05
73750.00 6.31021e-05
73800.00 6.31331e-05
73850.00 6.29562e-05
73900.00 6.32419e-05
73950.00 6.339e-05
74000.00 6.34612e-05
74050.00 6.37792e-05
74100.00 6.37436e-05
74150.00 6.33301e-05
74200.00 6.32351e-05
74250.00 6.34934e-05
74300.00 6.3969e-05
74350.00 6.45543e-05
74400.00 6.4367e-05
74450.00 6.37976e-05
74500.00 6.34348e-05
74550.00 6.32593e-05
74600.00 6.31659e-05
74650.00 6.31261e-05
74700.00 6.31903e-05
74750.00 6.3682e-05
74800.00 6.38286e-05
74850.00 6.3481e-05
74900.00 6.34367e-05
74950.00 6.33196e-05
75000.00 6.3365e-05
75050.00 6.35305e-05
75100.00 6.32879e-05
75150.00 6.25627e-05
75200.00 6.25112e-05
75250.00 6.31432e-05
75300.00 6.36683e-05
75350.00 6.36331e-05
75400.00 6.30922e-05
75450.00 6.31964e-05
75500.00 6.33659e-05
75550.00 6.31994e-05
75600.00 6.33658e-05
75650.00 6.3476e-05
75700.00 6.37641e-05
75750.00 6.45039e-05
75800.00 6.4824e-05
75850.00 6.4641e-05
75900.00 6.42941e-05
75950.00 6.39734e-05
76000.00 6.4191e-05
76050.00 6.48343e-05
76100.00 6.5303e-05
76150.00 6.50778e-05
76200.00 6.53685e-05
76250.00 6.5918e-05
76300.00 6.56282e-05
76350.00 6.57002e-05
76400.00 6.57739e-05
76450.00 6.55521e-05
76500.00 6.55686e-05
76550.00 6.56587e-05
76600.00 6.60355e-05
76650.00 6.63486e-05
76700.00 6.66966e-05
76750.00 6.68108e-05
76800.00 6.63958e-05
76850.00 6.62328e-05
76900.00 6.55584e-05
76950.00 6.4769e-05
77000.00 6.50282e-05
77050.00 6.55079e-05
77100.00 6.58372e-05
77150.00 6.58626e-05
77200.00 6.57181e-05
77250.00 6.60204e-05
77300.00 6.60388e-05
77350.00 6.63393e-05
77400.00 6.64442e-05
77450.00 6.59775e-05
77500.00 6.63536e-05
77550.00 6.69036e-05
77600.00 6.72043e-05
77650.00 6.71627e-05
77700.00 6.70817e-05
77750.00 6.73253e-05
77800.00 6.70941e-05
77850.00 6.65334e-05
77900.00 6.66121e-05
77950.00 6.75234e-05
78000.00 6.80861e-05
78050.00 6.79461e-05
78100.00 6.82595e-05
78150.00 6.86717e-05
78200.00 6.83011e-05
78250.00 6.81073e-05
78300.00 6.8094e-05
78350.00 6.78096e-05
78400.00 6.78434e-05
78450.00 6.80657e-05
78500.00 6.81813e-05
78550.00 6.82264e-05
78600.00 6.768e-05
78650.00 6.76307e-05
78700.00 6.7884e-05
78750.00 6.77405e-05
78800.00 6.81189e-05
78850.00 6.82082e-05
78900.00 6.7991e-05
78950.00 6.80034e-05
79000.00 6.79828e-05
79050.00 6.7915e-05
79100.00 6.81228e-05
79150.00 6.85632e-05
79200.00 6.89296e-05
79250.00 6.91029e-05
79300.00 6.89805e-05
79350.00 6.87967e-05
79400.00 6.88195e-05
79450.00 6.84694e-05
79500.00 6.81779e-05
79550.00 6.80639e-05
79600.00 6.79925e-05
79650.00 6.85959e-05
79700.00 6.95769e-05
79750.00 6.9666e-05
79800.00 6.91985e-05
79850.00 6.91362e-05
79900.00 6.91269e-05
79950.00 6.93343e-05
80000.00 6.93342e-05
80050.00 6.88179e-05
80100.00 6.85851e-05
80150.00 6.87585e-05
80200.00 6.89772e-05
80250.00 6.90984e-05
80300.00 6.90757e-05
80350.00 6.90945e-05
80400.00 6.92912e-05
80450.00 6.93141e-05
80500.00 6.92336e-05
80550.00 6.9065e-05
80600.00 6.90383e-05
80650.00 6.90171e-05
80700.00 6.89256e-05
80750.00 6.88974e-05
80800.00 6.86907e-05
80850.00 6.86546e-05
80900.00 6.8235e-05
80950.00 6.79271e-05
81000.00 6.82382e-05
81050.00 6.83519e-05
81100.00 6.81223e-05
81150.00 6.79231e-05
81200.00 6.80717e-05
81250.00 6.81954e-05
81300.00 6.83445e-05
81350.00 6.88377e-05
81400.00 6.91044e-05
81450.00 6.87378e-05
81500.00 6.83257e-05
81550.00 6.8775e-05
81600.00 6.89094e-05
81650.00 6.85483e-05
81700.00 6.8501e-05
81750.00 6.88272e-05
81800.00 6.93107e-05
81850.00 6.89735e-05
81900.00 6.86173e-05
81950.00 6.86474e-05
82000.00 6.89245e-05
82050.00 6.8851e-05
82100.00 6.85343e-05
82150.00 6.85933e-05
82200.00 6.86215e-05
82250.00 6.83489e-05
82300.00 6.86604e-05
82350.00 6.93684e-05
82400.00 6.96607e-05
82450.00 7.02671e-05
82500.00 7.02028e-05
82550.00 6.98973e-05
82600.00 6.99706e-05
82650.00 6.98135e-05
82700.00 6.97598e-05
82750.00 6.9848e-05
82800.00 7.01481e-05
82850.00 7.03753e-05
82900.00 7.03943e-05
82950.00 7.05691e-05
83000.00 7.07124e-05
83050.00 7.0475e-05
83100.00 7.03735e-05
83150.00 7.07276e-05
83200.00 7.05996e-05
83250.00 7.01299e-05
83300.00 6.99446e-05
83350.00 7.00321e-05
83400.00 7.04056e-05
83450.00 7.07349e-05
83500.00 7.05436e-05
83550.00 7.06618e-05
83600.00 7.07225e-05
83650.00 7.03158e-05
83700.00 7.02911e-05
83750.00 7.01818e-05
83800.00 7.0143e-05
83850.00 7.06598e-05
83900.00 7.11011e-05
83950.00 7.0851e-05
84000.00 7.02519e-05
84050.00 6.96835e-05
84100.00 6.94843e-05
84150.00 6.95038e-05
84200.00 6.98121e-05
84250.00 7.03558e-05
84300.00 7.06181e-05
84350.00 7.04075e-05
84400.00 7.04013e-05
84450.00 7.0721e-05
84500.00 7.04693e-05
84550.00 7.04484e-05
84600.00 7.08317e-05
84650.00 7.08909e-05
84700.00 7.05359e-05
84750.00 7.02501e-05
84800.00 7.0513e-05
84850.00 7.059e-05
84900.00 7.06893e-05
84950.00 7.11121e-05
85000.00 7.1466e-05
85050.00 7.163e-05
85100.00 7.14351e-05
85150.00 7.09257e-05
85200.00 7.08144e-05
85250.00 7.10664e-05
85300.00 7.11115e-05
85350.00 7.12299e-05
85400.00 7.12751e-05
85450.00 7.1249e-05
85500.00 7.10941e-05
85550.00 7.08304e-05
85600.00 7.07569e-05
85650.00 7.08155e-05
85700.00 7.08634e-05
85750.00 7.09219e-05
85800.00 7.10869e-05
85850.00 7.09918e-05
85900.00 7.06507e-05
85950.00 7.07001e-05
86000.00 7.11291e-05
86050.00 7.14913e-05
86100.00 7.15994e-05
86150.00 7.20537e-05
86200.00 7.25469e-05
86250.00 7.23609e-05
86300.00 7.19157e-05
86350.00 7.2253e-05
86400.00 7.3223e-05
86450.00 7.36412e-05
86500.00 7.36922e-05
86550.00 7.31906e-05
86600.00 7.28035e-05
86650.00 7.31686e-05
86700.00 7.28255e-05
86750.00 7.21647e-05
86800.00 7.26997e-05
86850.00 7.31746e-05
86900.00 7.25991e-05
86950.00 7.23573e-05
87000.00 7.25902e-05
87050.00 7.22586e-05
87100.00 7.20742e-05
87150.00 7.27198e-05
87200.00 7.31667e-05
87250.00 7.29591e-05
87300.00 7.29396e-05
87350.00 7.32604e-05
87400.00 7.30957e-05
87450.00 7.27218e-05
87500.00 7.29625e-05
87550.00 7.34378e-05
87600.00 7.34079e-05
87650.00 7.32499e-05
87700.00 7.29259e-05
87750.00 7.27959e-05
87800.00 7.31164e-05
87850.00 7.32336e-05
87900.00 7.3126e-05
87950.00 7.31895e-05
88000.00 7.37e-05
88050.00 7.42914e-05
88100.00 7.45948e-05
88150.00 7.48098e-05
88200.00 7.47671e-05
88250.00 7.45465e-05
88300.00 7.4543e-05
88350.00 7.44339e-05
88400.00 7.42493e-05
88450.00 7.43952e-05
88500.00 7.43341e-05
88550.00 7.42985e-05
88600.00 7.42341e-05
88650.00 7.41418e-05
88700.00 7.4051e-05
88750.00 7.36103e-05
88800.00 7.39263e-05
88850.00 7.44669e-05
88900.00 7.45216e-05
88950.00 7.45435e-05
89000.00 7.4393e-05
89050.00 7.4003e-05
89100.00 7.37896e-05
89150.00 7.36949e-05
89200.00 7.36896e-05
89250.00 7.36236e-05
89300.00 7.35821e-05
89350.00 7.35257e-05
89400.00 7.37473e-05
89450.00 7.39416e-05
89500.00 7.38619e-05
89550.00 7.42139e-05
89600.00 7.41789e-05
89650.00 7.41008e-05
89700.00 7.45801e-05
89750.00 7.47537e-05
89800.00 7.47974e-05
89850.00 7.51475e-05
89900.00 7.53377e-05
89950.00 7.5179e-05
90000.00 7.50077e-05
90050.00 7.51484e-05
90100.00 7.55341e-05
90150.00 7.56137e-05
90200.00 7.52454e-05
90250.00 7.53998e-05
90300.00 7.55019e-05
90350.00 7.53062e-05
90400.00 7.55047e-05
90450.00 7.5127e-05
90500.00 7.48082e-05
90550.00 7.47925e-05
90600.00 7.47584e-05
90650.00 7.53618e-05
90700.00 7.57424e-05
90750.00 7.56119e-05
90800.00 7.57482e-05
90850.00 7.56621e-05
90900.00 7.51438e-05
90950.00 7.49713e-05
91000.00 7.5495e-05
91050.00 7.60002e-05
91100.00 7.6342e-05
91150.00 7.6251e-05
91200.00 7.61319e-05
91250.00 7.60646e-05
91300.00 7.5953e-05
91350.00 7.59202e-05
91400.00 7.59052e-05
91450.00 7.63328e-05
91500.00 7.69161e-05
91550.00 7.74129e-05
91600.00 7.74703e-05
91650.00 7.74681e-05
91700.00 7.75561e-05
91750.00 7.77073e-05
91800.00 7.74991e-05
91850.00 7.72609e-05
91900.00 7.71882e-05
91950.00 7.68886e-05
92000.00 7.66265e-05
92050.00 7.63585e-05
92100.00 7.61679e-05
92150.00 7.60594e-05
92200.00 7.59367e-05
92250.00 7.61638e-05
92300.00 7.68792e-05
92350.00 7.73813e-05
92400.00 7.77146e-05
92450.00 7.77249e-05
92500.00 7.73142e-05
92550.00 7.71115e-05
92600.00 7.74071e-05
92650.00 7.76065e-05
92700.00 7.75943e-05
92750.00 7.77457e-05
92800.00 7.74995e-05
92850.00 7.75743e-05
92900.00 7.77311e-05
92950.00 7.75272e-05
93000.00 7.77662e-05
93050.00 7.80362e-05
93100.00 7.79579e-05
93150.00 7.78597e-05
93200.00 7.77167e-05
93250.00 7.77253e-05
93300.00 7.77422e-05
93350.00 7.80572e-05
93400.00 7.83716e-05
93450.00 7.7842e-05
93500.00 7.73497e-05
93550.00 7.73645e-05
93600.00 7.7436e-05
93650.00 7.75043e-05
93700.00 7.75775e-05
93750.00 7.79338e-05
93800.00 7.8464e-05
93850.00 7.83945e-05
93900.00 7.82182e-05
93950.00 7.85954e-05
94000.00 7.88148e-05
94050.00 7.8685e-05
94100.00 7.85512e-05
94150.00 7.84712e-05
94200.00 7.87287e-05
94250.00 7.89352e-05
94300.00 7.85986e-05
94350.00 7.83917e-05
94400.00 7.82711e-05
94450.00 7.84459e-05
94500.00 7.85476e-05
94550.00 7.83234e-05
94600.00 7.89954e-05
94650.00 7.96099e-05
94700.00 7.98585e-05
94750.00 8.01673e-05
94800.00 8.04931e-05
94850.00 8.06019e-05
94900.00 8.05747e-05
94950.00 8.09369e-05
95000.00 8.11116e-05
95050.00 8.13635e-05
95100.00 8.18595e-05
95150.00 8.13761e-05
95200.00 8.06946e-05
95250.00 8.03916e-05
95300.00 8.01759e-05
95350.00 8.02762e-05
95400.00 8.03353e-05
95450.00 8.06959e-05
95500.00 8.04138e-05
95550.00 7.96339e-05
95600.00 7.9516e-05
95650.00 7.93523e-05
95700.00 7.96212e-05
95750.00 8.03775e-05
95800.00 7.98968e-05
95850.00 7.92579e-05
95900.00 8.01239e-05
95950.00 8.05771e-05
96000.00 8.05062e-05
96050.00 8.0593e-05
96100.00 8.03582e-05
96150.00 8.01312e-05
96200.00 8.03227e-05
96250.00 8.07418e-05
96300.00 8.10799e-05
96350.00 8.09049e-05
96400.00 8.05249e-05
96450.00 8.07384e-05
96500.00 8.10125e-05
96550.00 8.08716e-05
96600.00 8.06739e-05
96650.00 8.08514e-05
96700.00 8.12251e-05
96750.00 8.13866e-05
96800.00 8.11932e-05
96850.00 8.07863e-05
96900.00 8.05172e-05
96950.00 8.05418e-05
97000.00 8.07524e-05
97050.00 8.0968e-05
97100.00 8.09497e-05
97150.00 8.09729e-05
97200.00 8.06835e-05
97250.00 8.06948e-05
97300.00 8.08811e-05
97350.00 8.06599e-05
97400.00 8.08596e-05
97450.00 8.13854e-05
97500.00 8.17016e-05
97550.00 8.15223e-05
97600.00 8.15544e-05
97650.00 8.16427e-05
97700.00 8.1304e-05
97750.00 8.10142e-05
97800.00 8.13956e-05
97850.00 8.15192e-05
97900.00 8.13381e-05
97950.00 8.14922e-05
98000.00 8.15055e-05
98050.00 8.1208e-05
98100.00 8.09461e-05
98150.00 8.07567e-05
98200.00 8.06188e-05
98250.00 8.1033e-05
98300.00 8.14993e-05
98350.00 8.18937e-05
98400.00 8.23913e-05
98450.00 8.27722e-05
98500.00 8.28819e-05
98550.00 8.30519e-05
98600.00 8.31879e-05
98650.00 8.32811e-05
98700.00 8.34458e-05
98750.00 8.35661e-05
98800.00 8.35783e-05
98850.00 8.37036e-05
98900.00 8.39232e-05
98950.00 8.40939e-05
99000.00 8.4146e-05
99050.00 8.37227e-05
99100.00 8.33958e-05
99150.00 8.34368e-05
99200.00 8.34158e-05
99250.00 8.31047e-05
99300.00 8.29645e-05
99350.00 8.33749e-05
99400.00 8.39962e-05
99450.00 8.44272e-05
99500.00 8.48187e-05
99550.00 8.49556e-05
99600.00 8.51069e-05
99650.00 8.50393e-05
99700.00 8.45677e-05
99750.00 8.43348e-05
99800.00 8.42003e-05
99850.00 8.42472e-05
99900.00 8.41252e-05
