50.00 -4.49609e-07
100.00 -4.62879e-07
150.00 -5.13814e-08
200.00 9.7081e-09
250.00 -2.03821e-07
300.00 1.54669e-07
350.00 2.74291e-07
400.00 1.87463e-07
450.00 -1.71344e-08
500.00 -7.87214e-09
550.00 5.41969e-07
600.00 8.27115e-07
650.00 7.92082e-07
700.00 8.80052e-07
750.00 1.25295e-06
800.00 1.25321e-06
850.00 1.16029e-06
900.00 1.09117e-06
950.00 1.23693e-06
1000.00 1.80831e-06
1050.00 1.61035e-06
1100.00 9.9174e-07
1150.00 1.05901e-06
1200.00 1.38574e-06
1250.00 1.65767e-06
1300.00 2.25363e-06
1350.00 2.123e-06
1400.00 1.456e-06
1450.00 1.66827e-06
1500.00 1.89467e-06
1550.00 1.81609e-06
1600.00 2.0568e-06
1650.00 1.97735e-06
1700.00 2.06952e-06
1750.00 2.43348e-06
1800.00 2.98212e-06
1850.00 3.30565e-06
1900.00 3.07845e-06
1950.00 3.31611e-06
2000.00 3.25568e-06
2050.00 3.2715e-06
2100.00 3.2809e-06
2150.00 2.8109e-06
2200.00 2.76412e-06
2250.00 2.91827e-06
2300.00 3.35974e-06
2350.00 4.10244e-06
2400.00 4.23461e-06
2450.00 4.20884e-06
2500.00 4.41494e-06
2550.00 4.88866e-06
2600.00 4.88251e-06
2650.00 4.41242e-06
2700.00 4.7151e-06
2750.00 5.16713e-06
2800.00 4.97325e-06
2850.00 4.90004e-06
2900.00 4.6682e-06
2950.00 4.05533e-06
3000.00 4.05413e-06
3050.00 4.18648e-06
3100.00 4.58132e-06
3150.00 4.9705e-06
3200.00 4.87229e-06
3250.00 4.83868e-06
3300.00 5.23798e-06
3350.00 5.99558e-06
3400.00 6.01979e-06
3450.00 5.61043e-06
3500.00 5.27722e-06
3550.00 5.11237e-06
3600.00 5.45879e-06
3650.00 5.81073e-06
3700.00 5.92542e-06
3750.00 5.85316e-06
3800.00 5.82855e-06
3850.00 5.92676e-06
3900.00 5.62594e-06
3950.00 5.42987e-06
4000.00 5.30749e-06
4050.00 5.39557e-06
4100.00 6.17729e-06
4150.00 6.53462e-06
4200.00 6.48807e-06
4250.00 6.42113e-06
4300.00 6.52496e-06
4350.00 6.24974e-06
4400.00 5.91627e-06
4450.00 6.35115e-06
4500.00 6.51159e-06
4550.00 6.2749e-06
4600.00 6.30084e-06
4650.00 6.75223e-06
4700.00 6.88241e-06
4750.00 6.59375e-06
4800.00 6.32882e-06
4850.00 5.95141e-06
4900.00 5.88024e-06
4950.00 6.05004e-06
5000.00 6.41076e-06
5050.00 6.58597e-06
5100.00 6.36078e-06
5150.00 6.43145e-06
5200.00 6.49092e-06
5250.00 6.3434e-06
5300.00 6.45484e-06
5350.00 6.46883e-06
5400.00 6.27678e-06
5450.00 6.2396e-06
5500.00 5.98258e-06
5550.00 5.57497e-06
5600.00 5.88433e-06
5650.00 6.0724e-06
5700.00 5.42719e-06
5750.00 5.25368e-06
5800.00 5.20014e-06
5850.00 5.23812e-06
5900.00 6.09883e-06
5950.00 6.78395e-06
6000.00 6.88281e-06
6050.00 6.86794e-06
6100.00 7.09084e-06
6150.00 6.96635e-06
6200.00 6.80845e-06
6250.00 7.16452e-06
6300.00 7.44678e-06
6350.00 7.35841e-06
6400.00 6.84882e-06
6450.00 6.33863e-06
6500.00 6.35696e-06
6550.00 6.81618e-06
6600.00 6.99596e-06
6650.00 7.08933e-06
6700.00 7.15489e-06
6750.00 7.05541e-06
6800.00 7.36769e-06
6850.00 7.57117e-06
6900.00 7.37629e-06
6950.00 7.06894e-06
7000.00 6.69757e-06
7050.00 6.89665e-06
7100.00 7.39836e-06
7150.00 7.75787e-06
7200.00 8.02635e-06
7250.00 7.9569e-06
7300.00 7.88762e-06
7350.00 7.77265e-06
7400.00 7.39802e-06
7450.00 7.14919e-06
7500.00 7.59393e-06
7550.00 8.52756e-06
7600.00 8.45046e-06
7650.00 7.91947e-06
7700.00 7.79568e-06
7750.00 7.86285e-06
7800.00 8.65093e-06
7850.00 9.23098e-06
7900.00 9.36318e-06
7950.00 9.67581e-06
8000.00 9.75407e-06
8050.00 9.48956e-06
8100.00 9.67766e-06
8150.00 9.82143e-06
8200.00 9.56807e-06
8250.00 9.59208e-06
8300.00 9.29815e-06
8350.00 9.1546e-06
8400.00 9.46067e-06
8450.00 9.53354e-06
8500.00 9.44297e-06
8550.00 9.61134e-06
8600.00 9.8944e-06
8650.00 9.98309e-06
8700.00 9.89513e-06
8750.00 1.01064e-05
8800.00 1.04252e-05
8850.00 1.05887e-05
8900.00 1.06519e-05
8950.00 1.08365e-05
9000.00 1.06707e-05
9050.00 1.03421e-05
9100.00 1.0829e-05
9150.00 1.09076e-05
9200.00 1.0616e-05
9250.00 1.05765e-05
9300.00 1.06141e-05
9350.00 1.08623e-05
9400.00 1.12391e-05
9450.00 1.15395e-05
9500.00 1.16632e-05
9550.00 1.1299e-05
9600.00 1.12e-05
9650.00 1.15321e-05
9700.00 1.18132e-05
9750.00 1.20879e-05
9800.00 1.20278e-05
9850.00 1.18056e-05
9900.00 1.18961e-05
9950.00 1.16411e-05
10000.00 1.08301e-05
10050.00 1.05538e-05
10100.00 1.09241e-05
10150.00 1.14745e-05
10200.00 1.13953e-05
10250.00 1.17354e-05
10300.00 1.25852e-05
10350.00 1.30242e-05
10400.00 1.33676e-05
10450.00 1.33069e-05
10500.00 1.32648e-05
10550.00 1.34068e-05
10600.00 1.38624e-05
10650.00 1.42355e-05
10700.00 1.42503e-05
10750.00 1.40419e-05
10800.00 1.35683e-05
10850.00 1.32023e-05
10900.00 1.36618e-05
10950.00 1.42151e-05
11000.00 1.37279e-05
11050.00 1.34412e-05
11100.00 1.36889e-05
11150.00 1.36593e-05
11200.00 1.40103e-05
11250.00 1.46264e-05
11300.00 1.46738e-05
11350.00 1.4841e-05
11400.00 1.49388e-05
11450.00 1.51427e-05
11500.00 1.5487e-05
11550.00 1.55911e-05
11600.00 1.57212e-05
11650.00 1.56815e-05
11700.00 1.55538e-05
11750.00 1.52118e-05
11800.00 1.48331e-05
11850.00 1.45479e-05
11900.00 1.40963e-05
11950.00 1.39844e-05
12000.00 1.42221e-05
12050.00 1.40975e-05
12100.00 1.44472e-05
12150.00 1.53007e-05
12200.00 1.56215e-05
12250.00 1.55663e-05
12300.00 1.55144e-05
12350.00 1.57272e-05
12400.00 1.59078e-05
12450.00 1.59713e-05
12500.00 1.58963e-05
12550.00 1.60926e-05
12600.00 1.61992e-05
12650.00 1.5859e-05
12700.00 1.58854e-05
12750.00 1.57782e-05
12800.00 1.56463e-05
12850.00 1.59762e-05
12900.00 1.66002e-05
12950.00 1.68436e-05
13000.00 1.6763e-05
13050.00 1.70274e-05
13100.00 1.72751e-05
13150.00 1.74587e-05
13200.00 1.76265e-05
13250.00 1.74216e-05
13300.00 1.7522e-05
13350.00 1.81136e-05
13400.00 1.81368e-05
13450.00 1.77873e-05
13500.00 1.75746e-05
13550.00 1.74793e-05
13600.00 1.73337e-05
13650.00 1.69742e-05
13700.00 1.63209e-05
13750.00 1.57934e-05
13800.00 1.54727e-05
13850.00 1.5772e-05
13900.00 1.63107e-05
13950.00 1.65483e-05
14000.00 1.68888e-05
14050.00 1.6996e-05
14100.00 1.72661e-05
14150.00 1.75224e-05
14200.00 1.74017e-05
14250.00 1.71579e-05
14300.00 1.72831e-05
14350.00 1.71361e-05
14400.00 1.69438e-05
14450.00 1.7046e-05
14500.00 1.70439e-05
14550.00 1.73563e-05
14600.00 1.72881e-05
14650.00 1.71309e-05
14700.00 1.74853e-05
14750.00 1.793e-05
14800.00 1.77457e-05
14850.00 1.70205e-05
14900.00 1.70087e-05
14950.00 1.73002e-05
15000.00 1.76972e-05
15050.00 1.83452e-05
15100.00 1.86169e-05
15150.00 1.83426e-05
15200.00 1.81462e-05
15250.00 1.81478e-05
15300.00 1.82082e-05
15350.00 1.84293e-05
15400.00 1.81018e-05
15450.00 1.78687e-05
15500.00 1.81343e-05
15550.00 1.823e-05
15600.00 1.81055e-05
15650.00 1.80769e-05
15700.00 1.81617e-05
15750.00 1.82023e-05
15800.00 1.84063e-05
15850.00 1.87353e-05
15900.00 1.89582e-05
15950.00 1.86829e-05
16000.00 1.85818e-05
16050.00 1.87304e-05
16100.00 1.85859e-05
16150.00 1.88416e-05
16200.00 1.90616e-05
16250.00 1.88472e-05
16300.00 1.88696e-05
16350.00 1.95379e-05
16400.00 2.00896e-05
16450.00 1.98115e-05
16500.00 1.93808e-05
16550.00 1.91532e-05
16600.00 1.91178e-05
16650.00 1.9187e-05
16700.00 1.90228e-05
16750.00 1.93355e-05
16800.00 1.96797e-05
16850.00 1.95107e-05
16900.00 1.99892e-05
16950.00 2.00119e-05
17000.00 1.92939e-05
17050.00 1.9401e-05
17100.00 1.97514e-05
17150.00 1.95814e-05
17200.00 1.9474e-05
17250.00 1.94819e-05
17300.00 1.94315e-05
17350.00 1.96629e-05
17400.00 1.98674e-05
17450.00 1.97516e-05
17500.00 2.00436e-05
17550.00 2.02011e-05
17600.00 2.00423e-05
17650.00 2.00911e-05
17700.00 1.99235e-05
17750.00 1.98304e-05
17800.00 1.97853e-05
17850.00 2.0167e-05
17900.00 2.07556e-05
17950.00 2.11683e-05
18000.00 2.10813e-05
18050.00 2.07145e-05
18100.00 2.07019e-05
18150.00 2.05256e-05
18200.00 2.07066e-05
18250.00 2.0836e-05
18300.00 2.06938e-05
18350.00 2.0679e-05
18400.00 2.02663e-05
18450.00 2.01487e-05
18500.00 2.06978e-05
18550.00 2.13876e-05
18600.00 2.15368e-05
18650.00 2.17468e-05
18700.00 2.20828e-05
18750.00 2.19222e-05
18800.00 2.18818e-05
18850.00 2.17699e-05
18900.00 2.12474e-05
18950.00 2.11924e-05
19000.00 2.15689e-05
19050.00 2.18057e-05
19100.00 2.17855e-05
19150.00 2.2048e-05
19200.00 2.25051e-05
19250.00 2.22626e-05
19300.00 2.18157e-05
19350.00 2.14331e-05
19400.00 2.10555e-05
19450.00 2.11544e-05
19500.00 2.13686e-05
19550.00 2.17556e-05
19600.00 2.21537e-05
19650.00 2.21984e-05
19700.00 2.23274e-05
19750.00 2.24419e-05
19800.00 2.22158e-05
19850.00 2.22333e-05
19900.00 2.24058e-05
19950.00 2.22934e-05
20000.00 2.24931e-05
20050.00 2.26476e-05
20100.00 2.27878e-05
20150.00 2.26493e-05
20200.00 2.22421e-05
20250.00 2.23064e-05
20300.00 2.21963e-05
20350.00 2.22953e-05
20400.00 2.27616e-05
20450.00 2.31218e-05
20500.00 2.30441e-05
20550.00 2.28197e-05
20600.00 2.32647e-05
20650.00 2.37713e-05
20700.00 2.3937e-05
20750.00 2.39538e-05
20800.00 2.38336e-05
20850.00 2.37148e-05
20900.00 2.4118e-05
20950.00 2.43355e-05
21000.00 2.42811e-05
21050.00 2.42447e-05
21100.00 2.40662e-05
21150.00 2.38928e-05
21200.00 2.3896e-05
21250.00 2.42407e-05
21300.00 2.43114e-05
21350.00 2.43189e-05
21400.00 2.49277e-05
21450.00 2.55046e-05
21500.00 2.53387e-05
21550.00 2.52145e-05
21600.00 2.53851e-05
21650.00 2.51275e-05
21700.00 2.48291e-05
21750.00 2.5107e-05
21800.00 2.53576e-05
21850.00 2.49292e-05
21900.00 2.46892e-05
21950.00 2.47478e-05
22000.00 2.49351e-05
22050.00 2.54434e-05
22100.00 2.54114e-05
22150.00 2.53912e-05
22200.00 2.55519e-05
22250.00 2.58364e-05
22300.00 2.60361e-05
22350.00 2.5603e-05
22400.00 2.5028e-05
22450.00 2.4715e-05
22500.00 2.48076e-05
22550.00 2.46734e-05
22600.00 2.42708e-05
22650.00 2.4235e-05
22700.00 2.47342e-05
22750.00 2.4897e-05
22800.00 2.47754e-05
22850.00 2.47555e-05
22900.00 2.48312e-05
22950.00 2.49996e-05
23000.00 2.51837e-05
23050.00 2.50559e-05
23100.00 2.52499e-05
23150.00 2.54907e-05
23200.00 2.47458e-05
23250.00 2.43395e-05
23300.00 2.45751e-05
23350.00 2.49993e-05
23400.00 2.54182e-05
23450.00 2.52719e-05
23500.00 2.48891e-05
23550.00 2.49224e-05
23600.00 2.50385e-05
23650.00 2.49927e-05
23700.00 2.49406e-05
23750.00 2.50016e-05
23800.00 2.50111e-05
23850.00 2.47924e-05
23900.00 2.4833e-05
23950.00 2.52825e-05
24000.00 2.52843e-05
24050.00 2.45558e-05
24100.00 2.45807e-05
24150.00 2.55219e-05
24200.00 2.56854e-05
24250.00 2.55595e-05
24300.00 2.54711e-05
24350.00 2.52334e-05
24400.00 2.5609e-05
24450.00 2.56796e-05
24500.00 2.54941e-05
24550.00 2.50963e-05
24600.00 2.46347e-05
24650.00 2.49944e-05
24700.00 2.54549e-05
24750.00 2.55909e-05
24800.00 2.55373e-05
24850.00 2.59112e-05
24900.00 2.65253e-05
24950.00 2.67159e-05
25000.00 2.69043e-05
25050.00 2.65587e-05
25100.00 2.58117e-05
25150.00 2.54076e-05
25200.00 2.51329e-05
25250.00 2.54175e-05
25300.00 2.57656e-05
25350.00 2.5818e-05
25400.00 2.62522e-05
25450.00 2.66499e-05
25500.00 2.69358e-05
25550.00 2.72534e-05
25600.00 2.73488e-05
25650.00 2.7442e-05
25700.00 2.717e-05
25750.00 2.68648e-05
25800.00 2.68941e-05
25850.00 2.67547e-05
25900.00 2.66048e-05
25950.00 2.63627e-05
26000.00 2.61913e-05
26050.00 2.6185e-05
26100.00 2.61445e-05
26150.00 2.65838e-05
26200.00 2.71319e-05
26250.00 2.71916e-05
26300.00 2.71672e-05
26350.00 2.74214e-05
26400.00 2.77346e-05
26450.00 2.77275e-05
26500.00 2.74795e-05
26550.00 2.71819e-05
26600.00 2.71039e-05
26650.00 2.69934e-05
26700.00 2.69763e-05
26750.00 2.7327e-05
26800.00 2.72576e-05
26850.00 2.70461e-05
26900.00 2.75408e-05
26950.00 2.77656e-05
27000.00 2.79746e-05
27050.00 2.86054e-05
27100.00 2.86535e-05
27150.00 2.83462e-05
27200.00 2.8618e-05
27250.00 2.92689e-05
27300.00 2.95267e-05
27350.00 2.95799e-05
27400.00 2.99657e-05
27450.00 2.9923e-05
27500.00 2.90154e-05
27550.00 2.84121e-05
27600.00 2.81101e-05
27650.00 2.79576e-05
27700.00 2.78862e-05
27750.00 2.78584e-05
27800.00 2.79849e-05
27850.00 2.84865e-05
27900.00 2.90645e-05
27950.00 2.93254e-05
28000.00 2.93216e-05
28050.00 2.92509e-05
28100.00 2.91007e-05
28150.00 2.90868e-05
28200.00 2.92651e-05
28250.00 2.92452e-05
28300.00 2.92139e-05
28350.00 2.92905e-05
28400.00 2.94117e-05
28450.00 2.89914e-05
28500.00 2.88978e-05
28550.00 2.92671e-05
28600.00 2.94993e-05
28650.00 2.96724e-05
28700.00 2.93351e-05
28750.00 2.91328e-05
28800.00 2.93005e-05
28850.00 2.92797e-05
28900.00 2.93017e-05
28950.00 2.95926e-05
29000.00 2.98776e-05
29050.00 2.95854e-05
29100.00 2.88692e-05
29150.00 2.87224e-05
29200.00 2.89273e-05
29250.00 2.91291e-05
29300.00 2.9378e-05
29350.00 2.92861e-05
29400.00 2.89495e-05
29450.00 2.88449e-05
29500.00 2.87778e-05
29550.00 2.84989e-05
29600.00 2.81069e-05
29650.00 2.79501e-05
29700.00 2.86148e-05
29750.00 2.94016e-05
29800.00 2.97354e-05
29850.00 2.98045e-05
29900.00 2.9827e-05
29950.00 3.00701e-05
30000.00 3.02865e-05
30050.00 3.02893e-05
30100.00 3.01493e-05
30150.00 2.99887e-05
30200.00 2.95747e-05
30250.00 2.94629e-05
30300.00 2.96591e-05
30350.00 2.94725e-05
30400.00 2.93535e-05
30450.00 2.96531e-05
30500.00 2.98066e-05
30550.00 2.98239e-05
30600.00 2.96251e-05
30650.00 2.95001e-05
30700.00 2.98016e-05
30750.00 3.01945e-05
30800.00 3.01117e-05
30850.00 2.98866e-05
30900.00 2.98029e-05
30950.00 2.97611e-05
31000.00 3.01679e-05
31050.00 2.98528e-05
31100.00 2.94408e-05
31150.00 2.93806e-05
31200.00 2.93056e-05
31250.00 2.97593e-05
31300.00 3.03423e-05
31350.00 3.04314e-05
31400.00 2.98197e-05
31450.00 2.96495e-05
31500.00 2.96236e-05
31550.00 2.94366e-05
31600.00 2.98513e-05
31650.00 3.00236e-05
31700.00 3.00366e-05
31750.00 3.01321e-05
31800.00 3.01607e-05
31850.00 3.03032e-05
31900.00 3.00522e-05
31950.00 2.95309e-05
32000.00 2.9623e-05
32050.00 2.99947e-05
32100.00 3.01252e-05
32150.00 3.01215e-05
32200.00 2.99946e-05
32250.00 2.97251e-05
32300.00 2.95547e-05
32350.00 2.96384e-05
32400.00 2.97093e-05
32450.00 2.94963e-05
32500.00 2.90567e-05
32550.00 2.9022e-05
32600.00 2.90923e-05
32650.00 2.906e-05
32700.00 2.90209e-05
32750.00 2.92459e-05
32800.00 2.94329e-05
32850.00 2.9264e-05
32900.00 2.94601e-05
32950.00 2.95278e-05
33000.00 2.96943e-05
33050.00 3.05312e-05
33100.00 3.05695e-05
33150.00 2.99316e-05
33200.00 2.91335e-05
33250.00 2.87101e-05
33300.00 2.92886e-05
33350.00 2.93967e-05
33400.00 2.91107e-05
33450.00 2.95214e-05
33500.00 2.99026e-05
33550.00 2.99185e-05
33600.00 3.00834e-05
33650.00 3.04878e-05
33700.00 3.07001e-05
33750.00 3.0673e-05
33800.00 3.05023e-05
33850.00 3.01264e-05
33900.00 2.96054e-05
33950.00 2.9668e-05
34000.00 2.99166e-05
34050.00 2.9819e-05
34100.00 2.99666e-05
34150.00 3.02419e-05
34200.00 3.05386e-05
34250.00 3.0527e-05
34300.00 3.04443e-05
34350.00 3.02138e-05
34400.00 3.03911e-05
34450.00 3.12527e-05
34500.00 3.17139e-05
34550.00 3.15101e-05
34600.00 3.12454e-05
34650.00 3.14085e-05
34700.00 3.19533e-05
34750.00 3.21255e-05
34800.00 3.19983e-05
34850.00 3.19611e-05
34900.00 3.18737e-05
34950.00 3.21309e-05
35000.00 3.2244e-05
35050.00 3.20846e-05
35100.00 3.23337e-05
35150.00 3.24666e-05
35200.00 3.22103e-05
35250.00 3.27011e-05
35300.00 3.30126e-05
35350.00 3.26355e-05
35400.00 3.24261e-05
35450.00 3.22599e-05
35500.00 3.25432e-05
35550.00 3.29167e-05
35600.00 3.29829e-05
35650.00 3.29567e-05
35700.00 3.26538e-05
35750.00 3.24019e-05
35800.00 3.25898e-05
35850.00 3.31139e-05
35900.00 3.34779e-05
35950.00 3.34432e-05
36000.00 3.34571e-05
36050.00 3.33397e-05
36100.00 3.29489e-05
36150.00 3.26351e-05
36200.00 3.27597e-05
36250.00 3.29864e-05
36300.00 3.27701e-05
36350.00 3.2908e-05
36400.00 3.3329e-05
36450.00 3.33546e-05
36500.00 3.33098e-05
36550.00 3.34155e-05
36600.00 3.36435e-05
36650.00 3.39329e-05
36700.00 3.40365e-05
36750.00 3.38007e-05
36800.00 3.37191e-05
36850.00 3.40983e-05
36900.00 3.45809e-05
36950.00 3.47305e-05
37000.00 3.4592e-05
37050.00 3.45526e-05
37100.00 3.48559e-05
37150.00 3.4527e-05
37200.00 3.36483e-05
37250.00 3.33633e-05
37300.00 3.3105e-05
37350.00 3.25548e-05
37400.00 3.24131e-05
37450.00 3.26949e-05
37500.00 3.3118e-05
37550.00 3.3561e-05
37600.00 3.37783e-05
37650.00 3.38444e-05
37700.00 3.39421e-05
37750.00 3.42397e-05
37800.00 3.45209e-05
37850.00 3.44669e-05
37900.00 3.44711e-05
37950.00 3.46477e-05
38000.00 3.46678e-05
38050.00 3.47044e-05
38100.00 3.50435e-05
38150.00 3.51921e-05
38200.00 3.51048e-05
38250.00 3.50134e-05
38300.00 3.46339e-05
38350.00 3.43672e-05
38400.00 3.4104e-05
38450.00 3.4249e-05
38500.00 3.43859e-05
38550.00 3.39442e-05
38600.00 3.41114e-05
38650.00 3.44038e-05
38700.00 3.39268e-05
38750.00 3.35884e-05
38800.00 3.36094e-05
38850.00 3.36436e-05
38900.00 3.3671e-05
38950.00 3.37069e-05
39000.00 3.37179e-05
39050.00 3.3831e-05
39100.00 3.40282e-05
39150.00 3.41642e-05
39200.00 3.45791e-05
39250.00 3.5193e-05
39300.00 3.56047e-05
39350.00 3.55536e-05
39400.00 3.54431e-05
39450.00 3.51183e-05
39500.00 3.50688e-05
39550.00 3.52713e-05
39600.00 3.5362e-05
39650.00 3.57778e-05
39700.00 3.62075e-05
39750.00 3.58077e-05
39800.00 3.55214e-05
39850.00 3.58725e-05
39900.00 3.6145e-05
39950.00 3.62501e-05
40000.00 3.57928e-05
40050.00 3.53865e-05
40100.00 3.49918e-05
40150.00 3.44587e-05
40200.00 3.44628e-05
40250.00 3.49656e-05
40300.00 3.52131e-05
40350.00 3.54896e-05
40400.00 3.59585e-05
40450.00 3.57778e-05
40500.00 3.56946e-05
40550.00 3.60357e-05
40600.00 3.63477e-05
40650.00 3.65368e-05
40700.00 3.67231e-05
40750.00 3.69124e-05
40800.00 3.68768e-05
40850.00 3.64428e-05
40900.00 3.60033e-05
40950.00 3.6146e-05
41000.00 3.63791e-05
41050.00 3.6288e-05
41100.00 3.66794e-05
41150.00 3.71331e-05
41200.00 3.70795e-05
41250.00 3.70508e-05
41300.00 3.70823e-05
41350.00 3.72236e-05
41400.00 3.74939e-05
41450.00 3.76575e-05
41500.00 3.74423e-05
41550.00 3.71096e-05
41600.00 3.73423e-05
41650.00 3.77051e-05
41700.00 3.75926e-05
41750.00 3.73743e-05
41800.00 3.7481e-05
41850.00 3.76969e-05
41900.00 3.76599e-05
41950.00 3.76348e-05
42000.00 3.76584e-05
42050.00 3.77207e-05
42100.00 3.79157e-05
42150.00 3.81177e-05
42200.00 3.84304e-05
42250.00 3.86452e-05
42300.00 3.83063e-05
42350.00 3.8128e-05
42400.00 3.82066e-05
42450.00 3.79074e-05
42500.00 3.78838e-05
42550.00 3.82012e-05
42600.00 3.83895e-05
42650.00 3.84353e-05
42700.00 3.83933e-05
42750.00 3.86373e-05
42800.00 3.85328e-05
42850.00 3.82947e-05
42900.00 3.8395e-05
42950.00 3.86624e-05
43000.00 3.90769e-05
43050.00 3.92377e-05
43100.00 3.88719e-05
43150.00 3.86142e-05
43200.00 3.88253e-05
43250.00 3.86842e-05
43300.00 3.82694e-05
43350.00 3.80491e-05
43400.00 3.78441e-05
43450.00 3.74434e-05
43500.00 3.71257e-05
43550.00 3.75512e-05
43600.00 3.75677e-05
43650.00 3.72209e-05
43700.00 3.72829e-05
43750.00 3.74746e-05
43800.00 3.77221e-05
43850.00 3.76295e-05
43900.00 3.75719e-05
43950.00 3.74402e-05
44000.00 3.77264e-05
44050.00 3.80784e-05
44100.00 3.82475e-05
44150.00 3.85402e-05
44200.00 3.85096e-05
44250.00 3.86994e-05
44300.00 3.91148e-05
44350.00 3.92282e-05
44400.00 3.9327e-05
44450.00 3.96046e-05
44500.00 3.96327e-05
44550.00 3.97172e-05
44600.00 3.96674e-05
44650.00 3.9655e-05
44700.00 3.99012e-05
44750.00 3.969e-05
44800.00 3.9638e-05
44850.00 4.00691e-05
44900.00 4.03111e-05
44950.00 4.0299e-05
45000.00 4.03358e-05
45050.00 4.03529e-05
45100.00 4.07794e-05
45150.00 4.14114e-05
45200.00 4.15014e-05
45250.00 4.1088e-05
45300.00 4.08297e-05
45350.00 4.0517e-05
45400.00 4.01764e-05
45450.00 4.04525e-05
45500.00 4.059e-05
45550.00 4.03405e-05
45600.00 4.01508e-05
45650.00 4.03654e-05
45700.00 4.0418e-05
45750.00 4.04211e-05
45800.00 4.06663e-05
45850.00 4.08646e-05
45900.00 4.11709e-05
45950.00 4.15375e-05
46000.00 4.15668e-05
46050.00 4.12082e-05
46100.00 4.10999e-05
46150.00 4.13643e-05
46200.00 4.19504e-05
46250.00 4.23933e-05
46300.00 4.21032e-05
46350.00 4.1886e-05
46400.00 4.1786e-05
46450.00 4.18624e-05
46500.00 4.24229e-05
46550.00 4.2612e-05
46600.00 4.25976e-05
46650.00 4.22604e-05
46700.00 4.183e-05
46750.00 4.17551e-05
46800.00 4.17976e-05
46850.00 4.19011e-05
46900.00 4.18844e-05
46950.00 4.18512e-05
47000.00 4.19218e-05
47050.00 4.20707e-05
47100.00 4.22057e-05
47150.00 4.22481e-05
47200.00 4.25332e-05
47250.00 4.30472e-05
47300.00 4.32581e-05
47350.00 4.29234e-05
47400.00 4.25205e-05
47450.00 4.25549e-05
47500.00 4.26289e-05
47550.00 4.26812e-05
47600.00 4.263e-05
47650.00 4.2797e-05
47700.00 4.34512e-05
47750.00 4.39193e-05
47800.00 4.37419e-05
47850.00 4.36263e-05
47900.00 4.34158e-05
47950.00 4.26558e-05
48000.00 4.27079e-05
48050.00 4.28263e-05
48100.00 4.26844e-05
48150.00 4.28652e-05
48200.00 4.31338e-05
48250.00 4.32545e-05
48300.00 4.31359e-05
48350.00 4.37547e-05
48400.00 4.43633e-05
48450.00 4.43235e-05
48500.00 4.44398e-05
48550.00 4.42453e-05
48600.00 4.40313e-05
48650.00 4.44261e-05
48700.00 4.45062e-05
48750.00 4.42017e-05
48800.00 4.4301e-05
48850.00 4.46025e-05
48900.00 4.45239e-05
48950.00 4.45509e-05
49000.00 4.45739e-05
49050.00 4.40859e-05
49100.00 4.36018e-05
49150.00 4.36201e-05
49200.00 4.38694e-05
49250.00 4.384e-05
49300.00 4.37734e-05
49350.00 4.36828e-05
49400.00 4.33222e-05
49450.00 4.36628e-05
49500.00 4.39659e-05
49550.00 4.31494e-05
49600.00 4.29981e-05
49650.00 4.30827e-05
49700.00 4.29794e-05
49750.00 4.32235e-05
49800.00 4.31834e-05
49850.00 4.3043e-05
49900.00 4.30612e-05
49950.00 4.32838e-05
50000.00 4.35378e-05
50050.00 4.32698e-05
50100.00 4.32789e-05
50150.00 4.37308e-05
50200.00 4.38437e-05
50250.00 4.34354e-05
50300.00 4.31711e-05
50350.00 4.34704e-05
50400.00 4.32418e-05
50450.00 4.31131e-05
50500.00 4.32898e-05
50550.00 4.37137e-05
50600.00 4.4411e-05
50650.00 4.47595e-05
50700.00 4.50812e-05
50750.00 4.50781e-05
50800.00 4.46684e-05
50850.00 4.46778e-05
50900.00 4.46156e-05
50950.00 4.42918e-05
51000.00 4.40792e-05
51050.00 4.43511e-05
51100.00 4.4669e-05
51150.00 4.47774e-05
51200.00 4.47343e-05
51250.00 4.44697e-05
51300.00 4.44095e-05
51350.00 4.45745e-05
51400.00 4.44363e-05
51450.00 4.43772e-05
51500.00 4.48263e-05
51550.00 4.48998e-05
51600.00 4.49738e-05
51650.00 4.49686e-05
51700.00 4.50535e-05
51750.00 4.53259e-05
51800.00 4.52353e-05
51850.00 4.51402e-05
51900.00 4.50153e-05
51950.00 4.47348e-05
52000.00 4.47213e-05
52050.00 4.5071e-05
52100.00 4.54381e-05
52150.00 4.61023e-05
52200.00 4.61489e-05
52250.00 4.55387e-05
52300.00 4.51104e-05
52350.00 4.48293e-05
52400.00 4.47766e-05
52450.00 4.48948e-05
52500.00 4.51293e-05
52550.00 4.54622e-05
52600.00 4.55855e-05
52650.00 4.56008e-05
52700.00 4.55163e-05
52750.00 4.54431e-05
52800.00 4.55508e-05
52850.00 4.5043e-05
52900.00 4.51676e-05
52950.00 4.62483e-05
53000.00 4.69023e-05
53050.00 4.67215e-05
53100.00 4.63773e-05
53150.00 4.6337e-05
53200.00 4.60046e-05
53250.00 4.59977e-05
53300.00 4.62753e-05
53350.00 4.65496e-05
53400.00 4.67322e-05
53450.00 4.6592e-05
53500.00 4.64048e-05
53550.00 4.63515e-05
53600.00 4.6456e-05
53650.00 4.61171e-05
53700.00 4.60224e-05
53750.00 4.67363e-05
53800.00 4.74231e-05
53850.00 4.7625e-05
53900.00 4.73841e-05
53950.00 4.71671e-05
54000.00 4.73824e-05
54050.00 4.81456e-05
54100.00 4.88615e-05
54150.00 4.86687e-05
54200.00 4.81481e-05
54250.00 4.7753e-05
54300.00 4.79389e-05
54350.00 4.80644e-05
54400.00 4.76734e-05
54450.00 4.80617e-05
54500.00 4.835e-05
54550.00 4.80738e-05
54600.00 4.82418e-05
54650.00 4.83854e-05
54700.00 4.84516e-05
54750.00 4.84776e-05
54800.00 4.86236e-05
54850.00 4.86278e-05
54900.00 4.85237e-05
54950.00 4.876e-05
55000.00 4.89389e-05
55050.00 4.90427e-05
55100.00 4.91754e-05
55150.00 4.92977e-05
55200.00 4.92368e-05
55250.00 4.95192e-05
55300.00 4.97304e-05
55350.00 4.96195e-05
55400.00 4.97316e-05
55450.00 4.97732e-05
55500.00 4.96373e-05
55550.00 4.95673e-05
55600.00 4.94819e-05
55650.00 4.9581e-05
55700.00 5.04715e-05
55750.00 5.09409e-05
55800.00 5.04178e-05
55850.00 4.98245e-05
55900.00 4.99876e-05
55950.00 5.03448e-05
56000.00 5.05357e-05
56050.00 5.09228e-05
56100.00 5.0973e-05
56150.00 5.08351e-05
56200.00 5.11731e-05
56250.00 5.12782e-05
56300.00 5.09105e-05
56350.00 5.04146e-05
56400.00 5.00221e-05
56450.00 5.00841e-05
56500.00 5.0309e-05
56550.00 5.03645e-05
56600.00 5.04709e-05
56650.00 5.05158e-05
56700.00 5.05939e-05
56750.00 5.09092e-05
56800.00 5.05309e-05
56850.00 5.01121e-05
56900.00 5.01469e-05
56950.00 5.01806e-05
57000.00 5.00641e-05
57050.00 5.02579e-05
57100.00 5.0716e-05
57150.00 5.02712e-05
57200.00 4.96984e-05
57250.00 4.96811e-05
57300.00 4.98853e-05
57350.00 5.03624e-05
57400.00 5.00361e-05
57450.00 4.95551e-05
57500.00 4.98998e-05
57550.00 5.00816e-05
57600.00 4.99879e-05
57650.00 5.01216e-05
57700.00 5.0105e-05
57750.00 5.01784e-05
57800.00 5.05105e-05
57850.00 5.02658e-05
57900.00 5.02949e-05
57950.00 5.04727e-05
58000.00 5.0406e-05
58050.00 5.06019e-05
58100.00 5.06557e-05
58150.00 5.06357e-05
58200.00 5.08893e-05
58250.00 5.09847e-05
58300.00 5.09405e-05
58350.00 5.13608e-05
58400.00 5.16476e-05
58450.00 5.17751e-05
58500.00 5.18044e-05
58550.00 5.12644e-05
58600.00 5.11132e-05
58650.00 5.12772e-05
58700.00 5.14541e-05
58750.00 5.17386e-05
58800.00 5.17277e-05
58850.00 5.20072e-05
58900.00 5.22656e-05
58950.00 5.21693e-05
59000.00 5.17629e-05
59050.00 5.14571e-05
59100.00 5.16322e-05
59150.00 5.14097e-05
59200.00 5.11726e-05
59250.00 5.11751e-05
59300.00 5.14852e-05
59350.00 5.20989e-05
59400.00 5.2239e-05
59450.00 5.22952e-05
59500.00 5.23133e-05
59550.00 5.2318e-05
59600.00 5.22353e-05
59650.00 5.21124e-05
59700.00 5.19844e-05
59750.00 5.20103e-05
59800.00 5.22984e-05
59850.00 5.27028e-05
59900.00 5.28595e-05
59950.00 5.29282e-05
60000.00 5.25225e-05
60050.00 5.18786e-05
60100.00 5.2195e-05
60150.00 5.22991e-05
60200.00 5.2211e-05
60250.00 5.26556e-05
60300.00 5.31016e-05
60350.00 5.34382e-05
60400.00 5.36288e-05
60450.00 5.3683e-05
60500.00 5.37314e-05
60550.00 5.35272e-05
60600.00 5.31381e-05
60650.00 5.30064e-05
60700.00 5.28486e-05
60750.00 5.23651e-05
60800.00 5.24658e-05
60850.00 5.26852e-05
60900.00 5.28779e-05
60950.00 5.34583e-05
61000.00 5.37944e-05
61050.00 5.38762e-05
61100.00 5.35859e-05
61150.00 5.32937e-05
61200.00 5.34366e-05
61250.00 5.36172e-05
61300.00 5.31455e-05
61350.00 5.29503e-05
61400.00 5.31252e-05
61450.00 5.31943e-05
61500.00 5.34731e-05
61550.00 5.35884e-05
61600.00 5.32562e-05
61650.00 5.34371e-05
61700.00 5.38335e-05
61750.00 5.34422e-05
61800.00 5.28645e-05
61850.00 5.27426e-05
61900.00 5.27625e-05
61950.00 5.33972e-05
62000.00 5.44735e-05
62050.00 5.47548e-05
62100.00 5.50979e-05
62150.00 5.5758e-05
62200.00 5.61715e-05
62250.00 5.62259e-05
62300.00 5.58813e-05
62350.00 5.54788e-05
62400.00 5.54161e-05
62450.00 5.52189e-05
62500.00 5.51508e-05
62550.00 5.52379e-05
62600.00 5.53087e-05
62650.00 5.52406e-05
62700.00 5.51077e-05
62750.00 5.53345e-05
62800.00 5.5677e-05
62850.00 5.60113e-05
62900.00 5.61788e-05
62950.00 5.62653e-05
63000.00 5.61456e-05
63050.00 5.60428e-05
63100.00 5.61775e-05
63150.00 5.59478e-05
63200.00 5.60769e-05
63250.00 5.66207e-05
63300.00 5.67229e-05
63350.00 5.68031e-05
63400.00 5.73594e-05
63450.00 5.75755e-05
63500.00 5.70268e-05
63550.00 5.65439e-05
63600.00 5.64121e-05
63650.00 5.65449e-05
63700.00 5.68439e-05
63750.00 5.70547e-05
63800.00 5.70551e-05
63850.00 5.72049e-05
63900.00 5.72865e-05
63950.00 5.71406e-05
64000.00 5.70074e-05
64050.00 5.67507e-05
64100.00 5.67864e-05
64150.00 5.71148e-05
64200.00 5.70751e-05
64250.00 5.70321e-05
64300.00 5.73833e-05
64350.00 5.74913e-05
64400.00 5.70743e-05
64450.00 5.69187e-05
64500.00 5.70482e-05
64550.00 5.71651e-05
64600.00 5.70674e-05
64650.00 5.71805e-05
64700.00 5.76928e-05
64750.00 5.7312e-05
64800.00 5.68547e-05
64850.00 5.71624e-05
64900.00 5.70999e-05
64950.00 5.72396e-05
65000.00 5.74833e-05
65050.00 5.73486e-05
65100.00 5.72761e-05
65150.00 5.75217e-05
65200.00 5.77516e-05
65250.00 5.77818e-05
65300.00 5.77769e-05
65350.00 5.75728e-05
65400.00 5.77062e-05
65450.00 5.80002e-05
65500.00 5.82236e-05
65550.00 5.81338e-05
65600.00 5.84352e-05
65650.00 5.83351e-05
65700.00 5.78157e-05
65750.00 5.79664e-05
65800.00 5.80306e-05
65850.00 5.80184e-05
65900.00 5.78812e-05
65950.00 5.77167e-05
66000.00 5.77344e-05
66050.00 5.76516e-05
66100.00 5.74205e-05
66150.00 5.7408e-05
66200.00 5.7815e-05
66250.00 5.83019e-05
66300.00 5.79346e-05
66350.00 5.74926e-05
66400.00 5.7985e-05
66450.00 5.82539e-05
66500.00 5.80811e-05
66550.00 5.79419e-05
66600.00 5.79684e-05
66650.00 5.80955e-05
66700.00 5.80956e-05
66750.00 5.80558e-05
66800.00 5.77861e-05
66850.00 5.77184e-05
66900.00 5.78381e-05
66950.00 5.76756e-05
67000.00 5.80093e-05
67050.00 5.86297e-05
67100.00 5.8504e-05
67150.00 5.79574e-05
67200.00 5.76381e-05
67250.00 5.78664e-05
67300.00 5.80327e-05
67350.00 5.78627e-05
67400.00 5.81638e-05
67450.00 5.84492e-05
67500.00 5.86972e-05
67550.00 5.89146e-05
67600.00 5.85932e-05
67650.00 5.80828e-05
67700.00 5.77855e-05
67750.00 5.79753e-05
67800.00 5.80595e-05
67850.00 5.83131e-05
67900.00 5.86682e-05
67950.00 5.85433e-05
68000.00 5.85767e-05
68050.00 5.8933e-05
68100.00 5.90527e-05
68150.00 5.88683e-05
68200.00 5.84359e-05
68250.00 5.80682e-05
68300.00 5.78312e-05
68350.00 5.76358e-05
68400.00 5.79348e-05
68450.00 5.8146e-05
68500.00 5.78127e-05
68550.00 5.82196e-05
68600.00 5.9105e-05
68650.00 5.92787e-05
68700.00 5.92032e-05
68750.00 5.86967e-05
68800.00 5.7983e-05
68850.00 5.80887e-05
68900.00 5.83676e-05
68950.00 5.84109e-05
69000.00 5.85123e-05
69050.00 5.82721e-05
69100.00 5.78602e-05
69150.00 5.76177e-05
69200.00 5.75481e-05
69250.00 5.80521e-05
69300.00 5.82763e-05
69350.00 5.77803e-05
69400.00 5.77469e-05
69450.00 5.79975e-05
69500.00 5.78924e-05
69550.00 5.75516e-05
69600.00 5.73575e-05
69650.00 5.69417e-05
69700.00 5.68913e-05
69750.00 5.75788e-05
69800.00 5.85071e-05
69850.00 5.90992e-05
69900.00 5.90591e-05
69950.00 5.89702e-05
70000.00 5.90518e-05
70050.00 5.89419e-05
70100.00 5.89321e-05
70150.00 5.88824e-05
70200.00 5.83124e-05
70250.00 5.80818e-05
70300.00 5.83952e-05
70350.00 5.88547e-05
70400.00 5.92289e-05
70450.00 5.98038e-05
70500.00 6.01528e-05
70550.00 6.02877e-05
70600.00 6.06574e-05
70650.00 6.06064e-05
70700.00 6.04693e-05
70750.00 6.0581e-05
70800.00 6.02867e-05
70850.00 5.9647e-05
70900.00 5.96102e-05
70950.00 6.02375e-05
71000.00 6.04148e-05
71050.00 6.0026e-05
71100.00 5.96557e-05
71150.00 5.93284e-05
71200.00 5.93841e-05
71250.00 5.93275e-05
71300.00 5.90911e-05
71350.00 5.89481e-05
71400.00 5.88296e-05
71450.00 5.90177e-05
71500.00 5.8881e-05
71550.00 5.89809e-05
71600.00 5.9243e-05
71650.00 5.93569e-05
71700.00 5.99273e-05
71750.00 5.98959e-05
71800.00 5.93181e-05
71850.00 5.9273e-05
71900.00 5.95651e-05
71950.00 5.97792e-05
72000.00 5.95985e-05
72050.00 5.95291e-05
72100.00 5.99068e-05
72150.00 5.99979e-05
72200.00 5.97671e-05
72250.00 5.95421e-05
72300.00 5.95605e-05
72350.00 5.98861e-05
72400.00 6.01788e-05
72450.00 6.07563e-05
72500.00 6.07437e-05
72550.00 6.01529e-05
72600.00 5.99519e-05
72650.00 5.99104e-05
72700.00 6.00435e-05
72750.00 6.01612e-05
72800.00 6.06181e-05
72850.00 6.06969e-05
72900.00 6.0215e-05
72950.00 6.03171e-05
73000.00 6.06273e-05
73050.00 6.03687e-05
73100.00 6.01451e-05
73150.00 6.03175e-05
73200.00 6.05863e-05
73250.00 6.09768e-05
73300.00 6.11727e-05
73350.00 6.14274e-05
73400.00 6.15552e-05
73450.00 6.11926e-05
73500.00 6.11735e-05
73550.00 6.12857e-05
73600.00 6.12247e-05
73650.00 6.15509e-05
73700.00 6.18081e-05
73750.00 6.15866e-05
73800.00 6.16204e-05
73850.00 6.17161e-05
73900.00 6.12951e-05
73950.00 6.13154e-05
74000.00 6.15677e-05
74050.00 6.17285e-05
74100.00 6.19714e-05
74150.00 6.22542e-05
74200.00 6.25209e-05
74250.00 6.23636e-05
74300.00 6.25223e-05
74350.00 6.30267e-05
74400.00 6.26583e-05
74450.00 6.26366e-05
74500.00 6.3068e-05
74550.00 6.3277e-05
74600.00 6.32089e-05
74650.00 6.26131e-05
74700.00 6.27094e-05
74750.00 6.28967e-05
74800.00 6.26513e-05
74850.00 6.23364e-05
74900.00 6.24411e-05
74950.00 6.2796e-05
75000.00 6.26735e-05
75050.00 6.25017e-05
75100.00 6.24368e-05
75150.00 6.25186e-05
75200.00 6.2857e-05
75250.00 6.26577e-05
75300.00 6.22194e-05
75350.00 6.19926e-05
75400.00 6.21627e-05
75450.00 6.27794e-05
75500.00 6.33784e-05
75550.00 6.37401e-05
75600.00 6.37844e-05
75650.00 6.37064e-05
75700.00 6.3763e-05
75750.00 6.41964e-05
75800.00 6.44328e-05
75850.00 6.4249e-05
75900.00 6.41047e-05
75950.00 6.41854e-05
76000.00 6.43541e-05
76050.00 6.42825e-05
76100.00 6.40447e-05
76150.00 6.43206e-05
76200.00 6.45874e-05
76250.00 6.47073e-05
76300.00 6.48672e-05
76350.00 6.47825e-05
76400.00 6.46294e-05
76450.00 6.46675e-05
76500.00 6.49057e-05
76550.00 6.52357e-05
76600.00 6.52874e-05
76650.00 6.52447e-05
76700.00 6.5526e-05
76750.00 6.55708e-05
76800.00 6.49244e-05
76850.00 6.4288e-05
76900.00 6.45314e-05
76950.00 6.49169e-05
77000.00 6.48865e-05
77050.00 6.49182e-05
77100.00 6.51804e-05
77150.00 6.55677e-05
77200.00 6.58798e-05
77250.00 6.57601e-05
77300.00 6.5484e-05
77350.00 6.48935e-05
77400.00 6.47876e-05
77450.00 6.52498e-05
77500.00 6.54298e-05
77550.00 6.57703e-05
77600.00 6.57306e-05
77650.00 6.5368e-05
77700.00 6.50867e-05
77750.00 6.50413e-05
77800.00 6.51766e-05
77850.00 6.54137e-05
77900.00 6.55505e-05
77950.00 6.53847e-05
78000.00 6.58495e-05
78050.00 6.64526e-05
78100.00 6.62284e-05
78150.00 6.59886e-05
78200.00 6.61316e-05
78250.00 6.61166e-05
78300.00 6.59661e-05
78350.00 6.61586e-05
78400.00 6.65599e-05
78450.00 6.69106e-05
78500.00 6.68726e-05
78550.00 6.67258e-05
78600.00 6.70872e-05
78650.00 6.73468e-05
78700.00 6.70975e-05
78750.00 6.66763e-05
78800.00 6.6497e-05
78850.00 6.66275e-05
78900.00 6.7466e-05
78950.00 6.80763e-05
79000.00 6.74688e-05
79050.00 6.7521e-05
79100.00 6.80829e-05
79150.00 6.79066e-05
79200.00 6.77415e-05
79250.00 6.75881e-05
79300.00 6.77457e-05
79350.00 6.83268e-05
79400.00 6.86114e-05
79450.00 6.86205e-05
79500.00 6.88164e-05
79550.00 6.88755e-05
79600.00 6.89585e-05
79650.00 6.90236e-05
79700.00 6.90278e-05
79750.00 6.95301e-05
79800.00 6.98556e-05
79850.00 6.96981e-05
79900.00 6.9342e-05
79950.00 6.96552e-05
80000.00 7.0438e-05
80050.00 7.06508e-05
80100.00 7.07002e-05
80150.00 7.05695e-05
80200.00 7.02398e-05
80250.00 7.02297e-05
80300.00 7.02948e-05
80350.00 6.98941e-05
80400.00 7.00958e-05
80450.00 7.04624e-05
80500.00 7.03188e-05
80550.00 7.05884e-05
80600.00 7.08581e-05
80650.00 7.10759e-05
80700.00 7.09103e-05
80750.00 7.06845e-05
80800.00 7.11236e-05
80850.00 7.18266e-05
80900.00 7.23125e-05
80950.00 7.20877e-05
81000.00 7.1499e-05
81050.00 7.13024e-05
81100.00 7.12843e-05
81150.00 7.14442e-05
81200.00 7.17986e-05
81250.00 7.25266e-05
81300.00 7.30749e-05
81350.00 7.33934e-05
81400.00 7.37048e-05
81450.00 7.34427e-05
81500.00 7.33429e-05
81550.00 7.37045e-05
81600.00 7.38829e-05
81650.00 7.37382e-05
81700.00 7.35904e-05
81750.00 7.36135e-05
81800.00 7.35039e-05
81850.00 7.35729e-05
81900.00 7.40576e-05
81950.00 7.42497e-05
82000.00 7.40451e-05
82050.00 7.37378e-05
82100.00 7.38118e-05
82150.00 7.37015e-05
82200.00 7.32663e-05
82250.00 7.31815e-05
82300.00 7.32391e-05
82350.00 7.32795e-05
82400.00 7.30752e-05
82450.00 7.32546e-05
82500.00 7.38993e-05
82550.00 7.42303e-05
82600.00 7.43824e-05
82650.00 7.41037e-05
82700.00 7.38989e-05
82750.00 7.39804e-05
82800.00 7.43922e-05
82850.00 7.52707e-05
82900.00 7.57326e-05
82950.00 7.56398e-05
83000.00 7.53261e-05
83050.00 7.52095e-05
83100.00 7.53323e-05
83150.00 7.51828e-05
83200.00 7.49687e-05
83250.00 7.49009e-05
83300.00 7.48935e-05
83350.00 7.50625e-05
83400.00 7.4983e-05
83450.00 7.49013e-05
83500.00 7.49254e-05
83550.00 7.48087e-05
83600.00 7.47378e-05
83650.00 7.49774e-05
83700.00 7.50304e-05
83750.00 7.46041e-05
83800.00 7.43254e-05
83850.00 7.45777e-05
83900.00 7.53076e-05
83950.00 7.58516e-05
84000.00 7.59825e-05
84050.00 7.57599e-05
84100.00 7.52811e-05
84150.00 7.53256e-05
84200.00 7.57546e-05
84250.00 7.57894e-05
84300.00 7.58264e-05
84350.00 7.62171e-05
84400.00 7.71643e-05
84450.00 7.8135e-05
84500.00 7.84138e-05
84550.00 7.81586e-05
84600.00 7.75883e-05
84650.00 7.70877e-05
84700.00 7.72867e-05
84750.00 7.74357e-05
84800.00 7.73091e-05
84850.00 7.74656e-05
84900.00 7.7415e-05
84950.00 7.73416e-05
85000.00 7.74839e-05
85050.00 7.7922e-05
85100.00 7.84031e-05
85150.00 7.86218e-05
85200.00 7.84382e-05
85250.00 7.86717e-05
85300.00 7.9067e-05
85350.00 7.89621e-05
85400.00 7.86392e-05
85450.00 7.80763e-05
85500.00 7.79044e-05
85550.00 7.7943e-05
85600.00 7.79792e-05
85650.00 7.78141e-05
85700.00 7.77802e-05
85750.00 7.81294e-05
85800.00 7.83549e-05
85850.00 7.83569e-05
85900.00 7.8005e-05
85950.00 7.78468e-05
86000.00 7.80193e-05
86050.00 7.81192e-05
86100.00 7.84716e-05
86150.00 7.85341e-05
86200.00 7.80162e-05
86250.00 7.78107e-05
86300.00 7.81867e-05
86350.00 7.83467e-05
86400.00 7.8396e-05
86450.00 7.84002e-05
86500.00 7.82787e-05
86550.00 7.82203e-05
86600.00 7.77738e-05
86650.00 7.72024e-05
86700.00 7.69091e-05
86750.00 7.70324e-05
86800.00 7.75377e-05
86850.00 7.80188e-05
86900.00 7.83371e-05
86950.00 7.86459e-05
87000.00 7.88061e-05
87050.00 7.90299e-05
87100.00 7.91839e-05
87150.00 7.91707e-05
87200.00 7.90576e-05
87250.00 7.90569e-05
87300.00 7.93426e-05
87350.00 7.93537e-05
87400.00 7.9289e-05
87450.00 7.93158e-05
87500.00 7.93601e-05
87550.00 7.9357e-05
87600.00 7.91952e-05
87650.00 7.91082e-05
87700.00 7.90901e-05
87750.00 7.89359e-05
87800.00 7.84789e-05
87850.00 7.85082e-05
87900.00 7.89541e-05
87950.00 7.87547e-05
88000.00 7.84278e-05
88050.00 7.81653e-05
88100.00 7.81191e-05
88150.00 7.86218e-05
88200.00 7.91063e-05
88250.00 7.85861e-05
88300.00 7.77898e-05
88350.00 7.7797e-05
88400.00 7.82044e-05
88450.00 7.84297e-05
88500.00 7.83056e-05
88550.00 7.82302e-05
88600.00 7.7668e-05
88650.00 7.73296e-05
88700.00 7.78565e-05
88750.00 7.78821e-05
88800.00 7.78924e-05
88850.00 7.83059e-05
88900.00 7.8547e-05
88950.00 7.85953e-05
89000.00 7.85387e-05
89050.00 7.87969e-05
89100.00 7.92073e-05
89150.00 7.94416e-05
89200.00 7.94246e-05
89250.00 7.9145e-05
89300.00 7.89926e-05
89350.00 7.8917e-05
89400.00 7.9054e-05
89450.00 7.93769e-05
89500.00 7.9056e-05
89550.00 7.87286e-05
89600.00 7.93887e-05
89650.00 8.01e-05
89700.00 7.9956e-05
89750.00 7.98076e-05
89800.00 7.9834e-05
89850.00 8.01394e-05
89900.00 8.03815e-05
89950.00 7.99086e-05
90000.00 7.99112e-05
90050.00 8.02181e-05
90100.00 8.01886e-05
90150.00 8.02211e-05
90200.00 7.99635e-05
90250.00 7.95225e-05
90300.00 7.96453e-05
90350.00 7.9715e-05
90400.00 7.96845e-05
90450.00 8.00585e-05
90500.00 7.99978e-05
90550.00 7.96672e-05
90600.00 7.94848e-05
90650.00 7.96431e-05
90700.00 7.97149e-05
90750.00 7.95025e-05
90800.00 7.98107e-05
90850.00 8.00345e-05
90900.00 7.97446e-05
90950.00 7.95812e-05
91000.00 7.98088e-05
91050.00 7.99326e-05
91100.00 7.93961e-05
91150.00 7.87343e-05
91200.00 7.89209e-05
91250.00 7.90977e-05
91300.00 7.9159e-05
91350.00 7.95402e-05
91400.00 7.97398e-05
91450.00 7.99929e-05
91500.00 8.04416e-05
91550.00 8.10108e-05
91600.00 8.14439e-05
91650.00 8.11746e-05
91700.00 8.07027e-05
91750.00 8.07345e-05
91800.00 8.09466e-05
91850.00 8.10797e-05
91900.00 8.11433e-05
91950.00 8.16061e-05
92000.00 8.20894e-05
92050.00 8.21195e-05
92100.00 8.23636e-05
92150.00 8.24375e-05
92200.00 8.22933e-05
92250.00 8.26326e-05
92300.00 8.28557e-05
92350.00 8.27725e-05
92400.00 8.26262e-05
92450.00 8.24217e-05
92500.00 8.19729e-05
92550.00 8.17503e-05
92600.00 8.1871e-05
92650.00 8.19207e-05
92700.00 8.16621e-05
92750.00 8.13969e-05
92800.00 8.16144e-05
92850.00 8.18073e-05
92900.00 8.18866e-05
92950.00 8.18324e-05
93000.00 8.19384e-05
93050.00 8.25543e-05
93100.00 8.32815e-05
93150.00 8.36755e-05
93200.00 8.37458e-05
93250.00 8.35915e-05
93300.00 8.32639e-05
93350.00 8.31357e-05
93400.00 8.29451e-05
93450.00 8.26888e-05
93500.00 8.29142e-05
93550.00 8.32106e-05
93600.00 8.30778e-05
93650.00 8.33913e-05
93700.00 8.36065e-05
93750.00 8.33155e-05
93800.00 8.29279e-05
93850.00 8.25275e-05
93900.00 8.25177e-05
93950.00 8.23007e-05
94000.00 8.21988e-05
94050.00 8.26279e-05
94100.00 8.29721e-05
94150.00 8.26406e-05
94200.00 8.27502e-05
94250.00 8.31406e-05
94300.00 8.27753e-05
94350.00 8.26765e-05
94400.00 8.28072e-05
94450.00 8.29356e-05
94500.00 8.31844e-05
94550.00 8.35971e-05
94600.00 8.39266e-05
94650.00 8.37757e-05
94700.00 8.38732e-05
94750.00 8.39275e-05
94800.00 8.37262e-05
94850.00 8.39612e-05
94900.00 8.44543e-05
94950.00 8.45283e-05
95000.00 8.4055e-05
95050.00 8.39468e-05
95100.00 8.39761e-05
95150.00 8.37365e-05
95200.00 8.40502e-05
95250.00 8.44225e-05
95300.00 8.45295e-05
95350.00 8.45969e-05
95400.00 8.4582e-05
95450.00 8.48448e-05
95500.00 8.46967e-05
95550.00 8.41823e-05
95600.00 8.38922e-05
95650.00 8.39772e-05
95700.00 8.40738e-05
95750.00 8.42354e-05
95800.00 8.46954e-05
95850.00 8.46504e-05
95900.00 8.45774e-05
95950.00 8.49831e-05
96000.00 8.4985e-05
96050.00 8.4924e-05
96100.00 8.50082e-05
96150.00 8.47198e-05
96200.00 8.46064e-05
96250.00 8.50504e-05
96300.00 8.54967e-05
96350.00 8.56237e-05
96400.00 8.56236e-05
96450.00 8.53376e-05
96500.00 8.47482e-05
96550.00 8.44019e-05
96600.00 8.45205e-05
96650.00 8.48187e-05
96700.00 8.51989e-05
96750.00 8.53432e-05
96800.00 8.5445e-05
96850.00 8.55477e-05
96900.00 8.52101e-05
96950.00 8.5239e-05
97000.00 8.55811e-05
97050.00 8.56668e-05
97100.00 8.58254e-05
97150.00 8.60951e-05
97200.00 8.599e-05
97250.00 8.5677e-05
97300.00 8.54072e-05
97350.00 8.53144e-05
97400.00 8.544e-05
97450.00 8.52702e-05
97500.00 8.53094e-05
97550.00 8.54906e-05
97600.00 8.56397e-05
97650.00 8.57229e-05
97700.00 8.53407e-05
97750.00 8.50916e-05
97800.00 8.53822e-05
97850.00 8.58247e-05
97900.00 8.58123e-05
97950.00 8.57299e-05
98000.00 8.60275e-05
98050.00 8.61705e-05
98100.00 8.61926e-05
98150.00 8.60546e-05
98200.00 8.58371e-05
98250.00 8.58388e-05
98300.00 8.60854e-05
98350.00 8.62406e-05
98400.00 8.62795e-05
98450.00 8.66766e-05
98500.00 8.69554e-05
98550.00 8.69021e-05
98600.00 8.67862e-05
98650.00 8.71286e-05
98700.00 8.77492e-05
98750.00 8.79872e-05
98800.00 8.81635e-05
98850.00 8.80439e-05
98900.00 8.78699e-05
98950.00 8.76913e-05
99000.00 8.74902e-05
99050.00 8.78874e-05
99100.00 8.82255e-05
99150.00 8.81946e-05
99200.00 8.84449e-05
99250.00 8.87166e-05
99300.00 8.85945e-05
99350.00 8.86459e-05
99400.00 8.86818e-05
99450.00 8.875e-05
99500.00 8.88936e-05
99550.00 8.8541e-05
99600.00 8.83454e-05
99650.00 8.81948e-05
99700.00 8.81614e-05
99750.00 8.85911e-05
99800.00 8.88132e-05
99850.00 8.89122e-05
99900.00 8.90967e-05
