50.00 -1.04064e-07
100.00 -1.80839e-07
150.00 -3.57078e-07
200.00 -6.17402e-07
250.00 -7.7538e-07
300.00 -1.03489e-06
350.00 -1.11029e-06
400.00 -1.18591e-06
450.00 -1.42185e-06
500.00 -1.40926e-06
550.00 -1.15357e-06
600.00 -7.0208e-07
650.00 -3.2028e-07
700.00 7.46087e-08
750.00 2.8703e-07
800.00 3.65739e-07
850.00 7.68964e-07
900.00 1.17299e-06
950.00 1.17028e-06
1000.00 9.72365e-07
1050.00 6.14979e-07
1100.00 5.42173e-07
1150.00 5.53786e-07
1200.00 2.87028e-07
1250.00 1.34607e-07
1300.00 4.5578e-07
1350.00 7.83525e-07
1400.00 1.01818e-06
1450.00 1.43716e-06
1500.00 2.01646e-06
1550.00 2.23932e-06
1600.00 1.675e-06
1650.00 9.49889e-07
1700.00 1.10624e-06
1750.00 1.65563e-06
1800.00 1.45713e-06
1850.00 1.85857e-06
1900.00 2.4226e-06
1950.00 2.31554e-06
2000.00 2.18322e-06
2050.00 2.1845e-06
2100.00 2.32261e-06
2150.00 2.74307e-06
2200.00 3.02424e-06
2250.00 2.50677e-06
2300.00 2.23997e-06
2350.00 2.53653e-06
2400.00 2.50753e-06
2450.00 2.07707e-06
2500.00 1.99736e-06
2550.00 1.88919e-06
2600.00 2.16666e-06
2650.00 2.40198e-06
2700.00 2.44755e-06
2750.00 3.20853e-06
2800.00 3.2137e-06
2850.00 2.92903e-06
2900.00 2.97906e-06
2950.00 2.98493e-06
3000.00 3.26529e-06
3050.00 3.40886e-06
3100.00 3.30152e-06
3150.00 3.15587e-06
3200.00 3.11573e-06
3250.00 2.85198e-06
3300.00 3.04945e-06
3350.00 3.32885e-06
3400.00 3.13156e-06
3450.00 2.91278e-06
3500.00 2.80003e-06
3550.00 3.07217e-06
3600.00 3.26712e-06
3650.00 3.17221e-06
3700.00 2.78949e-06
3750.00 2.50599e-06
3800.00 2.38204e-06
3850.00 2.26851e-06
3900.00 2.35313e-06
3950.00 2.8094e-06
4000.00 3.59593e-06
4050.00 3.96579e-06
4100.00 3.83909e-06
4150.00 3.89715e-06
4200.00 3.67099e-06
4250.00 3.31525e-06
4300.00 3.45613e-06
4350.00 3.59028e-06
4400.00 3.75605e-06
4450.00 4.11478e-06
4500.00 4.14974e-06
4550.00 3.77313e-06
4600.00 3.44424e-06
4650.00 3.51344e-06
4700.00 3.67292e-06
4750.00 3.6382e-06
4800.00 3.54365e-06
4850.00 3.64418e-06
4900.00 4.05381e-06
4950.00 4.17835e-06
5000.00 3.87591e-06
5050.00 3.94622e-06
5100.00 4.32777e-06
5150.00 4.71016e-06
5200.00 5.05657e-06
5250.00 5.41133e-06
5300.00 5.71394e-06
5350.00 5.71045e-06
5400.00 5.60263e-06
5450.00 5.67182e-06
5500.00 5.65652e-06
5550.00 5.70047e-06
5600.00 6.006e-06
5650.00 6.23862e-06
5700.00 6.51201e-06
5750.00 6.80411e-06
5800.00 7.04799e-06
5850.00 7.09266e-06
5900.00 6.58385e-06
5950.00 6.80522e-06
6000.00 7.21878e-06
6050.00 7.25791e-06
6100.00 7.7865e-06
6150.00 7.90403e-06
6200.00 7.54074e-06
6250.00 7.48498e-06
6300.00 7.98866e-06
6350.00 8.22063e-06
6400.00 8.22109e-06
6450.00 8.05536e-06
6500.00 7.5702e-06
6550.00 7.23896e-06
6600.00 7.32527e-06
6650.00 7.36903e-06
6700.00 7.34051e-06
6750.00 7.0858e-06
6800.00 6.95239e-06
6850.00 7.00509e-06
6900.00 6.78169e-06
6950.00 7.03412e-06
7000.00 7.33464e-06
7050.00 6.95442e-06
7100.00 6.85999e-06
7150.00 6.99355e-06
7200.00 6.98733e-06
7250.00 7.07313e-06
7300.00 6.98562e-06
7350.00 6.8912e-06
7400.00 6.62909e-06
7450.00 6.66154e-06
7500.00 6.84931e-06
7550.00 7.42737e-06
7600.00 7.88851e-06
7650.00 7.56298e-06
7700.00 7.37602e-06
7750.00 7.49827e-06
7800.00 7.20403e-06
7850.00 7.19176e-06
7900.00 7.41808e-06
7950.00 7.60045e-06
8000.00 8.07279e-06
8050.00 8.13913e-06
8100.00 8.07775e-06
8150.00 8.20631e-06
8200.00 8.15396e-06
8250.00 8.20929e-06
8300.00 8.59939e-06
8350.00 8.93584e-06
8400.00 9.21634e-06
8450.00 9.26493e-06
8500.00 9.06268e-06
8550.00 9.04313e-06
8600.00 9.69767e-06
8650.00 9.89851e-06
8700.00 9.25504e-06
8750.00 9.19507e-06
8800.00 9.62893e-06
8850.00 9.94638e-06
8900.00 1.02968e-05
8950.00 1.04469e-05
9000.00 1.07423e-05
9050.00 1.12874e-05
9100.00 1.1548e-05
9150.00 1.13626e-05
9200.00 1.1051e-05
9250.00 1.1089e-05
9300.00 1.11061e-05
9350.00 1.14382e-05
9400.00 1.12028e-05
9450.00 1.05204e-05
9500.00 1.02882e-05
9550.00 1.04805e-05
9600.00 1.10501e-05
9650.00 1.13615e-05
9700.00 1.15152e-05
9750.00 1.17045e-05
9800.00 1.17327e-05
9850.00 1.16057e-05
9900.00 1.22148e-05
9950.00 1.25126e-05
10000.00 1.23762e-05
10050.00 1.24608e-05
10100.00 1.26659e-05
10150.00 1.30957e-05
10200.00 1.32732e-05
10250.00 1.29461e-05
10300.00 1.2877e-05
10350.00 1.30796e-05
10400.00 1.28149e-05
10450.00 1.26929e-05
10500.00 1.32177e-05
10550.00 1.35201e-05
10600.00 1.36852e-05
10650.00 1.40216e-05
10700.00 1.39075e-05
10750.00 1.37165e-05
10800.00 1.37518e-05
10850.00 1.37544e-05
10900.00 1.36743e-05
10950.00 1.36146e-05
11000.00 1.3706e-05
11050.00 1.35084e-05
11100.00 1.33143e-05
11150.00 1.34765e-05
11200.00 1.315e-05
11250.00 1.29927e-05
11300.00 1.31104e-05
11350.00 1.32526e-05
11400.00 1.37858e-05
11450.00 1.41586e-05
11500.00 1.40014e-05
11550.00 1.40073e-05
11600.00 1.41121e-05
11650.00 1.397e-05
11700.00 1.38313e-05
11750.00 1.37036e-05
11800.00 1.37815e-05
11850.00 1.35194e-05
11900.00 1.34358e-05
11950.00 1.39484e-05
12000.00 1.41776e-05
12050.00 1.43868e-05
12100.00 1.4259e-05
12150.00 1.4155e-05
12200.00 1.4441e-05
12250.00 1.4323e-05
12300.00 1.43781e-05
12350.00 1.47162e-05
12400.00 1.43226e-05
12450.00 1.38241e-05
12500.00 1.41275e-05
12550.00 1.45508e-05
12600.00 1.46027e-05
12650.00 1.49674e-05
12700.00 1.52029e-05
12750.00 1.47385e-05
12800.00 1.48115e-05
12850.00 1.53267e-05
12900.00 1.566e-05
12950.00 1.58306e-05
13000.00 1.51011e-05
13050.00 1.4787e-05
13100.00 1.49444e-05
13150.00 1.51156e-05
13200.00 1.57792e-05
13250.00 1.62308e-05
13300.00 1.60839e-05
13350.00 1.56997e-05
13400.00 1.57858e-05
13450.00 1.60633e-05
13500.00 1.60348e-05
13550.00 1.55829e-05
13600.00 1.53654e-05
13650.00 1.57386e-05
13700.00 1.60359e-05
13750.00 1.63108e-05
13800.00 1.64472e-05
13850.00 1.6367e-05
13900.00 1.67376e-05
13950.00 1.67565e-05
14000.00 1.66341e-05
14050.00 1.65832e-05
14100.00 1.64533e-05
14150.00 1.63974e-05
14200.00 1.61175e-05
14250.00 1.60352e-05
14300.00 1.64201e-05
14350.00 1.70138e-05
14400.00 1.76732e-05
14450.00 1.79679e-05
14500.00 1.80088e-05
14550.00 1.80263e-05
14600.00 1.78454e-05
14650.00 1.79648e-05
14700.00 1.81736e-05
14750.00 1.76948e-05
14800.00 1.7269e-05
14850.00 1.71809e-05
14900.00 1.70581e-05
14950.00 1.69792e-05
15000.00 1.6634e-05
15050.00 1.64805e-05
15100.00 1.67546e-05
15150.00 1.68906e-05
15200.00 1.68505e-05
15250.00 1.68644e-05
15300.00 1.69525e-05
15350.00 1.71334e-05
15400.00 1.73807e-05
15450.00 1.77846e-05
15500.00 1.80261e-05
15550.00 1.79127e-05
15600.00 1.79341e-05
15650.00 1.76866e-05
15700.00 1.72938e-05
15750.00 1.75887e-05
15800.00 1.78732e-05
15850.00 1.79862e-05
15900.00 1.82389e-05
15950.00 1.83254e-05
16000.00 1.82709e-05
16050.00 1.83567e-05
16100.00 1.84918e-05
16150.00 1.87697e-05
16200.00 1.92051e-05
16250.00 1.9164e-05
16300.00 1.89712e-05
16350.00 1.87226e-05
16400.00 1.84454e-05
16450.00 1.83754e-05
16500.00 1.84579e-05
16550.00 1.85412e-05
16600.00 1.85544e-05
16650.00 1.85163e-05
16700.00 1.8442e-05
16750.00 1.85333e-05
16800.00 1.83108e-05
16850.00 1.85554e-05
16900.00 1.92967e-05
16950.00 1.96631e-05
17000.00 1.98244e-05
17050.00 1.99443e-05
17100.00 2.00351e-05
17150.00 2.01413e-05
17200.00 1.99851e-05
17250.00 1.96511e-05
17300.00 1.92908e-05
17350.00 1.92523e-05
17400.00 1.93579e-05
17450.00 1.9213e-05
17500.00 1.93684e-05
17550.00 1.99e-05
17600.00 2.00294e-05
17650.00 2.01424e-05
17700.00 2.00647e-05
17750.00 1.97727e-05
17800.00 2.01606e-05
17850.00 2.07111e-05
17900.00 2.13371e-05
17950.00 2.16379e-05
18000.00 2.19412e-05
18050.00 2.21988e-05
18100.00 2.21133e-05
18150.00 2.18256e-05
18200.00 2.10773e-05
18250.00 2.04731e-05
18300.00 2.08007e-05
18350.00 2.09512e-05
18400.00 2.07836e-05
18450.00 2.07422e-05
18500.00 2.06916e-05
18550.00 2.10675e-05
18600.00 2.13829e-05
18650.00 2.13217e-05
18700.00 2.11527e-05
18750.00 2.13248e-05
18800.00 2.15234e-05
18850.00 2.12908e-05
18900.00 2.09644e-05
18950.00 2.1033e-05
19000.00 2.14271e-05
19050.00 2.15972e-05
19100.00 2.14362e-05
19150.00 2.14873e-05
19200.00 2.14165e-05
19250.00 2.11125e-05
19300.00 2.1204e-05
19350.00 2.14861e-05
19400.00 2.14464e-05
19450.00 2.15591e-05
19500.00 2.18507e-05
19550.00 2.17286e-05
19600.00 2.17409e-05
19650.00 2.19734e-05
19700.00 2.20933e-05
19750.00 2.21773e-05
19800.00 2.24948e-05
19850.00 2.26386e-05
19900.00 2.21516e-05
19950.00 2.19892e-05
20000.00 2.22343e-05
20050.00 2.26759e-05
20100.00 2.29398e-05
20150.00 2.26033e-05
20200.00 2.22399e-05
20250.00 2.24512e-05
20300.00 2.25172e-05
20350.00 2.20582e-05
20400.00 2.19159e-05
20450.00 2.17662e-05
20500.00 2.14068e-05
20550.00 2.18112e-05
20600.00 2.24293e-05
20650.00 2.26228e-05
20700.00 2.29447e-05
20750.00 2.31317e-05
20800.00 2.28877e-05
20850.00 2.24926e-05
20900.00 2.27959e-05
20950.00 2.34605e-05
21000.00 2.35106e-05
21050.00 2.3221e-05
21100.00 2.30321e-05
21150.00 2.29165e-05
21200.00 2.27365e-05
21250.00 2.29011e-05
21300.00 2.3493e-05
21350.00 2.36292e-05
21400.00 2.36314e-05
21450.00 2.40583e-05
21500.00 2.43464e-05
21550.00 2.42611e-05
21600.00 2.4554e-05
21650.00 2.47374e-05
21700.00 2.4119e-05
21750.00 2.36987e-05
21800.00 2.36427e-05
21850.00 2.37292e-05
21900.00 2.40589e-05
21950.00 2.42094e-05
22000.00 2.41338e-05
22050.00 2.40238e-05
22100.00 2.41741e-05
22150.00 2.46545e-05
22200.00 2.51294e-05
22250.00 2.53602e-05
22300.00 2.5343e-05
22350.00 2.53504e-05
22400.00 2.53635e-05
22450.00 2.52756e-05
22500.00 2.47013e-05
22550.00 2.43355e-05
22600.00 2.45968e-05
22650.00 2.48311e-05
22700.00 2.52058e-05
22750.00 2.52608e-05
22800.00 2.49521e-05
22850.00 2.48018e-05
22900.00 2.50545e-05
22950.00 2.52317e-05
23000.00 2.51951e-05
23050.00 2.52793e-05
23100.00 2.5367e-05
23150.00 2.51551e-05
23200.00 2.48434e-05
23250.00 2.50971e-05
23300.00 2.53587e-05
23350.00 2.5666e-05
23400.00 2.63987e-05
23450.00 2.66472e-05
23500.00 2.67092e-05
23550.00 2.66223e-05
23600.00 2.65171e-05
23650.00 2.70109e-05
23700.00 2.73229e-05
23750.00 2.74872e-05
23800.00 2.77323e-05
23850.00 2.76647e-05
23900.00 2.72687e-05
23950.00 2.6747e-05
24000.00 2.6599e-05
24050.00 2.70472e-05
24100.00 2.72328e-05
24150.00 2.74722e-05
24200.00 2.82629e-05
24250.00 2.84821e-05
24300.00 2.81664e-05
24350.00 2.82002e-05
24400.00 2.8283e-05
24450.00 2.84046e-05
24500.00 2.83646e-05
24550.00 2.82684e-05
24600.00 2.83546e-05
24650.00 2.84379e-05
24700.00 2.88906e-05
24750.00 2.8864e-05
24800.00 2.83221e-05
24850.00 2.77721e-05
24900.00 2.7616e-05
24950.00 2.78154e-05
25000.00 2.77195e-05
25050.00 2.8101e-05
25100.00 2.87235e-05
25150.00 2.90579e-05
25200.00 2.92635e-05
25250.00 2.93072e-05
25300.00 2.9281e-05
25350.00 2.92159e-05
25400.00 2.92457e-05
25450.00 2.93073e-05
25500.00 2.93823e-05
25550.00 2.95562e-05
25600.00 2.96791e-05
25650.00 2.97161e-05
25700.00 2.95633e-05
25750.00 2.93901e-05
25800.00 2.93076e-05
25850.00 2.96265e-05
25900.00 2.98578e-05
25950.00 2.94063e-05
26000.00 2.92885e-05
26050.00 2.9715e-05
26100.00 3.00798e-05
26150.00 3.04768e-05
26200.00 3.06269e-05
26250.00 3.03836e-05
26300.00 3.0289e-05
26350.00 3.01706e-05
26400.00 3.05349e-05
26450.00 3.11116e-05
26500.00 3.10948e-05
26550.00 3.09291e-05
26600.00 3.07612e-05
26650.00 3.03386e-05
26700.00 3.02994e-05
26750.00 3.05805e-05
26800.00 3.07446e-05
26850.00 3.09486e-05
26900.00 3.05132e-05
26950.00 3.02532e-05
27000.00 3.06085e-05
27050.00 3.06994e-05
27100.00 3.02719e-05
27150.00 3.00675e-05
27200.00 3.01974e-05
27250.00 2.99661e-05
27300.00 2.97869e-05
27350.00 3.01856e-05
27400.00 3.08704e-05
27450.00 3.13122e-05
27500.00 3.15812e-05
27550.00 3.15873e-05
27600.00 3.12668e-05
27650.00 3.11714e-05
27700.00 3.15794e-05
27750.00 3.19482e-05
27800.00 3.20651e-05
27850.00 3.18145e-05
27900.00 3.15628e-05
27950.00 3.16913e-05
28000.00 3.16507e-05
28050.00 3.11431e-05
28100.00 3.09095e-05
28150.00 3.08906e-05
28200.00 3.07828e-05
28250.00 3.09435e-05
28300.00 3.08094e-05
28350.00 3.05369e-05
28400.00 3.10415e-05
28450.00 3.17703e-05
28500.00 3.18493e-05
28550.00 3.16653e-05
28600.00 3.15455e-05
28650.00 3.17561e-05
28700.00 3.24232e-05
28750.00 3.28939e-05
28800.00 3.31307e-05
28850.00 3.30359e-05
28900.00 3.29946e-05
28950.00 3.27673e-05
29000.00 3.26202e-05
29050.00 3.31589e-05
29100.00 3.33888e-05
29150.00 3.34465e-05
29200.00 3.32284e-05
29250.00 3.31395e-05
29300.00 3.3557e-05
29350.00 3.35784e-05
29400.00 3.37321e-05
29450.00 3.3762e-05
29500.00 3.35749e-05
29550.00 3.35605e-05
29600.00 3.37119e-05
29650.00 3.41939e-05
29700.00 3.46694e-05
29750.00 3.49684e-05
29800.00 3.47724e-05
29850.00 3.45917e-05
29900.00 3.43794e-05
29950.00 3.44221e-05
30000.00 3.43942e-05
30050.00 3.44621e-05
30100.00 3.44324e-05
30150.00 3.39896e-05
30200.00 3.39872e-05
30250.00 3.44247e-05
30300.00 3.50584e-05
30350.00 3.52398e-05
30400.00 3.52688e-05
30450.00 3.53051e-05
30500.00 3.55809e-05
30550.00 3.57273e-05
30600.00 3.5317e-05
30650.00 3.48486e-05
30700.00 3.45999e-05
30750.00 3.4848e-05
30800.00 3.54982e-05
30850.00 3.60671e-05
30900.00 3.60805e-05
30950.00 3.63733e-05
31000.00 3.70774e-05
31050.00 3.70306e-05
31100.00 3.66671e-05
31150.00 3.65511e-05
31200.00 3.6631e-05
31250.00 3.66643e-05
31300.00 3.66331e-05
31350.00 3.66536e-05
31400.00 3.64716e-05
31450.00 3.64832e-05
31500.00 3.6155e-05
31550.00 3.56178e-05
31600.00 3.59629e-05
31650.00 3.65747e-05
31700.00 3.69069e-05
31750.00 3.70888e-05
31800.00 3.66114e-05
31850.00 3.64161e-05
31900.00 3.6692e-05
31950.00 3.6938e-05
32000.00 3.72282e-05
32050.00 3.68477e-05
32100.00 3.62789e-05
32150.00 3.60504e-05
32200.00 3.56074e-05
32250.00 3.54922e-05
32300.00 3.60744e-05
32350.00 3.65795e-05
32400.00 3.6506e-05
32450.00 3.64279e-05
32500.00 3.63649e-05
32550.00 3.5979e-05
32600.00 3.59892e-05
32650.00 3.63822e-05
32700.00 3.67625e-05
32750.00 3.69797e-05
32800.00 3.72791e-05
32850.00 3.72757e-05
32900.00 3.69781e-05
32950.00 3.68417e-05
33000.00 3.6916e-05
33050.00 3.72548e-05
33100.00 3.77438e-05
33150.00 3.77425e-05
33200.00 3.76141e-05
33250.00 3.77895e-05
33300.00 3.7692e-05
33350.00 3.73248e-05
33400.00 3.74331e-05
33450.00 3.77774e-05
33500.00 3.75202e-05
33550.00 3.73792e-05
33600.00 3.75467e-05
33650.00 3.73512e-05
33700.00 3.74344e-05
33750.00 3.77265e-05
33800.00 3.80617e-05
33850.00 3.83387e-05
33900.00 3.8225e-05
33950.00 3.78523e-05
34000.00 3.77695e-05
34050.00 3.79546e-05
34100.00 3.78614e-05
34150.00 3.79546e-05
34200.00 3.81088e-05
34250.00 3.83894e-05
34300.00 3.87165e-05
34350.00 3.90347e-05
34400.00 3.9229e-05
34450.00 3.91152e-05
34500.00 3.87927e-05
34550.00 3.85678e-05
34600.00 3.88703e-05
34650.00 3.92054e-05
34700.00 3.9075e-05
34750.00 3.89259e-05
34800.00 3.91085e-05
34850.00 3.92472e-05
34900.00 3.9071e-05
34950.00 3.86673e-05
35000.00 3.84137e-05
35050.00 3.82707e-05
35100.00 3.80639e-05
35150.00 3.80222e-05
35200.00 3.80906e-05
35250.00 3.81834e-05
35300.00 3.84072e-05
35350.00 3.88938e-05
35400.00 3.93694e-05
35450.00 3.96098e-05
35500.00 3.9558e-05
35550.00 3.9651e-05
35600.00 3.93748e-05
35650.00 3.89036e-05
35700.00 3.91675e-05
35750.00 3.96724e-05
35800.00 3.98137e-05
35850.00 3.95508e-05
35900.00 3.95042e-05
35950.00 3.94861e-05
36000.00 3.985e-05
36050.00 4.01116e-05
36100.00 4.02141e-05
36150.00 4.00861e-05
36200.00 4.00825e-05
36250.00 4.04711e-05
36300.00 4.01972e-05
36350.00 4.03771e-05
36400.00 4.07595e-05
36450.00 4.07952e-05
36500.00 4.0801e-05
36550.00 4.09695e-05
36600.00 4.11446e-05
36650.00 4.08886e-05
36700.00 4.09117e-05
36750.00 4.09844e-05
36800.00 4.08897e-05
36850.00 4.09113e-05
36900.00 4.0804e-05
36950.00 4.06788e-05
37000.00 4.05952e-05
37050.00 4.07423e-05
37100.00 4.11464e-05
37150.00 4.16402e-05
37200.00 4.16314e-05
37250.00 4.10903e-05
37300.00 4.10736e-05
37350.00 4.15512e-05
37400.00 4.16536e-05
37450.00 4.10198e-05
37500.00 4.05304e-05
37550.00 4.0492e-05
37600.00 4.02427e-05
37650.00 3.98699e-05
37700.00 3.99404e-05
37750.00 3.99674e-05
37800.00 3.97886e-05
37850.00 4.05602e-05
37900.00 4.1369e-05
37950.00 4.12558e-05
38000.00 4.10325e-05
38050.00 4.08235e-05
38100.00 4.03531e-05
38150.00 3.98773e-05
38200.00 3.97039e-05
38250.00 3.99363e-05
38300.00 4.0302e-05
38350.00 4.06215e-05
38400.00 4.08831e-05
38450.00 4.07285e-05
38500.00 4.07877e-05
38550.00 4.10717e-05
38600.00 4.11139e-05
38650.00 4.10835e-05
38700.00 4.10746e-05
38750.00 4.14005e-05
38800.00 4.19512e-05
38850.00 4.24203e-05
38900.00 4.24161e-05
38950.00 4.23584e-05
39000.00 4.22672e-05
39050.00 4.20989e-05
39100.00 4.19052e-05
39150.00 4.20319e-05
39200.00 4.21569e-05
39250.00 4.20176e-05
39300.00 4.22853e-05
39350.00 4.23759e-05
39400.00 4.22774e-05
39450.00 4.20414e-05
39500.00 4.2004e-05
39550.00 4.22862e-05
39600.00 4.22896e-05
39650.00 4.21232e-05
39700.00 4.22755e-05
39750.00 4.27209e-05
39800.00 4.29492e-05
39850.00 4.29237e-05
39900.00 4.26649e-05
39950.00 4.24662e-05
40000.00 4.21682e-05
40050.00 4.20986e-05
40100.00 4.27057e-05
40150.00 4.28409e-05
40200.00 4.291e-05
40250.00 4.29784e-05
40300.00 4.27894e-05
40350.00 4.28526e-05
40400.00 4.27634e-05
40450.00 4.28617e-05
40500.00 4.27368e-05
40550.00 4.23777e-05
40600.00 4.22395e-05
40650.00 4.23119e-05
40700.00 4.24619e-05
40750.00 4.23217e-05
40800.00 4.27835e-05
40850.00 4.33701e-05
40900.00 4.3562e-05
40950.00 4.32588e-05
41000.00 4.25418e-05
41050.00 4.23114e-05
41100.00 4.22833e-05
41150.00 4.24942e-05
41200.00 4.28571e-05
41250.00 4.27557e-05
41300.00 4.29458e-05
41350.00 4.32022e-05
41400.00 4.34496e-05
41450.00 4.35687e-05
41500.00 4.34163e-05
41550.00 4.38117e-05
41600.00 4.37502e-05
41650.00 4.36738e-05
41700.00 4.4124e-05
41750.00 4.44128e-05
41800.00 4.46303e-05
41850.00 4.46445e-05
41900.00 4.44789e-05
41950.00 4.44492e-05
42000.00 4.41097e-05
42050.00 4.40194e-05
42100.00 4.42276e-05
42150.00 4.39816e-05
42200.00 4.40187e-05
42250.00 4.39137e-05
42300.00 4.37567e-05
42350.00 4.38719e-05
42400.00 4.41404e-05
42450.00 4.44533e-05
42500.00 4.43187e-05
42550.00 4.39645e-05
42600.00 4.40923e-05
42650.00 4.4648e-05
42700.00 4.51376e-05
42750.00 4.54812e-05
42800.00 4.52253e-05
42850.00 4.47937e-05
42900.00 4.49318e-05
42950.00 4.52917e-05
43000.00 4.52469e-05
43050.00 4.49371e-05
43100.00 4.49613e-05
43150.00 4.51875e-05
43200.00 4.51579e-05
43250.00 4.49758e-05
43300.00 4.48936e-05
43350.00 4.48418e-05
43400.00 4.50117e-05
43450.00 4.531e-05
43500.00 4.5416e-05
43550.00 4.51075e-05
43600.00 4.46725e-05
43650.00 4.48524e-05
43700.00 4.46148e-05
43750.00 4.40478e-05
43800.00 4.42445e-05
43850.00 4.44333e-05
43900.00 4.44095e-05
43950.00 4.46952e-05
44000.00 4.49687e-05
44050.00 4.47983e-05
44100.00 4.44637e-05
44150.00 4.44206e-05
44200.00 4.4721e-05
44250.00 4.53192e-05
44300.00 4.56779e-05
44350.00 4.55357e-05
44400.00 4.54849e-05
44450.00 4.52273e-05
44500.00 4.52479e-05
44550.00 4.57945e-05
44600.00 4.62048e-05
44650.00 4.63651e-05
44700.00 4.60681e-05
44750.00 4.57139e-05
44800.00 4.55711e-05
44850.00 4.57787e-05
44900.00 4.61452e-05
44950.00 4.59995e-05
45000.00 4.56846e-05
45050.00 4.57967e-05
45100.00 4.59158e-05
45150.00 4.55802e-05
45200.00 4.55896e-05
45250.00 4.56952e-05
45300.00 4.57536e-05
45350.00 4.57734e-05
45400.00 4.53727e-05
45450.00 4.51661e-05
45500.00 4.49969e-05
45550.00 4.45938e-05
45600.00 4.4698e-05
45650.00 4.52405e-05
45700.00 4.549e-05
45750.00 4.49234e-05
45800.00 4.43084e-05
45850.00 4.44142e-05
45900.00 4.45826e-05
45950.00 4.50359e-05
46000.00 4.53167e-05
46050.00 4.54594e-05
46100.00 4.52293e-05
46150.00 4.47865e-05
46200.00 4.48554e-05
46250.00 4.53692e-05
46300.00 4.55909e-05
46350.00 4.56594e-05
46400.00 4.58046e-05
46450.00 4.57623e-05
46500.00 4.62123e-05
46550.00 4.68358e-05
46600.00 4.70181e-05
46650.00 4.6252e-05
46700.00 4.54286e-05
46750.00 4.53098e-05
46800.00 4.55097e-05
46850.00 4.58968e-05
46900.00 4.59253e-05
46950.00 4.52287e-05
47000.00 4.46319e-05
47050.00 4.46892e-05
47100.00 4.50209e-05
47150.00 4.5401e-05
47200.00 4.5983e-05
47250.00 4.59924e-05
47300.00 4.57983e-05
47350.00 4.56724e-05
47400.00 4.53704e-05
47450.00 4.5711e-05
47500.00 4.61725e-05
47550.00 4.6837e-05
47600.00 4.745e-05
47650.00 4.77181e-05
47700.00 4.7823e-05
47750.00 4.74134e-05
47800.00 4.72088e-05
47850.00 4.69249e-05
47900.00 4.61758e-05
47950.00 4.60619e-05
48000.00 4.65411e-05
48050.00 4.68318e-05
48100.00 4.66256e-05
48150.00 4.62862e-05
48200.00 4.68658e-05
48250.00 4.72965e-05
48300.00 4.66757e-05
48350.00 4.65272e-05
48400.00 4.67368e-05
48450.00 4.65741e-05
48500.00 4.6506e-05
48550.00 4.69532e-05
48600.00 4.71726e-05
48650.00 4.67709e-05
48700.00 4.70391e-05
48750.00 4.76791e-05
48800.00 4.74847e-05
48850.00 4.73183e-05
48900.00 4.72799e-05
48950.00 4.72362e-05
49000.00 4.71752e-05
49050.00 4.71092e-05
49100.00 4.72673e-05
49150.00 4.7686e-05
49200.00 4.82638e-05
49250.00 4.87569e-05
49300.00 4.92086e-05
49350.00 4.92219e-05
49400.00 4.92533e-05
49450.00 4.9186e-05
49500.00 4.86358e-05
49550.00 4.82487e-05
49600.00 4.84082e-05
49650.00 4.8653e-05
49700.00 4.89059e-05
49750.00 4.91208e-05
49800.00 4.88474e-05
49850.00 4.87924e-05
49900.00 4.87283e-05
49950.00 4.86161e-05
50000.00 4.86293e-05
50050.00 4.83787e-05
50100.00 4.83975e-05
50150.00 4.8582e-05
50200.00 4.85796e-05
50250.00 4.85136e-05
50300.00 4.82542e-05
50350.00 4.78425e-05
50400.00 4.80272e-05
50450.00 4.85216e-05
50500.00 4.87389e-05
50550.00 4.86651e-05
50600.00 4.84205e-05
50650.00 4.83595e-05
50700.00 4.86199e-05
50750.00 4.89699e-05
50800.00 4.96996e-05
50850.00 5.01361e-05
50900.00 5.02015e-05
50950.00 5.01084e-05
51000.00 4.98637e-05
51050.00 5.00804e-05
51100.00 5.02588e-05
51150.00 5.01295e-05
51200.00 4.99347e-05
51250.00 4.99574e-05
51300.00 4.98335e-05
51350.00 4.99622e-05
51400.00 5.0229e-05
51450.00 5.05011e-05
51500.00 5.08507e-05
51550.00 5.07979e-05
51600.00 5.06023e-05
51650.00 5.03419e-05
51700.00 5.02655e-05
51750.00 5.02813e-05
51800.00 5.04982e-05
51850.00 5.09316e-05
51900.00 5.11989e-05
51950.00 5.17962e-05
52000.00 5.22026e-05
52050.00 5.24707e-05
52100.00 5.28794e-05
52150.00 5.29994e-05
52200.00 5.34063e-05
52250.00 5.36531e-05
52300.00 5.31206e-05
52350.00 5.30089e-05
52400.00 5.34144e-05
52450.00 5.35907e-05
52500.00 5.39952e-05
52550.00 5.41488e-05
52600.00 5.39375e-05
52650.00 5.39629e-05
52700.00 5.42889e-05
52750.00 5.44901e-05
52800.00 5.42017e-05
52850.00 5.40766e-05
52900.00 5.42394e-05
52950.00 5.42793e-05
53000.00 5.44156e-05
53050.00 5.50058e-05
53100.00 5.53663e-05
53150.00 5.48693e-05
53200.00 5.42233e-05
53250.00 5.40293e-05
53300.00 5.41855e-05
53350.00 5.42337e-05
53400.00 5.40986e-05
53450.00 5.41013e-05
53500.00 5.42883e-05
53550.00 5.44343e-05
53600.00 5.4494e-05
53650.00 5.46841e-05
53700.00 5.47555e-05
53750.00 5.4735e-05
53800.00 5.51815e-05
53850.00 5.54528e-05
53900.00 5.52699e-05
53950.00 5.53615e-05
54000.00 5.56001e-05
54050.00 5.55996e-05
54100.00 5.56138e-05
54150.00 5.55252e-05
54200.00 5.52877e-05
54250.00 5.53551e-05
54300.00 5.5325e-05
54350.00 5.52003e-05
54400.00 5.53773e-05
54450.00 5.54534e-05
54500.00 5.54973e-05
54550.00 5.54234e-05
54600.00 5.52902e-05
54650.00 5.51875e-05
54700.00 5.50703e-05
54750.00 5.48824e-05
54800.00 5.45979e-05
54850.00 5.47055e-05
54900.00 5.48487e-05
54950.00 5.48148e-05
55000.00 5.50468e-05
55050.00 5.53243e-05
55100.00 5.53215e-05
55150.00 5.53766e-05
55200.00 5.56666e-05
55250.00 5.58452e-05
55300.00 5.57566e-05
55350.00 5.62011e-05
55400.00 5.69545e-05
55450.00 5.72279e-05
55500.00 5.7528e-05
55550.00 5.77188e-05
55600.00 5.73682e-05
55650.00 5.72629e-05
55700.00 5.7203e-05
55750.00 5.70051e-05
55800.00 5.72581e-05
55850.00 5.74235e-05
55900.00 5.71303e-05
55950.00 5.68118e-05
56000.00 5.68727e-05
56050.00 5.71203e-05
56100.00 5.74015e-05
56150.00 5.78784e-05
56200.00 5.83393e-05
56250.00 5.81674e-05
56300.00 5.74442e-05
56350.00 5.71305e-05
56400.00 5.69207e-05
56450.00 5.67721e-05
56500.00 5.68411e-05
56550.00 5.69627e-05
56600.00 5.72856e-05
56650.00 5.73712e-05
56700.00 5.71368e-05
56750.00 5.74347e-05
56800.00 5.7851e-05
56850.00 5.83327e-05
56900.00 5.87802e-05
56950.00 5.82699e-05
57000.00 5.80184e-05
57050.00 5.8099e-05
57100.00 5.7892e-05
57150.00 5.80526e-05
57200.00 5.82829e-05
57250.00 5.8474e-05
57300.00 5.86369e-05
57350.00 5.81349e-05
57400.00 5.75431e-05
57450.00 5.72966e-05
57500.00 5.71937e-05
57550.00 5.73001e-05
57600.00 5.73765e-05
57650.00 5.75649e-05
57700.00 5.75293e-05
57750.00 5.72099e-05
57800.00 5.72029e-05
57850.00 5.72929e-05
57900.00 5.72068e-05
57950.00 5.71083e-05
58000.00 5.73973e-05
58050.00 5.76546e-05
58100.00 5.75802e-05
58150.00 5.78498e-05
58200.00 5.83126e-05
58250.00 5.82812e-05
58300.00 5.79824e-05
58350.00 5.80406e-05
58400.00 5.80943e-05
58450.00 5.81403e-05
58500.00 5.82589e-05
58550.00 5.78479e-05
58600.00 5.78323e-05
58650.00 5.77635e-05
58700.00 5.74618e-05
58750.00 5.76004e-05
58800.00 5.76016e-05
58850.00 5.73761e-05
58900.00 5.72803e-05
58950.00 5.73797e-05
59000.00 5.80028e-05
59050.00 5.83336e-05
59100.00 5.77464e-05
59150.00 5.73446e-05
59200.00 5.71964e-05
59250.00 5.76325e-05
59300.00 5.84838e-05
59350.00 5.86989e-05
59400.00 5.88523e-05
59450.00 5.89771e-05
59500.00 5.90363e-05
59550.00 5.97593e-05
59600.00 6.03128e-05
59650.00 5.99587e-05
59700.00 5.97182e-05
59750.00 5.97176e-05
59800.00 5.96992e-05
59850.00 5.99334e-05
59900.00 5.97242e-05
59950.00 5.91896e-05
60000.00 5.88406e-05
60050.00 5.89729e-05
60100.00 5.93525e-05
60150.00 5.94207e-05
60200.00 5.94468e-05
60250.00 5.92248e-05
60300.00 5.92742e-05
60350.00 5.93096e-05
60400.00 5.91168e-05
60450.00 5.94036e-05
60500.00 5.94707e-05
60550.00 5.94852e-05
60600.00 5.98179e-05
60650.00 6.00285e-05
60700.00 5.98823e-05
60750.00 5.95872e-05
60800.00 6.00414e-05
60850.00 6.07652e-05
60900.00 6.07399e-05
60950.00 6.04873e-05
61000.00 6.03709e-05
61050.00 6.00641e-05
61100.00 6.00101e-05
61150.00 6.04226e-05
61200.00 6.08622e-05
61250.00 6.08316e-05
61300.00 6.09769e-05
61350.00 6.12058e-05
61400.00 6.10645e-05
61450.00 6.10938e-05
61500.00 6.10798e-05
61550.00 6.11488e-05
61600.00 6.11904e-05
61650.00 6.13451e-05
61700.00 6.16918e-05
61750.00 6.18043e-05
61800.00 6.16045e-05
61850.00 6.12761e-05
61900.00 6.08743e-05
61950.00 6.0701e-05
62000.00 6.02138e-05
62050.00 6.00139e-05
62100.00 6.03503e-05
62150.00 6.00966e-05
62200.00 6.01603e-05
62250.00 6.06458e-05
62300.00 6.07421e-05
62350.00 6.11933e-05
62400.00 6.17156e-05
62450.00 6.20174e-05
62500.00 6.20411e-05
62550.00 6.18666e-05
62600.00 6.22071e-05
62650.00 6.24274e-05
62700.00 6.23742e-05
62750.00 6.22713e-05
62800.00 6.21479e-05
62850.00 6.21262e-05
62900.00 6.21516e-05
62950.00 6.18781e-05
63000.00 6.14654e-05
63050.00 6.12734e-05
63100.00 6.15154e-05
63150.00 6.1847e-05
63200.00 6.16105e-05
63250.00 6.10915e-05
63300.00 6.07042e-05
63350.00 6.07035e-05
63400.00 6.08276e-05
63450.00 6.08809e-05
63500.00 6.06971e-05
63550.00 6.03614e-05
63600.00 6.02556e-05
63650.00 6.03661e-05
63700.00 6.0547e-05
63750.00 6.06573e-05
63800.00 6.03159e-05
63850.00 6.00718e-05
63900.00 6.05712e-05
63950.00 6.0659e-05
64000.00 6.0703e-05
64050.00 6.11643e-05
64100.00 6.12734e-05
64150.00 6.12407e-05
64200.00 6.14368e-05
64250.00 6.12114e-05
64300.00 6.09849e-05
64350.00 6.12903e-05
64400.00 6.1413e-05
64450.00 6.11066e-05
64500.00 6.09852e-05
64550.00 6.12092e-05
64600.00 6.16497e-05
64650.00 6.1531e-05
64700.00 6.08392e-05
64750.00 6.06945e-05
64800.00 6.09355e-05
64850.00 6.11069e-05
64900.00 6.0951e-05
64950.00 6.08335e-05
65000.00 6.05198e-05
65050.00 6.01966e-05
65100.00 5.99152e-05
65150.00 5.98687e-05
65200.00 6.02491e-05
65250.00 6.01203e-05
65300.00 6.00444e-05
65350.00 6.05963e-05
65400.00 6.07833e-05
65450.00 6.08983e-05
65500.00 6.11429e-05
65550.00 6.11326e-05
65600.00 6.11001e-05
65650.00 6.12013e-05
65700.00 6.15421e-05
65750.00 6.14158e-05
65800.00 6.1107e-05
65850.00 6.1268e-05
65900.00 6.11521e-05
65950.00 6.09217e-05
66000.00 6.06429e-05
66050.00 6.04592e-05
66100.00 6.09383e-05
66150.00 6.1344e-05
66200.00 6.1659e-05
66250.00 6.18553e-05
66300.00 6.20198e-05
66350.00 6.2293e-05
66400.00 6.20872e-05
66450.00 6.17222e-05
66500.00 6.19597e-05
66550.00 6.22935e-05
66600.00 6.2223e-05
66650.00 6.23414e-05
66700.00 6.28873e-05
66750.00 6.33673e-05
66800.00 6.35256e-05
66850.00 6.35807e-05
66900.00 6.32677e-05
66950.00 6.29229e-05
67000.00 6.28763e-05
67050.00 6.26623e-05
67100.00 6.25306e-05
67150.00 6.23832e-05
67200.00 6.25341e-05
67250.00 6.30869e-05
67300.00 6.33151e-05
67350.00 6.29813e-05
67400.00 6.26957e-05
67450.00 6.26145e-05
67500.00 6.2823e-05
67550.00 6.28733e-05
67600.00 6.28872e-05
67650.00 6.31429e-05
67700.00 6.33234e-05
67750.00 6.3545e-05
67800.00 6.36433e-05
67850.00 6.37756e-05
67900.00 6.3743e-05
67950.00 6.3658e-05
68000.00 6.33022e-05
68050.00 6.34982e-05
68100.00 6.40846e-05
68150.00 6.42651e-05
68200.00 6.40057e-05
68250.00 6.35434e-05
68300.00 6.34699e-05
68350.00 6.37628e-05
68400.00 6.40962e-05
68450.00 6.42077e-05
68500.00 6.42013e-05
68550.00 6.45862e-05
68600.00 6.51211e-05
68650.00 6.49443e-05
68700.00 6.50649e-05
68750.00 6.54659e-05
68800.00 6.54728e-05
68850.00 6.51635e-05
68900.00 6.5054e-05
68950.00 6.51362e-05
69000.00 6.54272e-05
69050.00 6.57409e-05
69100.00 6.54236e-05
69150.00 6.50292e-05
69200.00 6.51205e-05
69250.00 6.51572e-05
69300.00 6.48728e-05
69350.00 6.50994e-05
69400.00 6.52331e-05
69450.00 6.52228e-05
69500.00 6.56905e-05
69550.00 6.61226e-05
69600.00 6.62023e-05
69650.00 6.62107e-05
69700.00 6.56594e-05
69750.00 6.50392e-05
69800.00 6.52721e-05
69850.00 6.53444e-05
69900.00 6.49453e-05
69950.00 6.47239e-05
70000.00 6.49628e-05
70050.00 6.50983e-05
70100.00 6.51026e-05
70150.00 6.53303e-05
70200.00 6.55525e-05
70250.00 6.59242e-05
70300.00 6.66332e-05
70350.00 6.73265e-05
70400.00 6.75151e-05
70450.00 6.71965e-05
70500.00 6.68734e-05
70550.00 6.70894e-05
70600.00 6.71037e-05
70650.00 6.68131e-05
70700.00 6.70563e-05
70750.00 6.77391e-05
70800.00 6.82038e-05
70850.00 6.8052e-05
70900.00 6.80017e-05
70950.00 6.81949e-05
71000.00 6.8282e-05
71050.00 6.81637e-05
71100.00 6.78002e-05
71150.00 6.7711e-05
71200.00 6.79619e-05
71250.00 6.79954e-05
71300.00 6.76393e-05
71350.00 6.74718e-05
71400.00 6.79418e-05
71450.00 6.87053e-05
71500.00 6.90926e-05
71550.00 6.89439e-05
71600.00 6.89564e-05
71650.00 6.90125e-05
71700.00 6.86748e-05
71750.00 6.84217e-05
71800.00 6.82508e-05
71850.00 6.80948e-05
71900.00 6.79419e-05
71950.00 6.78429e-05
72000.00 6.7611e-05
72050.00 6.72092e-05
72100.00 6.71032e-05
72150.00 6.71922e-05
72200.00 6.73101e-05
72250.00 6.70523e-05
72300.00 6.65282e-05
72350.00 6.66759e-05
72400.00 6.71189e-05
72450.00 6.74842e-05
72500.00 6.76031e-05
72550.00 6.76336e-05
72600.00 6.77716e-05
72650.00 6.76213e-05
72700.00 6.7497e-05
72750.00 6.77245e-05
72800.00 6.77513e-05
72850.00 6.77831e-05
72900.00 6.83079e-05
72950.00 6.88412e-05
73000.00 6.90954e-05
73050.00 6.92159e-05
73100.00 6.90354e-05
73150.00 6.85783e-05
73200.00 6.83975e-05
73250.00 6.81756e-05
73300.00 6.81162e-05
73350.00 6.83836e-05
73400.00 6.85503e-05
73450.00 6.86999e-05
73500.00 6.88344e-05
73550.00 6.92643e-05
73600.00 6.99195e-05
73650.00 7.022e-05
73700.00 6.9935e-05
73750.00 6.96334e-05
73800.00 6.96887e-05
73850.00 7.01634e-05
73900.00 7.03346e-05
73950.00 7.00062e-05
74000.00 7.00852e-05
74050.00 7.00768e-05
74100.00 6.98677e-05
74150.00 6.9838e-05
74200.00 6.99005e-05
74250.00 6.99431e-05
74300.00 6.99586e-05
74350.00 6.97422e-05
74400.00 6.94624e-05
74450.00 6.95191e-05
74500.00 6.99056e-05
74550.00 7.04554e-05
74600.00 7.08316e-05
74650.00 7.09056e-05
74700.00 7.09496e-05
74750.00 7.12096e-05
74800.00 7.11094e-05
74850.00 7.05643e-05
74900.00 7.00099e-05
74950.00 6.98573e-05
75000.00 6.97317e-05
75050.00 6.9721e-05
75100.00 7.01485e-05
75150.00 7.02533e-05
75200.00 7.01824e-05
75250.00 7.05404e-05
75300.00 7.08616e-05
75350.00 7.0769e-05
75400.00 7.04545e-05
75450.00 7.02844e-05
75500.00 7.03218e-05
75550.00 7.04282e-05
75600.00 7.06347e-05
75650.00 7.08291e-05
75700.00 7.1001e-05
75750.00 7.08716e-05
75800.00 7.09914e-05
75850.00 7.09969e-05
75900.00 7.10464e-05
75950.00 7.12294e-05
76000.00 7.08721e-05
76050.00 7.0845e-05
76100.00 7.10278e-05
76150.00 7.09401e-05
76200.00 7.1109e-05
76250.00 7.13587e-05
76300.00 7.11553e-05
76350.00 7.09085e-05
76400.00 7.11135e-05
76450.00 7.1667e-05
76500.00 7.17352e-05
76550.00 7.14391e-05
76600.00 7.15122e-05
76650.00 7.13448e-05
76700.00 7.10541e-05
76750.00 7.11586e-05
76800.00 7.14521e-05
76850.00 7.1239e-05
76900.00 7.1216e-05
76950.00 7.18552e-05
77000.00 7.21349e-05
77050.00 7.22826e-05
77100.00 7.21374e-05
77150.00 7.20671e-05
77200.00 7.24295e-05
77250.00 7.26144e-05
77300.00 7.32815e-05
77350.00 7.39848e-05
77400.00 7.37439e-05
77450.00 7.31761e-05
77500.00 7.27937e-05
77550.00 7.29298e-05
77600.00 7.30643e-05
77650.00 7.27627e-05
77700.00 7.28995e-05
77750.00 7.32211e-05
77800.00 7.31824e-05
77850.00 7.32814e-05
77900.00 7.36223e-05
77950.00 7.38614e-05
78000.00 7.41762e-05
78050.00 7.42813e-05
78100.00 7.41607e-05
78150.00 7.418e-05
78200.00 7.36444e-05
78250.00 7.31764e-05
78300.00 7.29685e-05
78350.00 7.25153e-05
78400.00 7.25444e-05
78450.00 7.2799e-05
78500.00 7.27585e-05
78550.00 7.2648e-05
78600.00 7.26349e-05
78650.00 7.25142e-05
78700.00 7.28526e-05
78750.00 7.3262e-05
78800.00 7.29579e-05
78850.00 7.27912e-05
78900.00 7.25299e-05
78950.00 7.24163e-05
79000.00 7.2559e-05
79050.00 7.26738e-05
79100.00 7.30369e-05
79150.00 7.36198e-05
79200.00 7.42948e-05
79250.00 7.45184e-05
79300.00 7.42537e-05
79350.00 7.41173e-05
79400.00 7.39739e-05
79450.00 7.3783e-05
79500.00 7.38292e-05
79550.00 7.36892e-05
79600.00 7.39584e-05
79650.00 7.41471e-05
79700.00 7.4428e-05
79750.00 7.49003e-05
79800.00 7.48145e-05
79850.00 7.48133e-05
79900.00 7.49067e-05
79950.00 7.47462e-05
80000.00 7.43663e-05
80050.00 7.42672e-05
80100.00 7.4272e-05
80150.00 7.4459e-05
80200.00 7.44271e-05
80250.00 7.375e-05
80300.00 7.3585e-05
80350.00 7.40132e-05
80400.00 7.40329e-05
80450.00 7.37647e-05
80500.00 7.38823e-05
80550.00 7.41994e-05
80600.00 7.4188e-05
80650.00 7.39924e-05
80700.00 7.39841e-05
80750.00 7.39402e-05
80800.00 7.40427e-05
80850.00 7.44963e-05
80900.00 7.4959e-05
80950.00 7.48584e-05
81000.00 7.4427e-05
81050.00 7.40682e-05
81100.00 7.4001e-05
81150.00 7.42601e-05
81200.00 7.40654e-05
81250.00 7.41929e-05
81300.00 7.46303e-05
81350.00 7.46829e-05
81400.00 7.49441e-05
81450.00 7.53607e-05
81500.00 7.54334e-05
81550.00 7.49831e-05
81600.00 7.48322e-05
81650.00 7.50561e-05
81700.00 7.50859e-05
81750.00 7.47627e-05
81800.00 7.47001e-05
81850.00 7.52928e-05
81900.00 7.55261e-05
81950.00 7.5302e-05
82000.00 7.53615e-05
82050.00 7.55065e-05
82100.00 7.53361e-05
82150.00 7.5272e-05
82200.00 7.51935e-05
82250.00 7.52239e-05
82300.00 7.55575e-05
82350.00 7.55279e-05
82400.00 7.5028e-05
82450.00 7.43223e-05
82500.00 7.44086e-05
82550.00 7.49548e-05
82600.00 7.52853e-05
82650.00 7.53188e-05
82700.00 7.50396e-05
82750.00 7.48992e-05
82800.00 7.51883e-05
82850.00 7.57265e-05
82900.00 7.60982e-05
82950.00 7.61077e-05
83000.00 7.58694e-05
83050.00 7.61404e-05
83100.00 7.63736e-05
83150.00 7.61647e-05
83200.00 7.58177e-05
83250.00 7.5847e-05
83300.00 7.56707e-05
83350.00 7.53214e-05
83400.00 7.56194e-05
83450.00 7.57646e-05
83500.00 7.53466e-05
83550.00 7.56525e-05
83600.00 7.60944e-05
83650.00 7.57136e-05
83700.00 7.54501e-05
83750.00 7.51652e-05
83800.00 7.53399e-05
83850.00 7.5595e-05
83900.00 7.58229e-05
83950.00 7.63071e-05
84000.00 7.68981e-05
84050.00 7.72058e-05
84100.00 7.72721e-05
84150.00 7.73632e-05
84200.00 7.73059e-05
84250.00 7.66472e-05
84300.00 7.60427e-05
84350.00 7.60302e-05
84400.00 7.589e-05
84450.00 7.59247e-05
84500.00 7.62057e-05
84550.00 7.65204e-05
84600.00 7.64026e-05
84650.00 7.66303e-05
84700.00 7.72815e-05
84750.00 7.74198e-05
84800.00 7.73766e-05
84850.00 7.75822e-05
84900.00 7.78654e-05
84950.00 7.77666e-05
85000.00 7.7335e-05
85050.00 7.7265e-05
85100.00 7.77223e-05
85150.00 7.81167e-05
85200.00 7.84645e-05
85250.00 7.8811e-05
85300.00 7.83803e-05
85350.00 7.79451e-05
85400.00 7.75744e-05
85450.00 7.70739e-05
85500.00 7.72925e-05
85550.00 7.77094e-05
85600.00 7.78431e-05
85650.00 7.77108e-05
85700.00 7.79183e-05
85750.00 7.8193e-05
85800.00 7.84675e-05
85850.00 7.85333e-05
85900.00 7.82352e-05
85950.00 7.82129e-05
86000.00 7.83102e-05
86050.00 7.82368e-05
86100.00 7.82169e-05
86150.00 7.87429e-05
86200.00 7.85552e-05
86250.00 7.79688e-05
86300.00 7.79259e-05
86350.00 7.78317e-05
86400.00 7.78193e-05
86450.00 7.80824e-05
86500.00 7.82403e-05
86550.00 7.86922e-05
86600.00 7.90068e-05
86650.00 7.92072e-05
86700.00 7.91428e-05
86750.00 7.85985e-05
86800.00 7.86247e-05
86850.00 7.8554e-05
86900.00 7.83401e-05
86950.00 7.8366e-05
87000.00 7.84835e-05
87050.00 7.8807e-05
87100.00 7.93474e-05
87150.00 7.95941e-05
87200.00 7.9664e-05
87250.00 7.95828e-05
87300.00 7.93198e-05
87350.00 7.89489e-05
87400.00 7.85759e-05
87450.00 7.88088e-05
87500.00 7.90242e-05
87550.00 7.91242e-05
87600.00 7.95617e-05
87650.00 7.94526e-05
87700.00 7.89416e-05
87750.00 7.8982e-05
87800.00 7.90325e-05
87850.00 7.91619e-05
87900.00 7.94313e-05
87950.00 7.96735e-05
88000.00 7.97912e-05
88050.00 7.97823e-05
88100.00 7.948e-05
88150.00 7.94585e-05
88200.00 7.91226e-05
88250.00 7.84348e-05
88300.00 7.84163e-05
88350.00 7.88321e-05
88400.00 7.91777e-05
88450.00 7.9047e-05
88500.00 7.85108e-05
88550.00 7.79552e-05
88600.00 7.85202e-05
88650.00 7.91139e-05
88700.00 7.93497e-05
88750.00 7.94376e-05
88800.00 7.93603e-05
88850.00 7.90225e-05
88900.00 7.85045e-05
88950.00 7.83989e-05
89000.00 7.84823e-05
89050.00 7.83955e-05
89100.00 7.84431e-05
89150.00 7.8581e-05
89200.00 7.86455e-05
89250.00 7.87677e-05
89300.00 7.87916e-05
89350.00 7.90395e-05
89400.00 7.87893e-05
89450.00 7.85016e-05
89500.00 7.86054e-05
89550.00 7.8758e-05
89600.00 7.90652e-05
89650.00 7.91332e-05
89700.00 7.90432e-05
89750.00 7.8899e-05
89800.00 7.88572e-05
89850.00 7.90316e-05
89900.00 7.91125e-05
89950.00 7.92536e-05
90000.00 7.94006e-05
90050.00 7.94785e-05
90100.00 7.9603e-05
90150.00 7.97717e-05
90200.00 7.99217e-05
90250.00 8.00087e-05
90300.00 8.04183e-05
90350.00 8.0724e-05
90400.00 8.11792e-05
90450.00 8.16175e-05
90500.00 8.15472e-05
90550.00 8.1384e-05
90600.00 8.12168e-05
90650.00 8.0824e-05
90700.00 8.08014e-05
90750.00 8.10061e-05
90800.00 8.07833e-05
90850.00 8.06466e-05
90900.00 8.0686e-05
90950.00 8.09191e-05
91000.00 8.13375e-05
91050.00 8.15486e-05
91100.00 8.18466e-05
91150.00 8.22951e-05
91200.00 8.19738e-05
91250.00 8.169e-05
91300.00 8.17826e-05
91350.00 8.19887e-05
91400.00 8.22666e-05
91450.00 8.22771e-05
91500.00 8.23845e-05
91550.00 8.25266e-05
91600.00 8.24504e-05
91650.00 8.21609e-05
91700.00 8.23804e-05
91750.00 8.26191e-05
91800.00 8.28295e-05
91850.00 8.35315e-05
91900.00 8.35194e-05
91950.00 8.32322e-05
92000.00 8.30535e-05
92050.00 8.2871e-05
92100.00 8.29065e-05
92150.00 8.29999e-05
92200.00 8.31406e-05
92250.00 8.29811e-05
92300.00 8.30684e-05
92350.00 8.33152e-05
92400.00 8.36588e-05
92450.00 8.38095e-05
92500.00 8.34749e-05
92550.00 8.34687e-05
92600.00 8.35814e-05
92650.00 8.36496e-05
92700.00 8.36842e-05
92750.00 8.39195e-05
92800.00 8.37165e-05
92850.00 8.35203e-05
92900.00 8.38956e-05
92950.00 8.40951e-05
93000.00 8.37845e-05
93050.00 8.33892e-05
93100.00 8.34642e-05
93150.00 8.36877e-05
93200.00 8.3754e-05
93250.00 8.33686e-05
93300.00 8.31815e-05
93350.00 8.31361e-05
93400.00 8.29269e-05
93450.00 8.28756e-05
93500.00 8.27609e-05
93550.00 8.27429e-05
93600.00 8.32354e-05
93650.00 8.40677e-05
93700.00 8.40907e-05
93750.00 8.36236e-05
93800.00 8.35149e-05
93850.00 8.31089e-05
93900.00 8.29209e-05
93950.00 8.32754e-05
94000.00 8.36266e-05
94050.00 8.3833e-05
94100.00 8.39722e-05
94150.00 8.40517e-05
94200.00 8.39749e-05
94250.00 8.40568e-05
94300.00 8.40011e-05
94350.00 8.40196e-05
94400.00 8.40521e-05
94450.00 8.38273e-05
94500.00 8.3618e-05
94550.00 8.36582e-05
94600.00 8.37731e-05
94650.00 8.36226e-05
94700.00 8.38839e-05
94750.00 8.41239e-05
94800.00 8.35896e-05
94850.00 8.32958e-05
94900.00 8.37273e-05
94950.00 8.41754e-05
95000.00 8.46363e-05
95050.00 8.4717e-05
95100.00 8.47068e-05
95150.00 8.45167e-05
95200.00 8.42023e-05
95250.00 8.4516e-05
95300.00 8.46066e-05
95350.00 8.43733e-05
95400.00 8.43806e-05
95450.00 8.41679e-05
95500.00 8.40673e-05
95550.00 8.43567e-05
95600.00 8.42527e-05
95650.00 8.40397e-05
95700.00 8.43702e-05
95750.00 8.47818e-05
95800.00 8.47084e-05
95850.00 8.41805e-05
95900.00 8.38826e-05
95950.00 8.39732e-05
96000.00 8.39859e-05
96050.00 8.38784e-05
96100.00 8.39971e-05
96150.00 8.44199e-05
96200.00 8.46846e-05
96250.00 8.49633e-05
96300.00 8.51906e-05
96350.00 8.51475e-05
96400.00 8.54928e-05
96450.00 8.5787e-05
96500.00 8.59508e-05
96550.00 8.57257e-05
96600.00 8.5279e-05
96650.00 8.54218e-05
96700.00 8.52741e-05
96750.00 8.50382e-05
96800.00 8.53135e-05
96850.00 8.56995e-05
96900.00 8.5667e-05
96950.00 8.55097e-05
97000.00 8.59794e-05
97050.00 8.6075e-05
97100.00 8.60968e-05
97150.00 8.6409e-05
97200.00 8.62424e-05
97250.00 8.56569e-05
97300.00 8.54582e-05
97350.00 8.58016e-05
97400.00 8.58402e-05
97450.00 8.57356e-05
97500.00 8.56517e-05
97550.00 8.5787e-05
97600.00 8.60406e-05
97650.00 8.5714e-05
97700.00 8.51654e-05
97750.00 8.49922e-05
97800.00 8.49604e-05
97850.00 8.53171e-05
97900.00 8.5558e-05
97950.00 8.54917e-05
98000.00 8.53769e-05
98050.00 8.55712e-05
98100.00 8.56698e-05
98150.00 8.54072e-05
98200.00 8.59141e-05
98250.00 8.64624e-05
98300.00 8.63111e-05
98350.00 8.62502e-05
98400.00 8.64527e-05
98450.00 8.65084e-05
98500.00 8.64096e-05
98550.00 8.6462e-05
98600.00 8.65191e-05
98650.00 8.64842e-05
98700.00 8.65427e-05
98750.00 8.67167e-05
98800.00 8.69308e-05
98850.00 8.71533e-05
98900.00 8.74393e-05
98950.00 8.77253e-05
99000.00 8.81528e-05
99050.00 8.81295e-05
99100.00 8.77003e-05
99150.00 8.80607e-05
99200.00 8.86061e-05
99250.00 8.85547e-05
99300.00 8.82956e-05
99350.00 8.84052e-05
99400.00 8.81621e-05
99450.00 8.79982e-05
99500.00 8.82072e-05
99550.00 8.7919e-05
99600.00 8.72762e-05
99650.00 8.70043e-05
99700.00 8.74956e-05
99750.00 8.75728e-05
99800.00 8.75394e-05
99850.00 8.75944e-05
99900.00 8.75747e-05
