50.00 -7.38017e-08
100.00 1.17756e-07
150.00 2.5265e-07
200.00 -2.94745e-07
250.00 -7.01185e-07
300.00 -7.34633e-07
350.00 -6.35492e-07
400.00 -3.22651e-07
450.00 2.02408e-07
500.00 5.03238e-07
550.00 6.53076e-07
600.00 5.96522e-07
650.00 1.64089e-07
700.00 -1.63629e-07
750.00 -5.61812e-07
800.00 -8.05607e-07
850.00 -6.35419e-07
900.00 -3.09169e-07
950.00 -2.81847e-07
1000.00 -3.63595e-07
1050.00 -2.27219e-07
1100.00 6.23328e-08
1150.00 2.09826e-07
1200.00 8.498e-08
1250.00 3.21279e-07
1300.00 7.64754e-07
1350.00 8.46618e-07
1400.00 6.45384e-07
1450.00 5.93489e-07
1500.00 8.48164e-07
1550.00 6.89576e-07
1600.00 7.34857e-07
1650.00 1.02601e-06
1700.00 1.00126e-06
1750.00 1.39986e-06
1800.00 1.52095e-06
1850.00 1.53981e-06
1900.00 1.65045e-06
1950.00 1.41828e-06
2000.00 1.29446e-06
2050.00 1.36228e-06
2100.00 1.44594e-06
2150.00 1.65195e-06
2200.00 2.05798e-06
2250.00 2.48728e-06
2300.00 2.32494e-06
2350.00 2.0201e-06
2400.00 1.9194e-06
2450.00 1.85313e-06
2500.00 1.95878e-06
2550.00 1.62493e-06
2600.00 1.4018e-06
2650.00 1.41001e-06
2700.00 1.49168e-06
2750.00 1.98211e-06
2800.00 2.2633e-06
2850.00 1.91439e-06
2900.00 1.83726e-06
2950.00 1.92953e-06
3000.00 1.77692e-06
3050.00 1.8875e-06
3100.00 1.87951e-06
3150.00 1.84906e-06
3200.00 2.09824e-06
3250.00 2.19449e-06
3300.00 1.89651e-06
3350.00 1.72967e-06
3400.00 2.17385e-06
3450.00 2.31089e-06
3500.00 1.64499e-06
3550.00 1.71345e-06
3600.00 1.99144e-06
3650.00 1.561e-06
3700.00 1.90863e-06
3750.00 2.25256e-06
3800.00 1.89567e-06
3850.00 1.83641e-06
3900.00 1.96945e-06
3950.00 2.04414e-06
4000.00 2.02289e-06
4050.00 1.87752e-06
4100.00 1.6973e-06
4150.00 1.60257e-06
4200.00 1.54513e-06
4250.00 1.44303e-06
4300.00 1.45193e-06
4350.00 1.87626e-06
4400.00 2.29691e-06
4450.00 2.24822e-06
4500.00 2.62821e-06
4550.00 2.88901e-06
4600.00 2.7021e-06
4650.00 3.15114e-06
4700.00 3.29946e-06
4750.00 3.05176e-06
4800.00 2.44424e-06
4850.00 2.2876e-06
4900.00 2.81585e-06
4950.00 2.89004e-06
5000.00 3.10532e-06
5050.00 3.27337e-06
5100.00 3.26186e-06
5150.00 3.61947e-06
5200.00 4.00571e-06
5250.00 4.50777e-06
5300.00 4.76504e-06
5350.00 4.48159e-06
5400.00 4.43366e-06
5450.00 4.85435e-06
5500.00 5.33354e-06
5550.00 5.39103e-06
5600.00 5.18508e-06
5650.00 5.15183e-06
5700.00 5.15374e-06
5750.00 5.02461e-06
5800.00 5.01625e-06
5850.00 4.84975e-06
5900.00 4.44713e-06
5950.00 4.12427e-06
6000.00 4.12982e-06
6050.00 4.42553e-06
6100.00 4.92866e-06
6150.00 5.24684e-06
6200.00 5.32575e-06
6250.00 5.72069e-06
6300.00 6.0939e-06
6350.00 5.94908e-06
6400.00 5.8066e-06
6450.00 5.82478e-06
6500.00 5.69881e-06
6550.00 5.52235e-06
6600.00 5.55463e-06
6650.00 5.8565e-06
6700.00 6.17033e-06
6750.00 6.41238e-06
6800.00 6.28747e-06
6850.00 6.04726e-06
6900.00 6.13376e-06
6950.00 6.27593e-06
7000.00 6.34415e-06
7050.00 6.44429e-06
7100.00 6.46544e-06
7150.00 6.28285e-06
7200.00 6.3221e-06
7250.00 6.34187e-06
7300.00 6.41237e-06
7350.00 6.98903e-06
7400.00 7.30508e-06
7450.00 7.09732e-06
7500.00 6.96195e-06
7550.00 6.90684e-06
7600.00 6.91401e-06
7650.00 7.29748e-06
7700.00 7.57208e-06
7750.00 7.15126e-06
7800.00 6.76665e-06
7850.00 7.00298e-06
7900.00 6.95751e-06
7950.00 6.74531e-06
8000.00 6.8092e-06
8050.00 7.00511e-06
8100.00 7.1885e-06
8150.00 7.46586e-06
8200.00 7.60023e-06
8250.00 7.44675e-06
8300.00 7.19329e-06
8350.00 6.55711e-06
8400.00 6.2758e-06
8450.00 6.33389e-06
8500.00 6.5174e-06
8550.00 6.68846e-06
8600.00 6.92912e-06
8650.00 7.03785e-06
8700.00 6.59979e-06
8750.00 6.66342e-06
8800.00 7.31944e-06
8850.00 7.80261e-06
8900.00 8.21007e-06
8950.00 8.00984e-06
9000.00 7.9576e-06
9050.00 8.41345e-06
9100.00 8.23628e-06
9150.00 8.00728e-06
9200.00 8.08514e-06
9250.00 8.41848e-06
9300.00 8.79317e-06
9350.00 8.67421e-06
9400.00 8.31572e-06
9450.00 8.22798e-06
9500.00 8.23899e-06
9550.00 8.05595e-06
9600.00 8.02681e-06
9650.00 8.3209e-06
9700.00 8.78011e-06
9750.00 8.87551e-06
9800.00 8.49205e-06
9850.00 7.88087e-06
9900.00 7.58906e-06
9950.00 8.01633e-06
10000.00 8.19441e-06
10050.00 7.86214e-06
10100.00 7.91345e-06
10150.00 8.23348e-06
10200.00 8.12153e-06
10250.00 7.78585e-06
10300.00 7.6813e-06
10350.00 8.02149e-06
10400.00 8.33667e-06
10450.00 8.51071e-06
10500.00 8.44697e-06
10550.00 8.49448e-06
10600.00 8.99216e-06
10650.00 9.11979e-06
10700.00 8.6532e-06
10750.00 8.10473e-06
10800.00 7.80471e-06
10850.00 7.74775e-06
10900.00 7.82184e-06
10950.00 8.19627e-06
11000.00 8.25171e-06
11050.00 8.06504e-06
11100.00 8.36623e-06
11150.00 8.1878e-06
11200.00 7.46523e-06
11250.00 7.13693e-06
11300.00 7.69594e-06
11350.00 8.6064e-06
11400.00 8.96751e-06
11450.00 9.13867e-06
11500.00 9.43244e-06
11550.00 9.49541e-06
11600.00 9.08577e-06
11650.00 8.64843e-06
11700.00 8.23203e-06
11750.00 8.27185e-06
11800.00 8.6297e-06
11850.00 8.78813e-06
11900.00 9.11291e-06
11950.00 9.12039e-06
12000.00 9.38703e-06
12050.00 1.00654e-05
12100.00 1.02741e-05
12150.00 1.04206e-05
12200.00 1.09169e-05
12250.00 1.1158e-05
12300.00 1.0882e-05
12350.00 1.03378e-05
12400.00 9.90578e-06
12450.00 9.60429e-06
12500.00 9.59026e-06
12550.00 9.56533e-06
12600.00 9.68448e-06
12650.00 1.00588e-05
12700.00 1.02459e-05
12750.00 1.0745e-05
12800.00 1.12272e-05
12850.00 1.1077e-05
12900.00 1.0709e-05
12950.00 1.05669e-05
13000.00 1.1096e-05
13050.00 1.11189e-05
13100.00 1.08154e-05
13150.00 1.10661e-05
13200.00 1.09286e-05
13250.00 1.0958e-05
13300.00 1.13006e-05
13350.00 1.1607e-05
13400.00 1.16967e-05
13450.00 1.18854e-05
13500.00 1.19258e-05
13550.00 1.15272e-05
13600.00 1.14027e-05
13650.00 1.1535e-05
13700.00 1.12805e-05
13750.00 1.11152e-05
13800.00 1.14935e-05
13850.00 1.16304e-05
13900.00 1.15089e-05
13950.00 1.17908e-05
14000.00 1.21317e-05
14050.00 1.22165e-05
14100.00 1.22517e-05
14150.00 1.2279e-05
14200.00 1.23578e-05
14250.00 1.23442e-05
14300.00 1.22217e-05
14350.00 1.23028e-05
14400.00 1.20578e-05
14450.00 1.17551e-05
14500.00 1.23136e-05
14550.00 1.29635e-05
14600.00 1.26444e-05
14650.00 1.23118e-05
14700.00 1.22712e-05
14750.00 1.21929e-05
14800.00 1.23138e-05
14850.00 1.21881e-05
14900.00 1.2141e-05
14950.00 1.24901e-05
15000.00 1.26462e-05
15050.00 1.24295e-05
15100.00 1.23888e-05
15150.00 1.28904e-05
15200.00 1.36415e-05
15250.00 1.36158e-05
15300.00 1.3166e-05
15350.00 1.34148e-05
15400.00 1.39901e-05
15450.00 1.39047e-05
15500.00 1.39484e-05
15550.00 1.40132e-05
15600.00 1.39218e-05
15650.00 1.40764e-05
15700.00 1.37969e-05
15750.00 1.38092e-05
15800.00 1.40186e-05
15850.00 1.40309e-05
15900.00 1.41314e-05
15950.00 1.42072e-05
16000.00 1.43875e-05
16050.00 1.46768e-05
16100.00 1.46875e-05
16150.00 1.45427e-05
16200.00 1.44348e-05
16250.00 1.43553e-05
16300.00 1.4404e-05
16350.00 1.46142e-05
16400.00 1.47759e-05
16450.00 1.46216e-05
16500.00 1.43695e-05
16550.00 1.45981e-05
16600.00 1.48221e-05
16650.00 1.53595e-05
16700.00 1.58331e-05
16750.00 1.57006e-05
16800.00 1.58932e-05
16850.00 1.61378e-05
16900.00 1.65221e-05
16950.00 1.67198e-05
17000.00 1.68227e-05
17050.00 1.71051e-05
17100.00 1.73107e-05
17150.00 1.74124e-05
17200.00 1.74151e-05
17250.00 1.73715e-05
17300.00 1.73006e-05
17350.00 1.68901e-05
17400.00 1.66991e-05
17450.00 1.69686e-05
17500.00 1.69873e-05
17550.00 1.70406e-05
17600.00 1.71555e-05
17650.00 1.70615e-05
17700.00 1.67325e-05
17750.00 1.70332e-05
17800.00 1.72922e-05
17850.00 1.69975e-05
17900.00 1.71007e-05
17950.00 1.73e-05
18000.00 1.74399e-05
18050.00 1.71133e-05
18100.00 1.67716e-05
18150.00 1.64783e-05
18200.00 1.63387e-05
18250.00 1.69213e-05
18300.00 1.75646e-05
18350.00 1.78463e-05
18400.00 1.7948e-05
18450.00 1.80288e-05
18500.00 1.80301e-05
18550.00 1.78841e-05
18600.00 1.74303e-05
18650.00 1.72838e-05
18700.00 1.75748e-05
18750.00 1.78222e-05
18800.00 1.75343e-05
18850.00 1.71413e-05
18900.00 1.73035e-05
18950.00 1.7309e-05
19000.00 1.73722e-05
19050.00 1.75751e-05
19100.00 1.7904e-05
19150.00 1.80488e-05
19200.00 1.78258e-05
19250.00 1.79308e-05
19300.00 1.82532e-05
19350.00 1.82528e-05
19400.00 1.83351e-05
19450.00 1.83867e-05
19500.00 1.80751e-05
19550.00 1.77069e-05
19600.00 1.75506e-05
19650.00 1.76318e-05
19700.00 1.73637e-05
19750.00 1.73492e-05
19800.00 1.77869e-05
19850.00 1.81918e-05
19900.00 1.82069e-05
19950.00 1.78559e-05
20000.00 1.79464e-05
20050.00 1.8404e-05
20100.00 1.84935e-05
20150.00 1.86234e-05
20200.00 1.91174e-05
20250.00 1.9239e-05
20300.00 1.90463e-05
20350.00 1.89964e-05
20400.00 1.86943e-05
20450.00 1.85764e-05
20500.00 1.87009e-05
20550.00 1.843e-05
20600.00 1.82288e-05
20650.00 1.85466e-05
20700.00 1.8863e-05
20750.00 1.9279e-05
20800.00 1.92056e-05
20850.00 1.88723e-05
20900.00 1.92789e-05
20950.00 1.97344e-05
21000.00 2.00011e-05
21050.00 1.97817e-05
21100.00 1.95065e-05
21150.00 2.00151e-05
21200.00 2.0495e-05
21250.00 2.03e-05
21300.00 2.0298e-05
21350.00 2.0167e-05
21400.00 1.99082e-05
21450.00 1.9918e-05
21500.00 1.99285e-05
21550.00 1.99917e-05
21600.00 2.00216e-05
21650.00 2.03252e-05
21700.00 2.05936e-05
21750.00 2.0679e-05
21800.00 2.1219e-05
21850.00 2.17332e-05
21900.00 2.1501e-05
21950.00 2.15349e-05
22000.00 2.20157e-05
22050.00 2.21222e-05
22100.00 2.19867e-05
22150.00 2.18653e-05
22200.00 2.24524e-05
22250.00 2.28506e-05
22300.00 2.26849e-05
22350.00 2.26772e-05
22400.00 2.25471e-05
22450.00 2.24198e-05
22500.00 2.22588e-05
22550.00 2.20205e-05
22600.00 2.19619e-05
22650.00 2.1929e-05
22700.00 2.15158e-05
22750.00 2.09714e-05
22800.00 2.12381e-05
22850.00 2.19306e-05
22900.00 2.24391e-05
22950.00 2.29815e-05
23000.00 2.28965e-05
23050.00 2.23941e-05
23100.00 2.1981e-05
23150.00 2.21969e-05
23200.00 2.24534e-05
23250.00 2.19897e-05
23300.00 2.18533e-05
23350.00 2.22048e-05
23400.00 2.23161e-05
23450.00 2.21024e-05
23500.00 2.19617e-05
23550.00 2.19878e-05
23600.00 2.18145e-05
23650.00 2.16529e-05
23700.00 2.18004e-05
23750.00 2.20594e-05
23800.00 2.22205e-05
23850.00 2.19257e-05
23900.00 2.15159e-05
23950.00 2.11914e-05
24000.00 2.08412e-05
24050.00 2.09121e-05
24100.00 2.11456e-05
24150.00 2.17061e-05
24200.00 2.26997e-05
24250.00 2.31074e-05
24300.00 2.31793e-05
24350.00 2.36194e-05
24400.00 2.36427e-05
24450.00 2.35572e-05
24500.00 2.37884e-05
24550.00 2.35412e-05
24600.00 2.34371e-05
24650.00 2.32411e-05
24700.00 2.25159e-05
24750.00 2.19257e-05
24800.00 2.18587e-05
24850.00 2.22051e-05
24900.00 2.23999e-05
24950.00 2.23705e-05
25000.00 2.2262e-05
25050.00 2.23505e-05
25100.00 2.22508e-05
25150.00 2.21393e-05
25200.00 2.2806e-05
25250.00 2.32357e-05
25300.00 2.32588e-05
25350.00 2.37751e-05
25400.00 2.38255e-05
25450.00 2.33628e-05
25500.00 2.35336e-05
25550.00 2.41196e-05
25600.00 2.44029e-05
25650.00 2.44822e-05
25700.00 2.44302e-05
25750.00 2.39573e-05
25800.00 2.34975e-05
25850.00 2.35896e-05
25900.00 2.40167e-05
25950.00 2.43046e-05
26000.00 2.46466e-05
26050.00 2.47286e-05
26100.00 2.43581e-05
26150.00 2.41799e-05
26200.00 2.439e-05
26250.00 2.48971e-05
26300.00 2.53629e-05
26350.00 2.52803e-05
26400.00 2.50633e-05
26450.00 2.4587e-05
26500.00 2.42883e-05
26550.00 2.45514e-05
26600.00 2.47562e-05
26650.00 2.50925e-05
26700.00 2.53089e-05
26750.00 2.52575e-05
26800.00 2.50325e-05
26850.00 2.51127e-05
26900.00 2.49931e-05
26950.00 2.45478e-05
27000.00 2.50063e-05
27050.00 2.5675e-05
27100.00 2.59336e-05
27150.00 2.60464e-05
27200.00 2.60837e-05
27250.00 2.60654e-05
27300.00 2.6088e-05
27350.00 2.62371e-05
27400.00 2.65055e-05
27450.00 2.63042e-05
27500.00 2.6109e-05
27550.00 2.65855e-05
27600.00 2.68721e-05
27650.00 2.67839e-05
27700.00 2.65237e-05
27750.00 2.62413e-05
27800.00 2.6031e-05
27850.00 2.60946e-05
27900.00 2.60199e-05
27950.00 2.60363e-05
28000.00 2.64373e-05
28050.00 2.6292e-05
28100.00 2.5847e-05
28150.00 2.59295e-05
28200.00 2.62896e-05
28250.00 2.66116e-05
28300.00 2.6738e-05
28350.00 2.66765e-05
28400.00 2.68972e-05
28450.00 2.69353e-05
28500.00 2.665e-05
28550.00 2.69153e-05
28600.00 2.70818e-05
28650.00 2.71027e-05
28700.00 2.71897e-05
28750.00 2.71638e-05
28800.00 2.73343e-05
28850.00 2.74256e-05
28900.00 2.72025e-05
28950.00 2.71652e-05
29000.00 2.72745e-05
29050.00 2.74396e-05
29100.00 2.78041e-05
29150.00 2.75095e-05
29200.00 2.71728e-05
29250.00 2.74364e-05
29300.00 2.73058e-05
29350.00 2.73385e-05
29400.00 2.75466e-05
29450.00 2.74519e-05
29500.00 2.74857e-05
29550.00 2.73993e-05
29600.00 2.74603e-05
29650.00 2.72375e-05
29700.00 2.73415e-05
29750.00 2.77514e-05
29800.00 2.77369e-05
29850.00 2.78871e-05
29900.00 2.78601e-05
29950.00 2.79183e-05
30000.00 2.83139e-05
30050.00 2.82017e-05
30100.00 2.79549e-05
30150.00 2.80882e-05
30200.00 2.77515e-05
30250.00 2.73697e-05
30300.00 2.76015e-05
30350.00 2.75207e-05
30400.00 2.73609e-05
30450.00 2.77241e-05
30500.00 2.78859e-05
30550.00 2.78925e-05
30600.00 2.78962e-05
30650.00 2.84416e-05
30700.00 2.90158e-05
30750.00 2.88178e-05
30800.00 2.86891e-05
30850.00 2.84851e-05
30900.00 2.8391e-05
30950.00 2.86205e-05
31000.00 2.86223e-05
31050.00 2.87211e-05
31100.00 2.90326e-05
31150.00 2.8778e-05
31200.00 2.8618e-05
31250.00 2.95328e-05
31300.00 2.97803e-05
31350.00 2.90504e-05
31400.00 2.87887e-05
31450.00 2.8802e-05
31500.00 2.8424e-05
31550.00 2.81326e-05
31600.00 2.82312e-05
31650.00 2.85888e-05
31700.00 2.92822e-05
31750.00 2.93489e-05
31800.00 2.89274e-05
31850.00 2.91944e-05
31900.00 2.98382e-05
31950.00 3.00628e-05
32000.00 3.03203e-05
32050.00 3.01815e-05
32100.00 2.96998e-05
32150.00 2.96228e-05
32200.00 3.0042e-05
32250.00 2.99679e-05
32300.00 2.93597e-05
32350.00 2.91733e-05
32400.00 2.95532e-05
32450.00 3.02118e-05
32500.00 3.09276e-05
32550.00 3.14312e-05
32600.00 3.14982e-05
32650.00 3.1534e-05
32700.00 3.14352e-05
32750.00 3.13668e-05
32800.00 3.12588e-05
32850.00 3.09518e-05
32900.00 3.08028e-05
32950.00 3.06288e-05
33000.00 3.04011e-05
33050.00 3.02229e-05
33100.00 3.01335e-05
33150.00 3.04578e-05
33200.00 3.09911e-05
33250.00 3.09295e-05
33300.00 3.07566e-05
33350.00 3.1135e-05
33400.00 3.13402e-05
33450.00 3.16238e-05
33500.00 3.18741e-05
33550.00 3.18765e-05
33600.00 3.17499e-05
33650.00 3.15319e-05
33700.00 3.15535e-05
33750.00 3.12972e-05
33800.00 3.0789e-05
33850.00 3.07395e-05
33900.00 3.11222e-05
33950.00 3.15558e-05
34000.00 3.21736e-05
34050.00 3.23831e-05
34100.00 3.23534e-05
34150.00 3.24648e-05
34200.00 3.24066e-05
34250.00 3.21743e-05
34300.00 3.18993e-05
34350.00 3.21084e-05
34400.00 3.20704e-05
34450.00 3.21158e-05
34500.00 3.23171e-05
34550.00 3.2214e-05
34600.00 3.17924e-05
34650.00 3.14552e-05
34700.00 3.18447e-05
34750.00 3.23804e-05
34800.00 3.24794e-05
34850.00 3.23817e-05
34900.00 3.24467e-05
34950.00 3.26732e-05
35000.00 3.27766e-05
35050.00 3.2661e-05
35100.00 3.28212e-05
35150.00 3.26994e-05
35200.00 3.24262e-05
35250.00 3.26625e-05
35300.00 3.2941e-05
35350.00 3.31495e-05
35400.00 3.30856e-05
35450.00 3.28097e-05
35500.00 3.2383e-05
35550.00 3.18412e-05
35600.00 3.16588e-05
35650.00 3.16083e-05
35700.00 3.14943e-05
35750.00 3.17297e-05
35800.00 3.20714e-05
35850.00 3.2224e-05
35900.00 3.22481e-05
35950.00 3.21522e-05
36000.00 3.20409e-05
36050.00 3.22889e-05
36100.00 3.30719e-05
36150.00 3.34632e-05
36200.00 3.32102e-05
36250.00 3.32503e-05
36300.00 3.34048e-05
36350.00 3.31074e-05
36400.00 3.26492e-05
36450.00 3.24144e-05
36500.00 3.27678e-05
36550.00 3.29652e-05
36600.00 3.28861e-05
36650.00 3.30702e-05
36700.00 3.32948e-05
36750.00 3.34373e-05
36800.00 3.39033e-05
36850.00 3.42506e-05
36900.00 3.40303e-05
36950.00 3.36801e-05
37000.00 3.359e-05
37050.00 3.40397e-05
37100.00 3.42582e-05
37150.00 3.40123e-05
37200.00 3.39703e-05
37250.00 3.45115e-05
37300.00 3.53266e-05
37350.00 3.54177e-05
37400.00 3.5182e-05
37450.00 3.52303e-05
37500.00 3.5054e-05
37550.00 3.48387e-05
37600.00 3.50762e-05
37650.00 3.55791e-05
37700.00 3.5879e-05
37750.00 3.57233e-05
37800.00 3.5508e-05
37850.00 3.55823e-05
37900.00 3.55847e-05
37950.00 3.51609e-05
38000.00 3.48713e-05
38050.00 3.50539e-05
38100.00 3.52997e-05
38150.00 3.56257e-05
38200.00 3.57265e-05
38250.00 3.56258e-05
38300.00 3.57329e-05
38350.00 3.61256e-05
38400.00 3.62305e-05
38450.00 3.62372e-05
38500.00 3.63361e-05
38550.00 3.60634e-05
38600.00 3.54317e-05
38650.00 3.52123e-05
38700.00 3.56509e-05
38750.00 3.61335e-05
38800.00 3.62402e-05
38850.00 3.59767e-05
38900.00 3.62148e-05
38950.00 3.6686e-05
39000.00 3.65784e-05
39050.00 3.65881e-05
39100.00 3.70403e-05
39150.00 3.68163e-05
39200.00 3.62019e-05
39250.00 3.58386e-05
39300.00 3.54731e-05
39350.00 3.53736e-05
39400.00 3.55535e-05
39450.00 3.56349e-05
39500.00 3.5472e-05
39550.00 3.53952e-05
39600.00 3.56883e-05
39650.00 3.61279e-05
39700.00 3.59687e-05
39750.00 3.57762e-05
39800.00 3.58655e-05
39850.00 3.54944e-05
39900.00 3.50802e-05
39950.00 3.53464e-05
40000.00 3.56445e-05
40050.00 3.56186e-05
40100.00 3.55664e-05
40150.00 3.51234e-05
40200.00 3.46724e-05
40250.00 3.50838e-05
40300.00 3.56928e-05
40350.00 3.59149e-05
40400.00 3.61748e-05
40450.00 3.63552e-05
40500.00 3.69023e-05
40550.00 3.72858e-05
40600.00 3.71585e-05
40650.00 3.6855e-05
40700.00 3.67948e-05
40750.00 3.71951e-05
40800.00 3.715e-05
40850.00 3.71181e-05
40900.00 3.71633e-05
40950.00 3.74141e-05
41000.00 3.77686e-05
41050.00 3.756e-05
41100.00 3.74062e-05
41150.00 3.71944e-05
41200.00 3.6987e-05
41250.00 3.75258e-05
41300.00 3.80361e-05
41350.00 3.7534e-05
41400.00 3.76665e-05
41450.00 3.8104e-05
41500.00 3.80256e-05
41550.00 3.80588e-05
41600.00 3.72539e-05
41650.00 3.63931e-05
41700.00 3.61458e-05
41750.00 3.62836e-05
41800.00 3.65988e-05
41850.00 3.68131e-05
41900.00 3.72495e-05
41950.00 3.74509e-05
42000.00 3.73365e-05
42050.00 3.72525e-05
42100.00 3.69113e-05
42150.00 3.66374e-05
42200.00 3.63974e-05
42250.00 3.66296e-05
42300.00 3.7153e-05
42350.00 3.73877e-05
42400.00 3.7612e-05
42450.00 3.76027e-05
42500.00 3.7798e-05
42550.00 3.78045e-05
42600.00 3.7814e-05
42650.00 3.79163e-05
42700.00 3.81753e-05
42750.00 3.83118e-05
42800.00 3.81397e-05
42850.00 3.82467e-05
42900.00 3.80073e-05
42950.00 3.79577e-05
43000.00 3.80764e-05
43050.00 3.80074e-05
43100.00 3.80189e-05
43150.00 3.82528e-05
43200.00 3.85843e-05
43250.00 3.85165e-05
43300.00 3.82781e-05
43350.00 3.80286e-05
43400.00 3.80974e-05
43450.00 3.8273e-05
43500.00 3.81137e-05
43550.00 3.76772e-05
43600.00 3.75051e-05
43650.00 3.76843e-05
43700.00 3.7511e-05
43750.00 3.76011e-05
43800.00 3.80464e-05
43850.00 3.83252e-05
43900.00 3.83116e-05
43950.00 3.76948e-05
44000.00 3.74692e-05
44050.00 3.77598e-05
44100.00 3.78695e-05
44150.00 3.79605e-05
44200.00 3.80565e-05
44250.00 3.8174e-05
44300.00 3.80936e-05
44350.00 3.80527e-05
44400.00 3.81558e-05
44450.00 3.80416e-05
44500.00 3.79297e-05
44550.00 3.79252e-05
44600.00 3.79984e-05
44650.00 3.80172e-05
44700.00 3.78834e-05
44750.00 3.76571e-05
44800.00 3.74556e-05
44850.00 3.73776e-05
44900.00 3.71819e-05
44950.00 3.69937e-05
45000.00 3.70551e-05
45050.00 3.79666e-05
45100.00 3.8614e-05
45150.00 3.85291e-05
45200.00 3.85197e-05
45250.00 3.84669e-05
45300.00 3.84073e-05
45350.00 3.82e-05
45400.00 3.76239e-05
45450.00 3.72223e-05
45500.00 3.72537e-05
45550.00 3.73096e-05
45600.00 3.73137e-05
45650.00 3.74322e-05
45700.00 3.73418e-05
45750.00 3.73053e-05
45800.00 3.80581e-05
45850.00 3.86395e-05
45900.00 3.84426e-05
45950.00 3.83504e-05
46000.00 3.83348e-05
46050.00 3.81307e-05
46100.00 3.8293e-05
46150.00 3.86672e-05
46200.00 3.86593e-05
46250.00 3.84869e-05
46300.00 3.83426e-05
46350.00 3.80692e-05
46400.00 3.81905e-05
46450.00 3.86044e-05
46500.00 3.87974e-05
46550.00 3.87112e-05
46600.00 3.83757e-05
46650.00 3.80853e-05
46700.00 3.83728e-05
46750.00 3.88288e-05
46800.00 3.88408e-05
46850.00 3.91062e-05
46900.00 3.94389e-05
46950.00 3.92479e-05
47000.00 3.91625e-05
47050.00 3.88938e-05
47100.00 3.87151e-05
47150.00 3.90359e-05
47200.00 3.94412e-05
47250.00 3.92355e-05
47300.00 3.88209e-05
47350.00 3.88146e-05
47400.00 3.92391e-05
47450.00 3.9573e-05
47500.00 3.9476e-05
47550.00 3.95582e-05
47600.00 3.98445e-05
47650.00 3.98587e-05
47700.00 3.94441e-05
47750.00 3.9243e-05
47800.00 3.95534e-05
47850.00 3.98497e-05
47900.00 3.98789e-05
47950.00 3.97577e-05
48000.00 3.94001e-05
48050.00 3.94203e-05
48100.00 3.97817e-05
48150.00 4.03683e-05
48200.00 4.03764e-05
48250.00 3.95848e-05
48300.00 3.93152e-05
48350.00 3.94066e-05
48400.00 3.97254e-05
48450.00 4.0244e-05
48500.00 4.00792e-05
48550.00 3.99e-05
48600.00 4.01665e-05
48650.00 4.0206e-05
48700.00 3.98983e-05
48750.00 3.99002e-05
48800.00 3.96462e-05
48850.00 3.86851e-05
48900.00 3.84787e-05
48950.00 3.85118e-05
49000.00 3.81048e-05
49050.00 3.802e-05
49100.00 3.85695e-05
49150.00 3.90849e-05
49200.00 3.94875e-05
49250.00 3.94818e-05
49300.00 3.92312e-05
49350.00 3.8829e-05
49400.00 3.84988e-05
49450.00 3.85685e-05
49500.00 3.88109e-05
49550.00 3.91119e-05
49600.00 3.87877e-05
49650.00 3.85611e-05
49700.00 3.88838e-05
49750.00 3.89799e-05
49800.00 3.92185e-05
49850.00 3.96738e-05
49900.00 3.96366e-05
49950.00 3.96779e-05
50000.00 3.9866e-05
50050.00 3.98218e-05
50100.00 3.9572e-05
50150.00 3.96376e-05
50200.00 3.98997e-05
50250.00 3.97283e-05
50300.00 4.00029e-05
50350.00 4.02272e-05
50400.00 4.02905e-05
50450.00 4.03598e-05
50500.00 4.02055e-05
50550.00 4.02716e-05
50600.00 3.99902e-05
50650.00 3.95547e-05
50700.00 3.96726e-05
50750.00 3.99962e-05
50800.00 3.96794e-05
50850.00 3.94395e-05
50900.00 3.95996e-05
50950.00 3.91309e-05
51000.00 3.85653e-05
51050.00 3.83749e-05
51100.00 3.8446e-05
51150.00 3.87126e-05
51200.00 3.88189e-05
51250.00 3.92574e-05
51300.00 3.95725e-05
51350.00 3.92837e-05
51400.00 3.93381e-05
51450.00 3.94831e-05
51500.00 3.94187e-05
51550.00 3.97229e-05
51600.00 3.98388e-05
51650.00 3.95678e-05
51700.00 3.96482e-05
51750.00 3.99881e-05
51800.00 4.05421e-05
51850.00 4.07815e-05
51900.00 4.03425e-05
51950.00 4.01846e-05
52000.00 4.02919e-05
52050.00 4.06613e-05
52100.00 4.07891e-05
52150.00 4.05979e-05
52200.00 4.03641e-05
52250.00 4.00423e-05
52300.00 4.03638e-05
52350.00 4.04915e-05
52400.00 4.04957e-05
52450.00 4.07471e-05
52500.00 4.04725e-05
52550.00 4.04022e-05
52600.00 4.06207e-05
52650.00 4.05575e-05
52700.00 4.07167e-05
52750.00 4.07036e-05
52800.00 4.05753e-05
52850.00 4.06758e-05
52900.00 4.09008e-05
52950.00 4.12767e-05
53000.00 4.14407e-05
53050.00 4.13133e-05
53100.00 4.14791e-05
53150.00 4.17411e-05
53200.00 4.19901e-05
53250.00 4.23561e-05
53300.00 4.26772e-05
53350.00 4.28659e-05
53400.00 4.22949e-05
53450.00 4.18461e-05
53500.00 4.16687e-05
53550.00 4.15677e-05
53600.00 4.20827e-05
53650.00 4.26268e-05
53700.00 4.27052e-05
53750.00 4.23647e-05
53800.00 4.21344e-05
53850.00 4.22068e-05
53900.00 4.17218e-05
53950.00 4.1144e-05
54000.00 4.15002e-05
54050.00 4.19529e-05
54100.00 4.19877e-05
54150.00 4.18925e-05
54200.00 4.2023e-05
54250.00 4.25589e-05
54300.00 4.27164e-05
54350.00 4.25866e-05
54400.00 4.29428e-05
54450.00 4.31473e-05
54500.00 4.28542e-05
54550.00 4.25582e-05
54600.00 4.26756e-05
54650.00 4.29443e-05
54700.00 4.33225e-05
54750.00 4.35966e-05
54800.00 4.32047e-05
54850.00 4.31289e-05
54900.00 4.30956e-05
54950.00 4.30101e-05
55000.00 4.32546e-05
55050.00 4.3439e-05
55100.00 4.35062e-05
55150.00 4.38676e-05
55200.00 4.40286e-05
55250.00 4.37287e-05
55300.00 4.35523e-05
55350.00 4.34489e-05
55400.00 4.34958e-05
55450.00 4.34986e-05
55500.00 4.36727e-05
55550.00 4.40272e-05
55600.00 4.44417e-05
55650.00 4.46193e-05
55700.00 4.49728e-05
55750.00 4.51747e-05
55800.00 4.5084e-05
55850.00 4.54262e-05
55900.00 4.55147e-05
55950.00 4.51512e-05
56000.00 4.48558e-05
56050.00 4.49146e-05
56100.00 4.46226e-05
56150.00 4.40838e-05
56200.00 4.40029e-05
56250.00 4.44072e-05
56300.00 4.47054e-05
56350.00 4.45564e-05
56400.00 4.43763e-05
56450.00 4.4524e-05
56500.00 4.47179e-05
56550.00 4.47263e-05
56600.00 4.4753e-05
56650.00 4.47919e-05
56700.00 4.46362e-05
56750.00 4.4569e-05
56800.00 4.48596e-05
56850.00 4.46744e-05
56900.00 4.44915e-05
56950.00 4.46185e-05
57000.00 4.43549e-05
57050.00 4.41769e-05
57100.00 4.42265e-05
57150.00 4.41722e-05
57200.00 4.41404e-05
57250.00 4.43858e-05
57300.00 4.47402e-05
57350.00 4.49219e-05
57400.00 4.51094e-05
57450.00 4.53359e-05
57500.00 4.58396e-05
57550.00 4.56478e-05
57600.00 4.51424e-05
57650.00 4.54662e-05
57700.00 4.55867e-05
57750.00 4.54623e-05
57800.00 4.51452e-05
57850.00 4.49774e-05
57900.00 4.506e-05
57950.00 4.51716e-05
58000.00 4.57223e-05
58050.00 4.5964e-05
58100.00 4.57439e-05
58150.00 4.56948e-05
58200.00 4.57665e-05
58250.00 4.58974e-05
58300.00 4.628e-05
58350.00 4.65588e-05
58400.00 4.62775e-05
58450.00 4.6444e-05
58500.00 4.64745e-05
58550.00 4.60948e-05
58600.00 4.58423e-05
58650.00 4.55093e-05
58700.00 4.55749e-05
58750.00 4.56661e-05
58800.00 4.54584e-05
58850.00 4.50398e-05
58900.00 4.49723e-05
58950.00 4.53711e-05
59000.00 4.56498e-05
59050.00 4.60893e-05
59100.00 4.66393e-05
59150.00 4.67381e-05
59200.00 4.66689e-05
59250.00 4.67245e-05
59300.00 4.6682e-05
59350.00 4.68071e-05
59400.00 4.73942e-05
59450.00 4.7351e-05
59500.00 4.71036e-05
59550.00 4.68671e-05
59600.00 4.6602e-05
59650.00 4.65966e-05
59700.00 4.67458e-05
59750.00 4.72531e-05
59800.00 4.7471e-05
59850.00 4.74884e-05
59900.00 4.75149e-05
59950.00 4.77198e-05
60000.00 4.81446e-05
60050.00 4.83683e-05
60100.00 4.82719e-05
60150.00 4.77507e-05
60200.00 4.71845e-05
60250.00 4.74145e-05
60300.00 4.77784e-05
60350.00 4.79161e-05
60400.00 4.82173e-05
60450.00 4.83013e-05
60500.00 4.86698e-05
60550.00 4.86521e-05
60600.00 4.82616e-05
60650.00 4.87632e-05
60700.00 4.91433e-05
60750.00 4.91466e-05
60800.00 4.88251e-05
60850.00 4.84706e-05
60900.00 4.84618e-05
60950.00 4.84593e-05
61000.00 4.86069e-05
61050.00 4.85587e-05
61100.00 4.83936e-05
61150.00 4.83594e-05
61200.00 4.8416e-05
61250.00 4.8538e-05
61300.00 4.81897e-05
61350.00 4.76685e-05
61400.00 4.78396e-05
61450.00 4.83442e-05
61500.00 4.8704e-05
61550.00 4.88182e-05
61600.00 4.87604e-05
61650.00 4.87271e-05
61700.00 4.87553e-05
61750.00 4.88694e-05
61800.00 4.91613e-05
61850.00 4.94537e-05
61900.00 4.92985e-05
61950.00 4.90051e-05
62000.00 4.89018e-05
62050.00 4.87723e-05
62100.00 4.88842e-05
62150.00 4.9087e-05
62200.00 4.93028e-05
62250.00 4.99099e-05
62300.00 5.0017e-05
62350.00 4.99575e-05
62400.00 5.00172e-05
62450.00 4.98269e-05
62500.00 4.94979e-05
62550.00 4.93206e-05
62600.00 4.94759e-05
62650.00 4.95943e-05
62700.00 4.94117e-05
62750.00 4.93196e-05
62800.00 4.98312e-05
62850.00 5.00884e-05
62900.00 5.01005e-05
62950.00 5.03688e-05
63000.00 5.07508e-05
63050.00 5.0491e-05
63100.00 4.98898e-05
63150.00 4.96066e-05
63200.00 4.93208e-05
63250.00 4.92472e-05
63300.00 4.91504e-05
63350.00 4.9182e-05
63400.00 4.97594e-05
63450.00 4.96405e-05
63500.00 4.94405e-05
63550.00 4.96923e-05
63600.00 4.95626e-05
63650.00 4.91982e-05
63700.00 4.91072e-05
63750.00 4.94854e-05
63800.00 4.99747e-05
63850.00 5.03965e-05
63900.00 5.03502e-05
63950.00 5.00569e-05
64000.00 5.00241e-05
64050.00 5.00722e-05
64100.00 4.99628e-05
64150.00 5.02558e-05
64200.00 5.07547e-05
64250.00 5.04957e-05
64300.00 5.03354e-05
64350.00 5.08744e-05
64400.00 5.12022e-05
64450.00 5.1131e-05
64500.00 5.08091e-05
64550.00 5.05562e-05
64600.00 5.08382e-05
64650.00 5.11104e-05
64700.00 5.05205e-05
64750.00 4.98732e-05
64800.00 5.00693e-05
64850.00 5.01195e-05
64900.00 5.00815e-05
64950.00 4.99552e-05
65000.00 4.98469e-05
65050.00 4.99986e-05
65100.00 5.00893e-05
65150.00 5.04312e-05
65200.00 5.06283e-05
65250.00 5.09663e-05
65300.00 5.11957e-05
65350.00 5.12528e-05
65400.00 5.11937e-05
65450.00 5.13426e-05
65500.00 5.16195e-05
65550.00 5.18578e-05
65600.00 5.21204e-05
65650.00 5.19577e-05
65700.00 5.18302e-05
65750.00 5.20154e-05
65800.00 5.23579e-05
65850.00 5.22059e-05
65900.00 5.18101e-05
65950.00 5.17741e-05
66000.00 5.19203e-05
66050.00 5.21177e-05
66100.00 5.20414e-05
66150.00 5.18448e-05
66200.00 5.18188e-05
66250.00 5.17127e-05
66300.00 5.16397e-05
66350.00 5.18468e-05
66400.00 5.27427e-05
66450.00 5.32911e-05
66500.00 5.24932e-05
66550.00 5.22386e-05
66600.00 5.26773e-05
66650.00 5.2936e-05
66700.00 5.27284e-05
66750.00 5.21502e-05
66800.00 5.20606e-05
66850.00 5.17209e-05
66900.00 5.18597e-05
66950.00 5.22277e-05
67000.00 5.23067e-05
67050.00 5.24795e-05
67100.00 5.21934e-05
67150.00 5.23066e-05
67200.00 5.29284e-05
67250.00 5.31602e-05
67300.00 5.33055e-05
67350.00 5.3165e-05
67400.00 5.26713e-05
67450.00 5.28547e-05
67500.00 5.34061e-05
67550.00 5.34869e-05
67600.00 5.33467e-05
67650.00 5.36274e-05
67700.00 5.35541e-05
67750.00 5.36095e-05
67800.00 5.40793e-05
67850.00 5.40009e-05
67900.00 5.37332e-05
67950.00 5.35203e-05
68000.00 5.31387e-05
68050.00 5.28117e-05
68100.00 5.28059e-05
68150.00 5.28708e-05
68200.00 5.28451e-05
68250.00 5.30863e-05
68300.00 5.34045e-05
68350.00 5.36001e-05
68400.00 5.36122e-05
68450.00 5.35264e-05
68500.00 5.331e-05
68550.00 5.32272e-05
68600.00 5.39767e-05
68650.00 5.48706e-05
68700.00 5.51615e-05
68750.00 5.46878e-05
68800.00 5.42892e-05
68850.00 5.47711e-05
68900.00 5.49535e-05
68950.00 5.47189e-05
69000.00 5.47078e-05
69050.00 5.45871e-05
69100.00 5.42761e-05
69150.00 5.39178e-05
69200.00 5.39467e-05
69250.00 5.46627e-05
69300.00 5.5251e-05
69350.00 5.54337e-05
69400.00 5.57454e-05
69450.00 5.61152e-05
69500.00 5.61365e-05
69550.00 5.60442e-05
69600.00 5.62233e-05
69650.00 5.58815e-05
69700.00 5.54543e-05
69750.00 5.50785e-05
69800.00 5.49787e-05
69850.00 5.51488e-05
69900.00 5.5243e-05
69950.00 5.53969e-05
70000.00 5.52937e-05
70050.00 5.48859e-05
70100.00 5.46951e-05
70150.00 5.47164e-05
70200.00 5.47313e-05
70250.00 5.47174e-05
70300.00 5.47886e-05
70350.00 5.5082e-05
70400.00 5.50812e-05
70450.00 5.50827e-05
70500.00 5.54253e-05
70550.00 5.5886e-05
70600.00 5.63517e-05
70650.00 5.63025e-05
70700.00 5.61424e-05
70750.00 5.6222e-05
70800.00 5.60435e-05
70850.00 5.55276e-05
70900.00 5.53295e-05
70950.00 5.61311e-05
71000.00 5.66437e-05
71050.00 5.67939e-05
71100.00 5.69555e-05
71150.00 5.7068e-05
71200.00 5.70303e-05
71250.00 5.70051e-05
71300.00 5.71413e-05
71350.00 5.72943e-05
71400.00 5.75528e-05
71450.00 5.71826e-05
71500.00 5.7071e-05
71550.00 5.77283e-05
71600.00 5.78862e-05
71650.00 5.75549e-05
71700.00 5.74563e-05
71750.00 5.78712e-05
71800.00 5.798e-05
71850.00 5.77256e-05
71900.00 5.75562e-05
71950.00 5.70549e-05
72000.00 5.70392e-05
72050.00 5.76885e-05
72100.00 5.8378e-05
72150.00 5.86844e-05
72200.00 5.87645e-05
72250.00 5.87429e-05
72300.00 5.93286e-05
72350.00 6.0402e-05
72400.00 6.08994e-05
72450.00 6.04928e-05
72500.00 5.95891e-05
72550.00 5.89953e-05
72600.00 5.86278e-05
72650.00 5.9033e-05
72700.00 5.98255e-05
72750.00 5.97237e-05
72800.00 5.89947e-05
72850.00 5.87664e-05
72900.00 5.88676e-05
72950.00 5.92637e-05
73000.00 5.98454e-05
73050.00 5.98022e-05
73100.00 5.95878e-05
73150.00 5.98423e-05
73200.00 6.00355e-05
73250.00 6.05299e-05
73300.00 6.09518e-05
73350.00 6.10626e-05
73400.00 6.15253e-05
73450.00 6.15277e-05
73500.00 6.1227e-05
73550.00 6.0989e-05
73600.00 6.0621e-05
73650.00 6.09445e-05
73700.00 6.15907e-05
73750.00 6.16706e-05
73800.00 6.11874e-05
73850.00 6.0657e-05
73900.00 6.08539e-05
73950.00 6.10324e-05
74000.00 6.09264e-05
74050.00 6.14354e-05
74100.00 6.19962e-05
74150.00 6.1938e-05
74200.00 6.23135e-05
74250.00 6.2784e-05
74300.00 6.29264e-05
74350.00 6.25889e-05
74400.00 6.24509e-05
74450.00 6.2941e-05
74500.00 6.32657e-05
74550.00 6.34406e-05
74600.00 6.32124e-05
74650.00 6.31507e-05
74700.00 6.34151e-05
74750.00 6.36907e-05
74800.00 6.36628e-05
74850.00 6.33891e-05
74900.00 6.27855e-05
74950.00 6.20747e-05
75000.00 6.17165e-05
75050.00 6.14438e-05
75100.00 6.13562e-05
75150.00 6.16147e-05
75200.00 6.18044e-05
75250.00 6.18654e-05
75300.00 6.26122e-05
75350.00 6.33664e-05
75400.00 6.33372e-05
75450.00 6.27194e-05
75500.00 6.2394e-05
75550.00 6.27136e-05
75600.00 6.33885e-05
75650.00 6.42359e-05
75700.00 6.44685e-05
75750.00 6.43915e-05
75800.00 6.4245e-05
75850.00 6.38514e-05
75900.00 6.35911e-05
75950.00 6.38892e-05
76000.00 6.4032e-05
76050.00 6.38575e-05
76100.00 6.39027e-05
76150.00 6.40013e-05
76200.00 6.40801e-05
76250.00 6.41732e-05
76300.00 6.43814e-05
76350.00 6.42505e-05
76400.00 6.39624e-05
76450.00 6.37169e-05
76500.00 6.36215e-05
76550.00 6.41915e-05
76600.00 6.45219e-05
76650.00 6.45594e-05
76700.00 6.51605e-05
76750.00 6.54867e-05
76800.00 6.52759e-05
76850.00 6.49719e-05
76900.00 6.50437e-05
76950.00 6.52213e-05
77000.00 6.48917e-05
77050.00 6.46795e-05
77100.00 6.45851e-05
77150.00 6.45861e-05
77200.00 6.44842e-05
77250.00 6.40073e-05
77300.00 6.38149e-05
77350.00 6.36807e-05
77400.00 6.34956e-05
77450.00 6.34731e-05
77500.00 6.35295e-05
77550.00 6.36554e-05
77600.00 6.44735e-05
77650.00 6.49851e-05
77700.00 6.47753e-05
77750.00 6.48545e-05
77800.00 6.47796e-05
77850.00 6.49648e-05
77900.00 6.51848e-05
77950.00 6.51266e-05
78000.00 6.51076e-05
78050.00 6.49277e-05
78100.00 6.45754e-05
78150.00 6.45666e-05
78200.00 6.46128e-05
78250.00 6.42715e-05
78300.00 6.43057e-05
78350.00 6.45316e-05
78400.00 6.44163e-05
78450.00 6.44197e-05
78500.00 6.4887e-05
78550.00 6.47213e-05
78600.00 6.41897e-05
78650.00 6.44852e-05
78700.00 6.52399e-05
78750.00 6.56659e-05
78800.00 6.55098e-05
78850.00 6.53485e-05
78900.00 6.55543e-05
78950.00 6.58936e-05
79000.00 6.59806e-05
79050.00 6.57568e-05
79100.00 6.56648e-05
79150.00 6.56687e-05
79200.00 6.5725e-05
79250.00 6.59535e-05
79300.00 6.57752e-05
79350.00 6.55467e-05
79400.00 6.61099e-05
79450.00 6.67233e-05
79500.00 6.64514e-05
79550.00 6.58073e-05
79600.00 6.5646e-05
79650.00 6.53752e-05
79700.00 6.54134e-05
79750.00 6.59511e-05
79800.00 6.5777e-05
79850.00 6.58489e-05
79900.00 6.60122e-05
79950.00 6.60141e-05
80000.00 6.64556e-05
80050.00 6.68861e-05
80100.00 6.69107e-05
80150.00 6.71256e-05
80200.00 6.75516e-05
80250.00 6.76656e-05
80300.00 6.77921e-05
80350.00 6.76548e-05
80400.00 6.737e-05
80450.00 6.71857e-05
80500.00 6.7331e-05
80550.00 6.75473e-05
80600.00 6.74282e-05
80650.00 6.742e-05
80700.00 6.73864e-05
80750.00 6.73688e-05
80800.00 6.74524e-05
80850.00 6.81116e-05
80900.00 6.82374e-05
80950.00 6.79042e-05
81000.00 6.80236e-05
81050.00 6.81281e-05
81100.00 6.83018e-05
81150.00 6.83972e-05
81200.00 6.8351e-05
81250.00 6.81207e-05
81300.00 6.80161e-05
81350.00 6.77605e-05
81400.00 6.73967e-05
81450.00 6.70377e-05
81500.00 6.68295e-05
81550.00 6.71589e-05
81600.00 6.76875e-05
81650.00 6.75968e-05
81700.00 6.7682e-05
81750.00 6.77681e-05
81800.00 6.70492e-05
81850.00 6.71063e-05
81900.00 6.81192e-05
81950.00 6.84003e-05
82000.00 6.80514e-05
82050.00 6.80665e-05
82100.00 6.79683e-05
82150.00 6.77196e-05
82200.00 6.76115e-05
82250.00 6.77618e-05
82300.00 6.7866e-05
82350.00 6.77058e-05
82400.00 6.7517e-05
82450.00 6.74583e-05
82500.00 6.75464e-05
82550.00 6.72184e-05
82600.00 6.71597e-05
82650.00 6.78483e-05
82700.00 6.82909e-05
82750.00 6.84479e-05
82800.00 6.88625e-05
82850.00 6.86733e-05
82900.00 6.80039e-05
82950.00 6.78118e-05
83000.00 6.78676e-05
83050.00 6.81249e-05
83100.00 6.86671e-05
83150.00 6.84516e-05
83200.00 6.8108e-05
83250.00 6.82215e-05
83300.00 6.82939e-05
83350.00 6.90275e-05
83400.00 6.93959e-05
83450.00 6.90759e-05
83500.00 6.85224e-05
83550.00 6.84307e-05
83600.00 6.86818e-05
83650.00 6.88196e-05
83700.00 6.91226e-05
83750.00 6.94261e-05
83800.00 6.95734e-05
83850.00 6.97938e-05
83900.00 6.98007e-05
83950.00 6.95064e-05
84000.00 6.96074e-05
84050.00 6.97928e-05
84100.00 7.0098e-05
84150.00 7.01307e-05
84200.00 6.97061e-05
84250.00 6.92701e-05
84300.00 6.92804e-05
84350.00 6.975e-05
84400.00 7.03853e-05
84450.00 7.09415e-05
84500.00 7.12024e-05
84550.00 7.15858e-05
84600.00 7.18713e-05
84650.00 7.21188e-05
84700.00 7.23826e-05
84750.00 7.22102e-05
84800.00 7.20216e-05
84850.00 7.19117e-05
84900.00 7.12791e-05
84950.00 7.05505e-05
85000.00 7.09395e-05
85050.00 7.1393e-05
85100.00 7.14669e-05
85150.00 7.16574e-05
85200.00 7.17769e-05
85250.00 7.17894e-05
85300.00 7.16139e-05
85350.00 7.19348e-05
85400.00 7.23142e-05
85450.00 7.24819e-05
85500.00 7.26257e-05
85550.00 7.23821e-05
85600.00 7.17664e-05
85650.00 7.17596e-05
85700.00 7.21941e-05
85750.00 7.23446e-05
85800.00 7.22006e-05
85850.00 7.17412e-05
85900.00 7.20191e-05
85950.00 7.24157e-05
86000.00 7.27709e-05
86050.00 7.29763e-05
86100.00 7.30556e-05
86150.00 7.35063e-05
86200.00 7.38246e-05
86250.00 7.40251e-05
86300.00 7.40875e-05
86350.00 7.41925e-05
86400.00 7.45234e-05
86450.00 7.48676e-05
86500.00 7.50797e-05
86550.00 7.53161e-05
86600.00 7.50544e-05
86650.00 7.50869e-05
86700.00 7.51092e-05
86750.00 7.45339e-05
86800.00 7.45471e-05
86850.00 7.48839e-05
86900.00 7.50836e-05
86950.00 7.51277e-05
87000.00 7.52855e-05
87050.00 7.57001e-05
87100.00 7.61389e-05
87150.00 7.62938e-05
87200.00 7.62318e-05
87250.00 7.61233e-05
87300.00 7.62137e-05
87350.00 7.62356e-05
87400.00 7.62148e-05
87450.00 7.64631e-05
87500.00 7.6423e-05
87550.00 7.61666e-05
87600.00 7.61024e-05
87650.00 7.62357e-05
87700.00 7.56721e-05
87750.00 7.50844e-05
87800.00 7.54077e-05
87850.00 7.62629e-05
87900.00 7.69037e-05
87950.00 7.66731e-05
88000.00 7.67617e-05
88050.00 7.71368e-05
88100.00 7.68741e-05
88150.00 7.68729e-05
88200.00 7.70056e-05
88250.00 7.66552e-05
88300.00 7.63852e-05
88350.00 7.6751e-05
88400.00 7.72262e-05
88450.00 7.73171e-05
88500.00 7.7034e-05
88550.00 7.69639e-05
88600.00 7.73756e-05
88650.00 7.73624e-05
88700.00 7.68586e-05
88750.00 7.67696e-05
88800.00 7.68769e-05
88850.00 7.67043e-05
88900.00 7.65471e-05
88950.00 7.69213e-05
89000.00 7.71296e-05
89050.00 7.71167e-05
89100.00 7.75105e-05
89150.00 7.78906e-05
89200.00 7.7594e-05
89250.00 7.73557e-05
89300.00 7.74444e-05
89350.00 7.73632e-05
89400.00 7.74997e-05
89450.00 7.78135e-05
89500.00 7.7975e-05
89550.00 7.77852e-05
89600.00 7.77489e-05
89650.00 7.78111e-05
89700.00 7.77428e-05
89750.00 7.73211e-05
89800.00 7.73722e-05
89850.00 7.76961e-05
89900.00 7.78035e-05
89950.00 7.79089e-05
90000.00 7.80287e-05
90050.00 7.80912e-05
90100.00 7.81069e-05
90150.00 7.82785e-05
90200.00 7.80706e-05
90250.00 7.79055e-05
90300.00 7.78863e-05
90350.00 7.7357e-05
90400.00 7.70298e-05
90450.00 7.74273e-05
90500.00 7.76062e-05
90550.00 7.7319e-05
90600.00 7.75132e-05
90650.00 7.78269e-05
90700.00 7.76628e-05
90750.00 7.79586e-05
90800.00 7.84366e-05
90850.00 7.84607e-05
90900.00 7.85814e-05
90950.00 7.82947e-05
91000.00 7.77946e-05
91050.00 7.77784e-05
91100.00 7.75175e-05
91150.00 7.73303e-05
91200.00 7.71133e-05
91250.00 7.66815e-05
91300.00 7.65648e-05
91350.00 7.66114e-05
91400.00 7.67218e-05
91450.00 7.66066e-05
91500.00 7.63972e-05
91550.00 7.62939e-05
91600.00 7.61505e-05
91650.00 7.60319e-05
91700.00 7.63276e-05
91750.00 7.69347e-05
91800.00 7.7352e-05
91850.00 7.78606e-05
91900.00 7.78646e-05
91950.00 7.79722e-05
92000.00 7.87673e-05
92050.00 7.87503e-05
92100.00 7.85664e-05
92150.00 7.87976e-05
92200.00 7.91013e-05
92250.00 7.9071e-05
92300.00 7.8593e-05
92350.00 7.84917e-05
92400.00 7.8895e-05
92450.00 7.9261e-05
92500.00 7.95453e-05
92550.00 7.98113e-05
92600.00 7.99362e-05
92650.00 7.9781e-05
92700.00 7.91067e-05
92750.00 7.83743e-05
92800.00 7.84113e-05
92850.00 7.82229e-05
92900.00 7.77918e-05
92950.00 7.81833e-05
93000.00 7.83053e-05
93050.00 7.80802e-05
93100.00 7.81637e-05
93150.00 7.83486e-05
93200.00 7.85945e-05
93250.00 7.88569e-05
93300.00 7.9296e-05
93350.00 7.99161e-05
93400.00 7.99939e-05
93450.00 7.96868e-05
93500.00 7.98407e-05
93550.00 7.96359e-05
93600.00 7.93402e-05
93650.00 7.9958e-05
93700.00 8.01994e-05
93750.00 7.97809e-05
93800.00 7.95791e-05
93850.00 7.94208e-05
93900.00 7.89864e-05
93950.00 7.92834e-05
94000.00 7.96951e-05
94050.00 7.96198e-05
94100.00 7.93416e-05
94150.00 7.92128e-05
94200.00 7.96262e-05
94250.00 7.97024e-05
94300.00 7.97106e-05
94350.00 7.9707e-05
94400.00 7.92706e-05
94450.00 7.92619e-05
94500.00 7.97072e-05
94550.00 8.02712e-05
94600.00 8.067e-05
94650.00 8.05928e-05
94700.00 8.009e-05
94750.00 7.98313e-05
94800.00 7.98562e-05
94850.00 7.99833e-05
94900.00 8.05632e-05
94950.00 8.10912e-05
95000.00 8.10349e-05
95050.00 8.08281e-05
95100.00 8.06685e-05
95150.00 8.06998e-05
95200.00 8.14178e-05
95250.00 8.21166e-05
95300.00 8.2236e-05
95350.00 8.23283e-05
95400.00 8.25231e-05
95450.00 8.25365e-05
95500.00 8.25378e-05
95550.00 8.21027e-05
95600.00 8.15007e-05
95650.00 8.12962e-05
95700.00 8.17384e-05
95750.00 8.22935e-05
95800.00 8.21858e-05
95850.00 8.1571e-05
95900.00 8.14875e-05
95950.00 8.17633e-05
96000.00 8.18884e-05
96050.00 8.1923e-05
96100.00 8.19743e-05
96150.00 8.22334e-05
96200.00 8.21682e-05
96250.00 8.18857e-05
96300.00 8.18099e-05
96350.00 8.17479e-05
96400.00 8.19934e-05
96450.00 8.24194e-05
96500.00 8.23743e-05
96550.00 8.22818e-05
96600.00 8.2266e-05
96650.00 8.20129e-05
96700.00 8.17145e-05
96750.00 8.18054e-05
96800.00 8.1704e-05
96850.00 8.18381e-05
96900.00 8.25373e-05
96950.00 8.29303e-05
97000.00 8.2885e-05
97050.00 8.27081e-05
97100.00 8.28092e-05
97150.00 8.31669e-05
97200.00 8.35426e-05
97250.00 8.36989e-05
97300.00 8.38581e-05
97350.00 8.4064e-05
97400.00 8.41309e-05
97450.00 8.43209e-05
97500.00 8.44654e-05
97550.00 8.41477e-05
97600.00 8.39394e-05
97650.00 8.36205e-05
97700.00 8.34183e-05
97750.00 8.38849e-05
97800.00 8.42077e-05
97850.00 8.37604e-05
97900.00 8.31398e-05
97950.00 8.33551e-05
98000.00 8.37294e-05
98050.00 8.38987e-05
98100.00 8.42551e-05
98150.00 8.44067e-05
98200.00 8.42307e-05
98250.00 8.42836e-05
98300.00 8.4679e-05
98350.00 8.48441e-05
98400.00 8.4862e-05
98450.00 8.46481e-05
98500.00 8.47137e-05
98550.00 8.50513e-05
98600.00 8.50313e-05
98650.00 8.50131e-05
98700.00 8.4802e-05
98750.00 8.44485e-05
98800.00 8.44206e-05
98850.00 8.50317e-05
98900.00 8.56434e-05
98950.00 8.5634e-05
99000.00 8.57839e-05
99050.00 8.59591e-05
99100.00 8.60136e-05
99150.00 8.60758e-05
99200.00 8.62323e-05
99250.00 8.62772e-05
99300.00 8.6369e-05
99350.00 8.6477e-05
99400.00 8.67604e-05
99450.00 8.69807e-05
99500.00 8.65873e-05
99550.00 8.69193e-05
99600.00 8.72091e-05
99650.00 8.74522e-05
99700.00 8.78404e-05
99750.00 8.72196e-05
99800.00 8.6948e-05
99850.00 8.76679e-05
99900.00 8.78862e-05
