50.00 -2.39245e-07
100.00 -4.3287e-07
150.00 -8.71653e-07
200.00 -1.10593e-06
250.00 -8.14967e-07
300.00 -3.16042e-07
350.00 -4.06343e-08
400.00 3.18105e-07
450.00 9.874e-07
500.00 1.39518e-06
550.00 1.29643e-06
600.00 1.13024e-06
650.00 1.50724e-06
700.00 1.32604e-06
750.00 1.04599e-06
800.00 1.17993e-06
850.00 1.31109e-06
900.00 1.5362e-06
950.00 1.5049e-06
1000.00 1.42056e-06
1050.00 1.22134e-06
1100.00 1.0647e-06
1150.00 8.56785e-07
1200.00 8.60335e-07
1250.00 1.22733e-06
1300.00 1.39261e-06
1350.00 1.30212e-06
1400.00 1.28536e-06
1450.00 1.35678e-06
1500.00 1.52718e-06
1550.00 1.79118e-06
1600.00 1.90971e-06
1650.00 1.63986e-06
1700.00 1.55908e-06
1750.00 1.94956e-06
1800.00 1.80086e-06
1850.00 1.45576e-06
1900.00 1.70157e-06
1950.00 2.20291e-06
2000.00 2.61447e-06
2050.00 3.06361e-06
2100.00 3.0656e-06
2150.00 2.94331e-06
2200.00 3.06883e-06
2250.00 2.85609e-06
2300.00 2.96357e-06
2350.00 3.17704e-06
2400.00 3.3548e-06
2450.00 3.46632e-06
2500.00 3.38846e-06
2550.00 3.31523e-06
2600.00 2.89529e-06
2650.00 2.24122e-06
2700.00 1.92052e-06
2750.00 2.44708e-06
2800.00 3.43563e-06
2850.00 3.92711e-06
2900.00 4.01402e-06
2950.00 4.01005e-06
3000.00 3.93487e-06
3050.00 4.36861e-06
3100.00 4.79513e-06
3150.00 5.03712e-06
3200.00 4.93918e-06
3250.00 4.92587e-06
3300.00 5.17918e-06
3350.00 5.12618e-06
3400.00 5.24252e-06
3450.00 4.98589e-06
3500.00 4.96906e-06
3550.00 5.33078e-06
3600.00 5.68803e-06
3650.00 6.53413e-06
3700.00 7.24586e-06
3750.00 7.48634e-06
3800.00 7.29892e-06
3850.00 7.17924e-06
3900.00 7.40394e-06
3950.00 7.71428e-06
4000.00 7.95516e-06
4050.00 7.97831e-06
4100.00 7.80558e-06
4150.00 7.21623e-06
4200.00 7.18291e-06
4250.00 7.4077e-06
4300.00 7.0237e-06
4350.00 6.72877e-06
4400.00 6.86371e-06
4450.00 6.89907e-06
4500.00 6.9831e-06
4550.00 7.19367e-06
4600.00 7.27337e-06
4650.00 7.34943e-06
4700.00 7.43916e-06
4750.00 8.02383e-06
4800.00 8.23857e-06
4850.00 8.36957e-06
4900.00 8.49858e-06
4950.00 8.35579e-06
5000.00 8.41099e-06
5050.00 8.71528e-06
5100.00 9.30282e-06
5150.00 9.34492e-06
5200.00 9.30517e-06
5250.00 9.48184e-06
5300.00 9.39319e-06
5350.00 9.23254e-06
5400.00 9.04609e-06
5450.00 9.05425e-06
5500.00 9.10592e-06
5550.00 9.09867e-06
5600.00 9.64541e-06
5650.00 9.92042e-06
5700.00 9.45486e-06
5750.00 9.22256e-06
5800.00 9.41883e-06
5850.00 9.51916e-06
5900.00 9.47803e-06
5950.00 9.73179e-06
6000.00 1.00512e-05
6050.00 1.02365e-05
6100.00 1.06355e-05
6150.00 1.07223e-05
6200.00 1.0361e-05
6250.00 1.00467e-05
6300.00 9.76364e-06
6350.00 9.65169e-06
6400.00 9.65098e-06
6450.00 9.67365e-06
6500.00 9.63319e-06
6550.00 9.92372e-06
6600.00 1.04116e-05
6650.00 1.07106e-05
6700.00 1.08249e-05
6750.00 1.10196e-05
6800.00 1.09376e-05
6850.00 1.06059e-05
6900.00 1.04894e-05
6950.00 1.00472e-05
7000.00 9.92665e-06
7050.00 9.8312e-06
7100.00 9.71499e-06
7150.00 9.72435e-06
7200.00 9.60057e-06
7250.00 9.59839e-06
7300.00 9.18652e-06
7350.00 8.72674e-06
7400.00 8.82459e-06
7450.00 9.28861e-06
7500.00 9.44564e-06
7550.00 9.15484e-06
7600.00 8.96776e-06
7650.00 9.18278e-06
7700.00 9.18691e-06
7750.00 8.95375e-06
7800.00 9.12814e-06
7850.00 9.17363e-06
7900.00 9.05575e-06
7950.00 9.23932e-06
8000.00 9.53558e-06
8050.00 9.57064e-06
8100.00 9.13436e-06
8150.00 9.12553e-06
8200.00 9.43274e-06
8250.00 9.99336e-06
8300.00 1.07922e-05
8350.00 1.11433e-05
8400.00 1.13285e-05
8450.00 1.16716e-05
8500.00 1.19202e-05
8550.00 1.16521e-05
8600.00 1.07892e-05
8650.00 1.0261e-05
8700.00 1.05095e-05
8750.00 1.06088e-05
8800.00 1.07866e-05
8850.00 1.10174e-05
8900.00 1.11996e-05
8950.00 1.17207e-05
9000.00 1.20884e-05
9050.00 1.22802e-05
9100.00 1.21502e-05
9150.00 1.1594e-05
9200.00 1.13106e-05
9250.00 1.14551e-05
9300.00 1.13629e-05
9350.00 1.11018e-05
9400.00 1.11611e-05
9450.00 1.11737e-05
9500.00 1.14466e-05
9550.00 1.18488e-05
9600.00 1.2019e-05
9650.00 1.15761e-05
9700.00 1.09909e-05
9750.00 1.148e-05
9800.00 1.19497e-05
9850.00 1.1552e-05
9900.00 1.15167e-05
9950.00 1.17796e-05
10000.00 1.16416e-05
10050.00 1.12729e-05
10100.00 1.11853e-05
10150.00 1.13213e-05
10200.00 1.12371e-05
10250.00 1.143e-05
10300.00 1.19097e-05
10350.00 1.21924e-05
10400.00 1.21715e-05
10450.00 1.23786e-05
10500.00 1.23466e-05
10550.00 1.20837e-05
10600.00 1.1877e-05
10650.00 1.18782e-05
10700.00 1.23635e-05
10750.00 1.26403e-05
10800.00 1.25418e-05
10850.00 1.25364e-05
10900.00 1.24442e-05
10950.00 1.22983e-05
11000.00 1.25387e-05
11050.00 1.27574e-05
11100.00 1.24383e-05
11150.00 1.17624e-05
11200.00 1.15513e-05
11250.00 1.1814e-05
11300.00 1.22475e-05
11350.00 1.27261e-05
11400.00 1.25412e-05
11450.00 1.23003e-05
11500.00 1.23594e-05
11550.00 1.22414e-05
11600.00 1.25131e-05
11650.00 1.25502e-05
11700.00 1.22856e-05
11750.00 1.26105e-05
11800.00 1.32357e-05
11850.00 1.38633e-05
11900.00 1.39839e-05
11950.00 1.37831e-05
12000.00 1.38663e-05
12050.00 1.37385e-05
12100.00 1.40048e-05
12150.00 1.46428e-05
12200.00 1.47553e-05
12250.00 1.44971e-05
12300.00 1.41336e-05
12350.00 1.3956e-05
12400.00 1.41817e-05
12450.00 1.43132e-05
12500.00 1.40931e-05
12550.00 1.41373e-05
12600.00 1.40202e-05
12650.00 1.37548e-05
12700.00 1.36901e-05
12750.00 1.39725e-05
12800.00 1.41582e-05
12850.00 1.3812e-05
12900.00 1.38499e-05
12950.00 1.4048e-05
13000.00 1.45008e-05
13050.00 1.48625e-05
13100.00 1.50561e-05
13150.00 1.50744e-05
13200.00 1.48857e-05
13250.00 1.51565e-05
13300.00 1.5572e-05
13350.00 1.59623e-05
13400.00 1.65698e-05
13450.00 1.66513e-05
13500.00 1.61181e-05
13550.00 1.62362e-05
13600.00 1.63602e-05
13650.00 1.62055e-05
13700.00 1.61967e-05
13750.00 1.63113e-05
13800.00 1.65434e-05
13850.00 1.65667e-05
13900.00 1.66121e-05
13950.00 1.67841e-05
14000.00 1.67891e-05
14050.00 1.68114e-05
14100.00 1.70754e-05
14150.00 1.72609e-05
14200.00 1.71734e-05
14250.00 1.70423e-05
14300.00 1.70538e-05
14350.00 1.69508e-05
14400.00 1.66134e-05
14450.00 1.70944e-05
14500.00 1.74979e-05
14550.00 1.74898e-05
14600.00 1.7451e-05
14650.00 1.72176e-05
14700.00 1.71293e-05
14750.00 1.70352e-05
14800.00 1.70541e-05
14850.00 1.72198e-05
14900.00 1.77724e-05
14950.00 1.788e-05
15000.00 1.75157e-05
15050.00 1.77372e-05
15100.00 1.80267e-05
15150.00 1.79214e-05
15200.00 1.80871e-05
15250.00 1.82669e-05
15300.00 1.81872e-05
15350.00 1.80376e-05
15400.00 1.80757e-05
15450.00 1.85004e-05
15500.00 1.8686e-05
15550.00 1.83699e-05
15600.00 1.81427e-05
15650.00 1.81214e-05
15700.00 1.78413e-05
15750.00 1.75218e-05
15800.00 1.70625e-05
15850.00 1.69993e-05
15900.00 1.70752e-05
15950.00 1.69276e-05
16000.00 1.68933e-05
16050.00 1.70857e-05
16100.00 1.77686e-05
16150.00 1.8318e-05
16200.00 1.8115e-05
16250.00 1.77071e-05
16300.00 1.78824e-05
16350.00 1.83165e-05
16400.00 1.85405e-05
16450.00 1.84893e-05
16500.00 1.8376e-05
16550.00 1.85216e-05
16600.00 1.906e-05
16650.00 1.93568e-05
16700.00 1.93571e-05
16750.00 1.92976e-05
16800.00 1.91343e-05
16850.00 1.89901e-05
16900.00 1.89448e-05
16950.00 1.8843e-05
17000.00 1.86076e-05
17050.00 1.8449e-05
17100.00 1.84032e-05
17150.00 1.8365e-05
17200.00 1.84141e-05
17250.00 1.85208e-05
17300.00 1.86802e-05
17350.00 1.84449e-05
17400.00 1.79671e-05
17450.00 1.81557e-05
17500.00 1.86044e-05
17550.00 1.87399e-05
17600.00 1.92125e-05
17650.00 1.95454e-05
17700.00 1.94976e-05
17750.00 1.95263e-05
17800.00 1.91306e-05
17850.00 1.8829e-05
17900.00 1.90433e-05
17950.00 1.93167e-05
18000.00 1.93139e-05
18050.00 1.93314e-05
18100.00 1.9597e-05
18150.00 1.94936e-05
18200.00 1.92876e-05
18250.00 1.93864e-05
18300.00 1.94226e-05
18350.00 1.93647e-05
18400.00 1.88861e-05
18450.00 1.89277e-05
18500.00 1.9762e-05
18550.00 2.02231e-05
18600.00 1.9839e-05
18650.00 1.93955e-05
18700.00 1.93564e-05
18750.00 1.91321e-05
18800.00 1.88976e-05
18850.00 1.90906e-05
18900.00 1.94526e-05
18950.00 1.95662e-05
19000.00 1.95906e-05
19050.00 1.96178e-05
19100.00 1.97023e-05
19150.00 1.98165e-05
19200.00 1.98241e-05
19250.00 1.94422e-05
19300.00 1.90948e-05
19350.00 1.91549e-05
19400.00 1.97392e-05
19450.00 1.97329e-05
19500.00 1.92613e-05
19550.00 1.95898e-05
19600.00 2.00248e-05
19650.00 2.00518e-05
19700.00 2.00612e-05
19750.00 2.0075e-05
19800.00 1.97008e-05
19850.00 1.93263e-05
19900.00 1.92414e-05
19950.00 1.93821e-05
20000.00 1.96489e-05
20050.00 2.00838e-05
20100.00 2.04396e-05
20150.00 2.04988e-05
20200.00 2.02338e-05
20250.00 1.96666e-05
20300.00 1.9429e-05
20350.00 1.97419e-05
20400.00 1.99914e-05
20450.00 2.0069e-05
20500.00 2.00281e-05
20550.00 2.01832e-05
20600.00 2.03778e-05
20650.00 2.01625e-05
20700.00 1.99967e-05
20750.00 1.98701e-05
20800.00 1.99574e-05
20850.00 2.00265e-05
20900.00 2.03252e-05
20950.00 2.05583e-05
21000.00 2.03823e-05
21050.00 2.02588e-05
21100.00 2.00974e-05
21150.00 2.00039e-05
21200.00 2.00469e-05
21250.00 2.00985e-05
21300.00 2.00411e-05
21350.00 2.01676e-05
21400.00 2.0795e-05
21450.00 2.12512e-05
21500.00 2.16071e-05
21550.00 2.18801e-05
21600.00 2.13888e-05
21650.00 2.09191e-05
21700.00 2.13625e-05
21750.00 2.18441e-05
21800.00 2.16174e-05
21850.00 2.15965e-05
21900.00 2.16063e-05
21950.00 2.17246e-05
22000.00 2.17546e-05
22050.00 2.16067e-05
22100.00 2.19684e-05
22150.00 2.21034e-05
22200.00 2.19726e-05
22250.00 2.1777e-05
22300.00 2.17029e-05
22350.00 2.14548e-05
22400.00 2.12953e-05
22450.00 2.188e-05
22500.00 2.20915e-05
22550.00 2.16632e-05
22600.00 2.18037e-05
22650.00 2.23388e-05
22700.00 2.26208e-05
22750.00 2.25531e-05
22800.00 2.25194e-05
22850.00 2.28959e-05
22900.00 2.28692e-05
22950.00 2.31689e-05
23000.00 2.35113e-05
23050.00 2.37027e-05
23100.00 2.36192e-05
23150.00 2.35065e-05
23200.00 2.39259e-05
23250.00 2.39673e-05
23300.00 2.44155e-05
23350.00 2.49147e-05
23400.00 2.46884e-05
23450.00 2.41338e-05
23500.00 2.35905e-05
23550.00 2.334e-05
23600.00 2.30235e-05
23650.00 2.32702e-05
23700.00 2.39516e-05
23750.00 2.39577e-05
23800.00 2.38233e-05
23850.00 2.41011e-05
23900.00 2.42944e-05
23950.00 2.43043e-05
24000.00 2.44708e-05
24050.00 2.45578e-05
24100.00 2.45672e-05
24150.00 2.46128e-05
24200.00 2.43209e-05
24250.00 2.40183e-05
24300.00 2.38848e-05
24350.00 2.40516e-05
24400.00 2.42063e-05
24450.00 2.36296e-05
24500.00 2.3559e-05
24550.00 2.38282e-05
24600.00 2.36973e-05
24650.00 2.39234e-05
24700.00 2.43707e-05
24750.00 2.46381e-05
24800.00 2.457e-05
24850.00 2.47858e-05
24900.00 2.55073e-05
24950.00 2.5824e-05
25000.00 2.58992e-05
25050.00 2.59764e-05
25100.00 2.53404e-05
25150.00 2.50445e-05
25200.00 2.54682e-05
25250.00 2.56307e-05
25300.00 2.57059e-05
25350.00 2.54538e-05
25400.00 2.55027e-05
25450.00 2.62305e-05
25500.00 2.68254e-05
25550.00 2.71265e-05
25600.00 2.73563e-05
25650.00 2.74093e-05
25700.00 2.72895e-05
25750.00 2.7284e-05
25800.00 2.75807e-05
25850.00 2.78403e-05
25900.00 2.76877e-05
25950.00 2.80593e-05
26000.00 2.85108e-05
26050.00 2.84798e-05
26100.00 2.81854e-05
26150.00 2.80878e-05
26200.00 2.8066e-05
26250.00 2.78631e-05
26300.00 2.79095e-05
26350.00 2.78463e-05
26400.00 2.79734e-05
26450.00 2.83193e-05
26500.00 2.84598e-05
26550.00 2.8737e-05
26600.00 2.94169e-05
26650.00 2.98214e-05
26700.00 2.95989e-05
26750.00 2.95545e-05
26800.00 2.96716e-05
26850.00 3.00737e-05
26900.00 3.02152e-05
26950.00 2.97837e-05
27000.00 2.96724e-05
27050.00 3.01121e-05
27100.00 3.05864e-05
27150.00 3.03115e-05
27200.00 2.99479e-05
27250.00 2.98838e-05
27300.00 2.95176e-05
27350.00 2.9287e-05
27400.00 2.98499e-05
27450.00 3.02025e-05
27500.00 3.00522e-05
27550.00 3.00964e-05
27600.00 2.98329e-05
27650.00 2.99326e-05
27700.00 2.99451e-05
27750.00 2.96208e-05
27800.00 2.9875e-05
27850.00 3.01801e-05
27900.00 3.01014e-05
27950.00 2.97243e-05
28000.00 3.02935e-05
28050.00 3.07473e-05
28100.00 3.06346e-05
28150.00 3.08638e-05
28200.00 3.12628e-05
28250.00 3.15838e-05
28300.00 3.18273e-05
28350.00 3.21474e-05
28400.00 3.25382e-05
28450.00 3.2196e-05
28500.00 3.1578e-05
28550.00 3.13204e-05
28600.00 3.08804e-05
28650.00 3.10662e-05
28700.00 3.14279e-05
28750.00 3.14975e-05
28800.00 3.1565e-05
28850.00 3.1428e-05
28900.00 3.14747e-05
28950.00 3.16254e-05
29000.00 3.19369e-05
29050.00 3.24785e-05
29100.00 3.27469e-05
29150.00 3.31103e-05
29200.00 3.28468e-05
29250.00 3.24034e-05
29300.00 3.23853e-05
29350.00 3.21986e-05
29400.00 3.19309e-05
29450.00 3.19026e-05
29500.00 3.22034e-05
29550.00 3.22437e-05
29600.00 3.21425e-05
29650.00 3.2142e-05
29700.00 3.25046e-05
29750.00 3.26869e-05
29800.00 3.27932e-05
29850.00 3.27801e-05
29900.00 3.27427e-05
29950.00 3.29876e-05
30000.00 3.27255e-05
30050.00 3.228e-05
30100.00 3.19191e-05
30150.00 3.17394e-05
30200.00 3.2017e-05
30250.00 3.23905e-05
30300.00 3.25107e-05
30350.00 3.25812e-05
30400.00 3.25278e-05
30450.00 3.2817e-05
30500.00 3.29093e-05
30550.00 3.24589e-05
30600.00 3.2337e-05
30650.00 3.23065e-05
30700.00 3.23476e-05
30750.00 3.23938e-05
30800.00 3.2384e-05
30850.00 3.24703e-05
30900.00 3.24255e-05
30950.00 3.24605e-05
31000.00 3.24898e-05
31050.00 3.23572e-05
31100.00 3.23314e-05
31150.00 3.26438e-05
31200.00 3.3294e-05
31250.00 3.34474e-05
31300.00 3.28856e-05
31350.00 3.27507e-05
31400.00 3.30224e-05
31450.00 3.33752e-05
31500.00 3.36002e-05
31550.00 3.32487e-05
31600.00 3.30781e-05
31650.00 3.32255e-05
31700.00 3.31284e-05
31750.00 3.29581e-05
31800.00 3.27671e-05
31850.00 3.26831e-05
31900.00 3.25345e-05
31950.00 3.25259e-05
32000.00 3.27621e-05
32050.00 3.26224e-05
32100.00 3.23155e-05
32150.00 3.25044e-05
32200.00 3.31083e-05
32250.00 3.32016e-05
32300.00 3.31367e-05
32350.00 3.31104e-05
32400.00 3.30172e-05
32450.00 3.3107e-05
32500.00 3.33225e-05
32550.00 3.33665e-05
32600.00 3.3033e-05
32650.00 3.31874e-05
32700.00 3.34238e-05
32750.00 3.32527e-05
32800.00 3.35989e-05
32850.00 3.40126e-05
32900.00 3.3836e-05
32950.00 3.36041e-05
33000.00 3.35317e-05
33050.00 3.33561e-05
33100.00 3.38754e-05
33150.00 3.44057e-05
33200.00 3.41825e-05
33250.00 3.41094e-05
33300.00 3.39821e-05
33350.00 3.39714e-05
33400.00 3.40573e-05
33450.00 3.4206e-05
33500.00 3.48472e-05
33550.00 3.50115e-05
33600.00 3.46342e-05
33650.00 3.49284e-05
33700.00 3.50252e-05
33750.00 3.42919e-05
33800.00 3.37843e-05
33850.00 3.41423e-05
33900.00 3.49347e-05
33950.00 3.5353e-05
34000.00 3.52271e-05
34050.00 3.5011e-05
34100.00 3.52241e-05
34150.00 3.53358e-05
34200.00 3.52527e-05
34250.00 3.51337e-05
34300.00 3.53325e-05
34350.00 3.55244e-05
34400.00 3.52131e-05
34450.00 3.51332e-05
34500.00 3.54172e-05
34550.00 3.57666e-05
34600.00 3.58163e-05
34650.00 3.57051e-05
34700.00 3.55198e-05
34750.00 3.52864e-05
34800.00 3.46999e-05
34850.00 3.41637e-05
34900.00 3.41943e-05
34950.00 3.43302e-05
35000.00 3.49056e-05
35050.00 3.53723e-05
35100.00 3.52974e-05
35150.00 3.53627e-05
35200.00 3.56137e-05
35250.00 3.57572e-05
35300.00 3.58088e-05
35350.00 3.588e-05
35400.00 3.61579e-05
35450.00 3.63649e-05
35500.00 3.61762e-05
35550.00 3.57614e-05
35600.00 3.55825e-05
35650.00 3.59399e-05
35700.00 3.6194e-05
35750.00 3.61083e-05
35800.00 3.60884e-05
35850.00 3.60928e-05
35900.00 3.60554e-05
35950.00 3.63719e-05
36000.00 3.65982e-05
36050.00 3.64408e-05
36100.00 3.64065e-05
36150.00 3.62487e-05
36200.00 3.6042e-05
36250.00 3.6102e-05
36300.00 3.65009e-05
36350.00 3.69001e-05
36400.00 3.69608e-05
36450.00 3.68723e-05
36500.00 3.71634e-05
36550.00 3.77824e-05
36600.00 3.78536e-05
36650.00 3.75746e-05
36700.00 3.75318e-05
36750.00 3.78874e-05
36800.00 3.79302e-05
36850.00 3.76269e-05
36900.00 3.73671e-05
36950.00 3.69102e-05
37000.00 3.66743e-05
37050.00 3.69914e-05
37100.00 3.73478e-05
37150.00 3.73409e-05
37200.00 3.78027e-05
37250.00 3.81121e-05
37300.00 3.7768e-05
37350.00 3.69302e-05
37400.00 3.63631e-05
37450.00 3.63674e-05
37500.00 3.65991e-05
37550.00 3.66894e-05
37600.00 3.63834e-05
37650.00 3.62203e-05
37700.00 3.65e-05
37750.00 3.68383e-05
37800.00 3.69067e-05
37850.00 3.72202e-05
37900.00 3.7105e-05
37950.00 3.69485e-05
38000.00 3.70755e-05
38050.00 3.72941e-05
38100.00 3.74161e-05
38150.00 3.77971e-05
38200.00 3.82803e-05
38250.00 3.83258e-05
38300.00 3.80309e-05
38350.00 3.78261e-05
38400.00 3.80209e-05
38450.00 3.78419e-05
38500.00 3.79979e-05
38550.00 3.86996e-05
38600.00 3.90342e-05
38650.00 3.90547e-05
38700.00 3.91818e-05
38750.00 3.91329e-05
38800.00 3.87118e-05
38850.00 3.81259e-05
38900.00 3.7964e-05
38950.00 3.78193e-05
39000.00 3.75444e-05
39050.00 3.77244e-05
39100.00 3.7878e-05
39150.00 3.77927e-05
39200.00 3.77963e-05
39250.00 3.79808e-05
39300.00 3.78511e-05
39350.00 3.76579e-05
39400.00 3.76252e-05
39450.00 3.77188e-05
39500.00 3.7634e-05
39550.00 3.74219e-05
39600.00 3.77805e-05
39650.00 3.83314e-05
39700.00 3.84638e-05
39750.00 3.88416e-05
39800.00 3.91584e-05
39850.00 3.92668e-05
39900.00 3.90833e-05
39950.00 3.89783e-05
40000.00 3.90313e-05
40050.00 3.90227e-05
40100.00 3.91918e-05
40150.00 3.92783e-05
40200.00 3.91319e-05
40250.00 3.88671e-05
40300.00 3.92445e-05
40350.00 3.9382e-05
40400.00 3.95798e-05
40450.00 4.03869e-05
40500.00 4.06664e-05
40550.00 4.07337e-05
40600.00 4.04972e-05
40650.00 4.00801e-05
40700.00 4.00221e-05
40750.00 4.00831e-05
40800.00 4.03894e-05
40850.00 4.01598e-05
40900.00 3.99404e-05
40950.00 4.03387e-05
41000.00 4.10654e-05
41050.00 4.11892e-05
41100.00 4.10103e-05
41150.00 4.14808e-05
41200.00 4.16403e-05
41250.00 4.13482e-05
41300.00 4.11378e-05
41350.00 4.09675e-05
41400.00 4.07831e-05
41450.00 4.04433e-05
41500.00 4.04149e-05
41550.00 4.10276e-05
41600.00 4.16685e-05
41650.00 4.23146e-05
41700.00 4.22897e-05
41750.00 4.1876e-05
41800.00 4.19406e-05
41850.00 4.21828e-05
41900.00 4.25e-05
41950.00 4.2752e-05
42000.00 4.31132e-05
42050.00 4.30846e-05
42100.00 4.28179e-05
42150.00 4.29275e-05
42200.00 4.28993e-05
42250.00 4.26138e-05
42300.00 4.26019e-05
42350.00 4.26323e-05
42400.00 4.28008e-05
42450.00 4.33865e-05
42500.00 4.32725e-05
42550.00 4.29701e-05
42600.00 4.30162e-05
42650.00 4.28644e-05
42700.00 4.30221e-05
42750.00 4.33195e-05
42800.00 4.33697e-05
42850.00 4.34215e-05
42900.00 4.33607e-05
42950.00 4.3094e-05
43000.00 4.28331e-05
43050.00 4.263e-05
43100.00 4.25377e-05
43150.00 4.27989e-05
43200.00 4.29549e-05
43250.00 4.30651e-05
43300.00 4.31239e-05
43350.00 4.31581e-05
43400.00 4.33509e-05
43450.00 4.33428e-05
43500.00 4.31954e-05
43550.00 4.3413e-05
43600.00 4.39529e-05
43650.00 4.45214e-05
43700.00 4.47571e-05
43750.00 4.43701e-05
43800.00 4.41575e-05
43850.00 4.43962e-05
43900.00 4.38286e-05
43950.00 4.30086e-05
44000.00 4.33197e-05
44050.00 4.37849e-05
44100.00 4.40292e-05
44150.00 4.44413e-05
44200.00 4.40931e-05
44250.00 4.35409e-05
44300.00 4.37702e-05
44350.00 4.40298e-05
44400.00 4.41104e-05
44450.00 4.39845e-05
44500.00 4.33315e-05
44550.00 4.31424e-05
44600.00 4.3715e-05
44650.00 4.41618e-05
44700.00 4.41258e-05
44750.00 4.36353e-05
44800.00 4.33882e-05
44850.00 4.36272e-05
44900.00 4.39902e-05
44950.00 4.39923e-05
45000.00 4.3857e-05
45050.00 4.37074e-05
45100.00 4.37667e-05
45150.00 4.392e-05
45200.00 4.3964e-05
45250.00 4.44051e-05
45300.00 4.46187e-05
45350.00 4.45256e-05
45400.00 4.4509e-05
45450.00 4.46399e-05
45500.00 4.46882e-05
45550.00 4.48107e-05
45600.00 4.51578e-05
45650.00 4.55687e-05
45700.00 4.55471e-05
45750.00 4.5149e-05
45800.00 4.51477e-05
45850.00 4.52895e-05
45900.00 4.56882e-05
45950.00 4.62279e-05
46000.00 4.62993e-05
46050.00 4.61281e-05
46100.00 4.62768e-05
46150.00 4.62358e-05
46200.00 4.58327e-05
46250.00 4.5644e-05
46300.00 4.57697e-05
46350.00 4.56023e-05
46400.00 4.53531e-05
46450.00 4.55844e-05
46500.00 4.58761e-05
46550.00 4.59909e-05
46600.00 4.62181e-05
46650.00 4.62112e-05
46700.00 4.61932e-05
46750.00 4.65406e-05
46800.00 4.62521e-05
46850.00 4.57394e-05
46900.00 4.54327e-05
46950.00 4.531e-05
47000.00 4.5532e-05
47050.00 4.56483e-05
47100.00 4.57537e-05
47150.00 4.53552e-05
47200.00 4.49261e-05
47250.00 4.52749e-05
47300.00 4.54926e-05
47350.00 4.57094e-05
47400.00 4.61698e-05
47450.00 4.62039e-05
47500.00 4.64597e-05
47550.00 4.69002e-05
47600.00 4.67251e-05
47650.00 4.64241e-05
47700.00 4.63793e-05
47750.00 4.62816e-05
47800.00 4.59362e-05
47850.00 4.57036e-05
47900.00 4.55207e-05
47950.00 4.55488e-05
48000.00 4.63382e-05
48050.00 4.70277e-05
48100.00 4.67048e-05
48150.00 4.65948e-05
48200.00 4.72021e-05
48250.00 4.7727e-05
48300.00 4.77576e-05
48350.00 4.7024e-05
48400.00 4.67033e-05
48450.00 4.72629e-05
48500.00 4.7503e-05
48550.00 4.7285e-05
48600.00 4.71507e-05
48650.00 4.72672e-05
48700.00 4.75836e-05
48750.00 4.79344e-05
48800.00 4.8165e-05
48850.00 4.85994e-05
48900.00 4.89563e-05
48950.00 4.8592e-05
49000.00 4.81313e-05
49050.00 4.81394e-05
49100.00 4.82037e-05
49150.00 4.79437e-05
49200.00 4.81713e-05
49250.00 4.87419e-05
49300.00 4.85808e-05
49350.00 4.83179e-05
49400.00 4.79742e-05
49450.00 4.7958e-05
49500.00 4.88348e-05
49550.00 4.93657e-05
49600.00 4.91227e-05
49650.00 4.88463e-05
49700.00 4.88324e-05
49750.00 4.853e-05
49800.00 4.84038e-05
49850.00 4.84845e-05
49900.00 4.88123e-05
49950.00 4.89711e-05
50000.00 4.87862e-05
50050.00 4.90457e-05
50100.00 4.89753e-05
50150.00 4.9053e-05
50200.00 4.95882e-05
50250.00 4.99983e-05
50300.00 5.03883e-05
50350.00 5.07344e-05
50400.00 5.04756e-05
50450.00 4.97965e-05
50500.00 4.95635e-05
50550.00 5.00202e-05
50600.00 5.0657e-05
50650.00 5.11058e-05
50700.00 5.10335e-05
50750.00 5.07491e-05
50800.00 5.05889e-05
50850.00 5.08066e-05
50900.00 5.11359e-05
50950.00 5.05754e-05
51000.00 5.0134e-05
51050.00 4.99783e-05
51100.00 4.99555e-05
51150.00 5.01816e-05
51200.00 5.01319e-05
51250.00 4.98314e-05
51300.00 4.94864e-05
51350.00 4.9317e-05
51400.00 4.93421e-05
51450.00 4.96592e-05
51500.00 5.0121e-05
51550.00 5.02448e-05
51600.00 5.03321e-05
51650.00 5.08331e-05
51700.00 5.11558e-05
51750.00 5.13095e-05
51800.00 5.13584e-05
51850.00 5.11742e-05
51900.00 5.09066e-05
51950.00 5.07373e-05
52000.00 5.05981e-05
52050.00 5.05314e-05
52100.00 5.0944e-05
52150.00 5.08241e-05
52200.00 5.02145e-05
52250.00 4.99444e-05
52300.00 4.99257e-05
52350.00 5.00454e-05
52400.00 4.9704e-05
52450.00 4.95064e-05
52500.00 4.96539e-05
52550.00 5.01265e-05
52600.00 5.04466e-05
52650.00 5.05471e-05
52700.00 5.05972e-05
52750.00 5.01232e-05
52800.00 5.01386e-05
52850.00 5.01792e-05
52900.00 4.98556e-05
52950.00 4.97843e-05
53000.00 5.01641e-05
53050.00 5.02888e-05
53100.00 5.02856e-05
53150.00 5.03349e-05
53200.00 5.00003e-05
53250.00 5.03296e-05
53300.00 5.05973e-05
53350.00 5.0352e-05
53400.00 5.07285e-05
53450.00 5.14729e-05
53500.00 5.1292e-05
53550.00 5.05259e-05
53600.00 5.03694e-05
53650.00 5.069e-05
53700.00 5.12101e-05
53750.00 5.14704e-05
53800.00 5.10808e-05
53850.00 5.08357e-05
53900.00 5.08642e-05
53950.00 5.10705e-05
54000.00 5.12427e-05
54050.00 5.12299e-05
54100.00 5.12496e-05
54150.00 5.08487e-05
54200.00 5.08799e-05
54250.00 5.12426e-05
54300.00 5.12643e-05
54350.00 5.09151e-05
54400.00 5.06073e-05
54450.00 5.10572e-05
54500.00 5.13324e-05
54550.00 5.11134e-05
54600.00 5.1241e-05
54650.00 5.13782e-05
54700.00 5.13592e-05
54750.00 5.16539e-05
54800.00 5.20787e-05
54850.00 5.22968e-05
54900.00 5.24497e-05
54950.00 5.24459e-05
55000.00 5.20056e-05
55050.00 5.17604e-05
55100.00 5.19778e-05
55150.00 5.19359e-05
55200.00 5.15865e-05
55250.00 5.15814e-05
55300.00 5.15398e-05
55350.00 5.14882e-05
55400.00 5.17257e-05
55450.00 5.22393e-05
55500.00 5.27414e-05
55550.00 5.28571e-05
55600.00 5.29643e-05
55650.00 5.30627e-05
55700.00 5.28578e-05
55750.00 5.26882e-05
55800.00 5.29386e-05
55850.00 5.26803e-05
55900.00 5.20931e-05
55950.00 5.19405e-05
56000.00 5.22313e-05
56050.00 5.3084e-05
56100.00 5.3529e-05
56150.00 5.37566e-05
56200.00 5.39169e-05
56250.00 5.37777e-05
56300.00 5.35398e-05
56350.00 5.36186e-05
56400.00 5.4048e-05
56450.00 5.40969e-05
56500.00 5.40888e-05
56550.00 5.43467e-05
56600.00 5.43466e-05
56650.00 5.42704e-05
56700.00 5.42371e-05
56750.00 5.42577e-05
56800.00 5.45437e-05
56850.00 5.43633e-05
56900.00 5.41219e-05
56950.00 5.43947e-05
57000.00 5.43703e-05
57050.00 5.37849e-05
57100.00 5.38834e-05
57150.00 5.43574e-05
57200.00 5.4392e-05
57250.00 5.43418e-05
57300.00 5.4359e-05
57350.00 5.41442e-05
57400.00 5.41445e-05
57450.00 5.37235e-05
57500.00 5.31122e-05
57550.00 5.28806e-05
57600.00 5.28354e-05
57650.00 5.35984e-05
57700.00 5.4049e-05
57750.00 5.42498e-05
57800.00 5.44336e-05
57850.00 5.43375e-05
57900.00 5.45943e-05
57950.00 5.4994e-05
58000.00 5.52404e-05
58050.00 5.52072e-05
58100.00 5.5455e-05
58150.00 5.55893e-05
58200.00 5.54856e-05
58250.00 5.57869e-05
58300.00 5.58768e-05
58350.00 5.58855e-05
58400.00 5.60445e-05
58450.00 5.58999e-05
58500.00 5.59348e-05
58550.00 5.62177e-05
58600.00 5.61268e-05
58650.00 5.56584e-05
58700.00 5.53397e-05
58750.00 5.5513e-05
58800.00 5.61651e-05
58850.00 5.69386e-05
58900.00 5.70766e-05
58950.00 5.65402e-05
59000.00 5.65484e-05
59050.00 5.71401e-05
59100.00 5.73739e-05
59150.00 5.71413e-05
59200.00 5.70511e-05
59250.00 5.73169e-05
59300.00 5.76647e-05
59350.00 5.80653e-05
59400.00 5.78797e-05
59450.00 5.73865e-05
59500.00 5.72642e-05
59550.00 5.69713e-05
59600.00 5.65937e-05
59650.00 5.66893e-05
59700.00 5.6935e-05
59750.00 5.72312e-05
59800.00 5.77256e-05
59850.00 5.7856e-05
59900.00 5.7644e-05
59950.00 5.77567e-05
60000.00 5.84521e-05
60050.00 5.9343e-05
60100.00 5.90652e-05
60150.00 5.85628e-05
60200.00 5.86721e-05
60250.00 5.85948e-05
60300.00 5.85633e-05
60350.00 5.88291e-05
60400.00 5.86948e-05
60450.00 5.83519e-05
60500.00 5.8375e-05
60550.00 5.86448e-05
60600.00 5.9159e-05
60650.00 5.93209e-05
60700.00 5.93294e-05
60750.00 5.91585e-05
60800.00 5.86797e-05
60850.00 5.84077e-05
60900.00 5.84791e-05
60950.00 5.87512e-05
61000.00 5.90116e-05
61050.00 5.89633e-05
61100.00 5.89613e-05
61150.00 5.92033e-05
61200.00 5.92117e-05
61250.00 5.90202e-05
61300.00 5.89702e-05
61350.00 5.9265e-05
61400.00 5.89646e-05
61450.00 5.90028e-05
61500.00 5.98447e-05
61550.00 5.99732e-05
61600.00 5.98248e-05
61650.00 5.98812e-05
61700.00 5.99742e-05
61750.00 6.01969e-05
61800.00 6.05375e-05
61850.00 6.08174e-05
61900.00 6.09165e-05
61950.00 6.09991e-05
62000.00 6.0767e-05
62050.00 6.03605e-05
62100.00 6.0417e-05
62150.00 6.01838e-05
62200.00 6.00655e-05
62250.00 6.01421e-05
62300.00 5.99898e-05
62350.00 6.01387e-05
62400.00 6.03945e-05
62450.00 6.03323e-05
62500.00 6.00425e-05
62550.00 6.03561e-05
62600.00 6.0824e-05
62650.00 6.11963e-05
62700.00 6.09652e-05
62750.00 6.0472e-05
62800.00 6.0535e-05
62850.00 6.07854e-05
62900.00 6.0842e-05
62950.00 6.05859e-05
63000.00 6.00563e-05
63050.00 5.95875e-05
63100.00 6.00497e-05
63150.00 6.0262e-05
63200.00 5.99175e-05
63250.00 6.00503e-05
63300.00 6.00739e-05
63350.00 6.02208e-05
63400.00 6.01024e-05
63450.00 5.96951e-05
63500.00 6.01233e-05
63550.00 6.07429e-05
63600.00 6.09433e-05
63650.00 6.12773e-05
63700.00 6.13873e-05
63750.00 6.08275e-05
63800.00 6.07952e-05
63850.00 6.12311e-05
63900.00 6.12801e-05
63950.00 6.08745e-05
64000.00 6.05892e-05
64050.00 6.06908e-05
64100.00 6.10949e-05
64150.00 6.14176e-05
64200.00 6.14652e-05
64250.00 6.1417e-05
64300.00 6.12924e-05
64350.00 6.11553e-05
64400.00 6.09766e-05
64450.00 6.09949e-05
64500.00 6.14094e-05
64550.00 6.17432e-05
64600.00 6.20503e-05
64650.00 6.22709e-05
64700.00 6.24296e-05
64750.00 6.27949e-05
64800.00 6.29974e-05
64850.00 6.31235e-05
64900.00 6.30318e-05
64950.00 6.27587e-05
65000.00 6.27756e-05
65050.00 6.28646e-05
65100.00 6.31191e-05
65150.00 6.36735e-05
65200.00 6.41924e-05
65250.00 6.41411e-05
65300.00 6.39419e-05
65350.00 6.40605e-05
65400.00 6.40841e-05
65450.00 6.41743e-05
65500.00 6.47506e-05
65550.00 6.49188e-05
65600.00 6.49181e-05
65650.00 6.49821e-05
65700.00 6.47689e-05
65750.00 6.45983e-05
65800.00 6.43763e-05
65850.00 6.42868e-05
65900.00 6.41105e-05
65950.00 6.39572e-05
66000.00 6.41702e-05
66050.00 6.47865e-05
66100.00 6.51514e-05
66150.00 6.5294e-05
66200.00 6.54615e-05
66250.00 6.59287e-05
66300.00 6.63044e-05
66350.00 6.63237e-05
66400.00 6.65261e-05
66450.00 6.68783e-05
66500.00 6.71754e-05
66550.00 6.74144e-05
66600.00 6.76196e-05
66650.00 6.77739e-05
66700.00 6.781e-05
66750.00 6.71945e-05
66800.00 6.67631e-05
66850.00 6.70995e-05
66900.00 6.72227e-05
66950.00 6.74098e-05
67000.00 6.76764e-05
67050.00 6.74967e-05
67100.00 6.70264e-05
67150.00 6.6545e-05
67200.00 6.64671e-05
67250.00 6.67157e-05
67300.00 6.67793e-05
67350.00 6.67553e-05
67400.00 6.72091e-05
67450.00 6.7023e-05
67500.00 6.64642e-05
67550.00 6.65306e-05
67600.00 6.69357e-05
67650.00 6.732e-05
67700.00 6.71974e-05
67750.00 6.71982e-05
67800.00 6.74832e-05
67850.00 6.73607e-05
67900.00 6.70258e-05
67950.00 6.70089e-05
68000.00 6.69746e-05
68050.00 6.70539e-05
68100.00 6.75756e-05
68150.00 6.81696e-05
68200.00 6.82047e-05
68250.00 6.79058e-05
68300.00 6.79627e-05
68350.00 6.82131e-05
68400.00 6.84533e-05
68450.00 6.84192e-05
68500.00 6.84121e-05
68550.00 6.87284e-05
68600.00 6.87875e-05
68650.00 6.8613e-05
68700.00 6.88677e-05
68750.00 6.91812e-05
68800.00 6.89129e-05
68850.00 6.83514e-05
68900.00 6.79834e-05
68950.00 6.7809e-05
69000.00 6.791e-05
69050.00 6.82164e-05
69100.00 6.83899e-05
69150.00 6.83983e-05
69200.00 6.82859e-05
69250.00 6.86481e-05
69300.00 6.89825e-05
69350.00 6.94769e-05
69400.00 7.01456e-05
69450.00 7.03269e-05
69500.00 7.03676e-05
69550.00 7.04813e-05
69600.00 7.0794e-05
69650.00 7.12923e-05
69700.00 7.16489e-05
69750.00 7.14592e-05
69800.00 7.11258e-05
69850.00 7.08662e-05
69900.00 7.05147e-05
69950.00 7.06014e-05
70000.00 7.10095e-05
70050.00 7.11039e-05
70100.00 7.13852e-05
70150.00 7.17524e-05
70200.00 7.17296e-05
70250.00 7.16186e-05
70300.00 7.15055e-05
70350.00 7.133e-05
70400.00 7.09748e-05
70450.00 7.07183e-05
70500.00 7.05954e-05
70550.00 7.10111e-05
70600.00 7.16774e-05
70650.00 7.18794e-05
70700.00 7.17974e-05
70750.00 7.17008e-05
70800.00 7.19034e-05
70850.00 7.19966e-05
70900.00 7.19e-05
70950.00 7.18094e-05
71000.00 7.23478e-05
71050.00 7.30037e-05
71100.00 7.30777e-05
71150.00 7.31483e-05
71200.00 7.30701e-05
71250.00 7.26148e-05
71300.00 7.2281e-05
71350.00 7.21735e-05
71400.00 7.26938e-05
71450.00 7.31913e-05
71500.00 7.34007e-05
71550.00 7.36693e-05
71600.00 7.33335e-05
71650.00 7.2923e-05
71700.00 7.2829e-05
71750.00 7.30472e-05
71800.00 7.31651e-05
71850.00 7.28908e-05
71900.00 7.27697e-05
71950.00 7.29906e-05
72000.00 7.27062e-05
72050.00 7.2498e-05
72100.00 7.30419e-05
72150.00 7.33775e-05
72200.00 7.35425e-05
72250.00 7.34296e-05
72300.00 7.29851e-05
72350.00 7.27819e-05
72400.00 7.29965e-05
72450.00 7.30245e-05
72500.00 7.32367e-05
72550.00 7.35915e-05
72600.00 7.37968e-05
72650.00 7.43373e-05
72700.00 7.42609e-05
72750.00 7.41842e-05
72800.00 7.42122e-05
72850.00 7.39745e-05
72900.00 7.40982e-05
72950.00 7.4434e-05
73000.00 7.43625e-05
73050.00 7.413e-05
73100.00 7.3936e-05
73150.00 7.36739e-05
73200.00 7.36651e-05
73250.00 7.37274e-05
73300.00 7.35046e-05
73350.00 7.36492e-05
73400.00 7.39385e-05
73450.00 7.44064e-05
73500.00 7.48909e-05
73550.00 7.47183e-05
73600.00 7.46521e-05
73650.00 7.46665e-05
73700.00 7.44781e-05
73750.00 7.4152e-05
73800.00 7.42727e-05
73850.00 7.45737e-05
73900.00 7.44759e-05
73950.00 7.4403e-05
74000.00 7.45923e-05
74050.00 7.51507e-05
74100.00 7.54835e-05
74150.00 7.54333e-05
74200.00 7.56741e-05
74250.00 7.55104e-05
74300.00 7.51665e-05
74350.00 7.50931e-05
74400.00 7.47111e-05
74450.00 7.47544e-05
74500.00 7.52876e-05
74550.00 7.54567e-05
74600.00 7.5059e-05
74650.00 7.47699e-05
74700.00 7.46564e-05
74750.00 7.43558e-05
74800.00 7.44976e-05
74850.00 7.44149e-05
74900.00 7.43028e-05
74950.00 7.43984e-05
75000.00 7.40252e-05
75050.00 7.35442e-05
75100.00 7.33901e-05
75150.00 7.40791e-05
75200.00 7.48756e-05
75250.00 7.52596e-05
75300.00 7.56509e-05
75350.00 7.60791e-05
75400.00 7.64035e-05
75450.00 7.63223e-05
75500.00 7.6136e-05
75550.00 7.56391e-05
75600.00 7.55562e-05
75650.00 7.58496e-05
75700.00 7.57669e-05
75750.00 7.5949e-05
75800.00 7.57565e-05
75850.00 7.5356e-05
75900.00 7.53175e-05
75950.00 7.54625e-05
76000.00 7.60506e-05
76050.00 7.60829e-05
76100.00 7.56889e-05
76150.00 7.5879e-05
76200.00 7.61311e-05
76250.00 7.6161e-05
76300.00 7.64463e-05
76350.00 7.68952e-05
76400.00 7.70057e-05
76450.00 7.6708e-05
76500.00 7.69129e-05
76550.00 7.68474e-05
76600.00 7.65043e-05
76650.00 7.7034e-05
76700.00 7.70589e-05
76750.00 7.66039e-05
76800.00 7.70626e-05
76850.00 7.73306e-05
76900.00 7.68593e-05
76950.00 7.6931e-05
77000.00 7.71984e-05
77050.00 7.72987e-05
77100.00 7.71334e-05
77150.00 7.67772e-05
77200.00 7.63743e-05
77250.00 7.6401e-05
77300.00 7.66852e-05
77350.00 7.65718e-05
77400.00 7.66678e-05
77450.00 7.71002e-05
77500.00 7.76862e-05
77550.00 7.81289e-05
77600.00 7.80385e-05
77650.00 7.79604e-05
77700.00 7.82335e-05
77750.00 7.82142e-05
77800.00 7.8434e-05
77850.00 7.88772e-05
77900.00 7.89916e-05
77950.00 7.92423e-05
78000.00 7.94592e-05
78050.00 7.93332e-05
78100.00 7.91582e-05
78150.00 7.9518e-05
78200.00 7.98299e-05
78250.00 7.95083e-05
78300.00 7.95106e-05
78350.00 7.97128e-05
78400.00 7.99277e-05
78450.00 8.02926e-05
78500.00 8.01117e-05
78550.00 8.00581e-05
78600.00 8.03088e-05
78650.00 8.03493e-05
78700.00 8.04426e-05
78750.00 8.03856e-05
78800.00 8.0059e-05
78850.00 8.02609e-05
78900.00 8.10273e-05
78950.00 8.15336e-05
79000.00 8.19849e-05
79050.00 8.22651e-05
79100.00 8.23336e-05
79150.00 8.22426e-05
79200.00 8.19622e-05
79250.00 8.21204e-05
79300.00 8.21962e-05
79350.00 8.19629e-05
79400.00 8.18619e-05
79450.00 8.21249e-05
79500.00 8.26141e-05
79550.00 8.27249e-05
79600.00 8.25499e-05
79650.00 8.23714e-05
79700.00 8.17608e-05
79750.00 8.12219e-05
79800.00 8.11644e-05
79850.00 8.09727e-05
79900.00 8.05802e-05
79950.00 8.03118e-05
80000.00 8.06463e-05
80050.00 8.10104e-05
80100.00 8.09418e-05
80150.00 8.1461e-05
80200.00 8.20308e-05
80250.00 8.20831e-05
80300.00 8.22931e-05
80350.00 8.25092e-05
80400.00 8.2358e-05
80450.00 8.20629e-05
80500.00 8.18272e-05
80550.00 8.19738e-05
80600.00 8.19836e-05
80650.00 8.21139e-05
80700.00 8.29425e-05
80750.00 8.30822e-05
80800.00 8.29613e-05
80850.00 8.3258e-05
80900.00 8.31152e-05
80950.00 8.28367e-05
81000.00 8.28671e-05
81050.00 8.30268e-05
81100.00 8.29968e-05
81150.00 8.31522e-05
81200.00 8.3451e-05
81250.00 8.37827e-05
81300.00 8.39045e-05
81350.00 8.3585e-05
81400.00 8.3441e-05
81450.00 8.35877e-05
81500.00 8.36315e-05
81550.00 8.35042e-05
81600.00 8.34764e-05
81650.00 8.34499e-05
81700.00 8.38165e-05
81750.00 8.4099e-05
81800.00 8.38085e-05
81850.00 8.35731e-05
81900.00 8.38047e-05
81950.00 8.3955e-05
82000.00 8.39354e-05
82050.00 8.39954e-05
82100.00 8.38413e-05
82150.00 8.4103e-05
82200.00 8.43447e-05
82250.00 8.44628e-05
82300.00 8.48967e-05
82350.00 8.51143e-05
82400.00 8.47689e-05
82450.00 8.41954e-05
82500.00 8.39437e-05
82550.00 8.38956e-05
82600.00 8.43287e-05
82650.00 8.45572e-05
82700.00 8.43371e-05
82750.00 8.42209e-05
82800.00 8.41979e-05
82850.00 8.38673e-05
82900.00 8.3682e-05
82950.00 8.4071e-05
83000.00 8.40292e-05
83050.00 8.37881e-05
83100.00 8.37476e-05
83150.00 8.38495e-05
83200.00 8.41094e-05
83250.00 8.42448e-05
83300.00 8.41983e-05
83350.00 8.43089e-05
83400.00 8.46031e-05
83450.00 8.47326e-05
83500.00 8.51271e-05
83550.00 8.56778e-05
83600.00 8.62575e-05
83650.00 8.63546e-05
83700.00 8.56321e-05
83750.00 8.51578e-05
83800.00 8.5436e-05
83850.00 8.6005e-05
83900.00 8.63574e-05
83950.00 8.66896e-05
84000.00 8.71117e-05
84050.00 8.72936e-05
84100.00 8.71682e-05
84150.00 8.67443e-05
84200.00 8.6258e-05
84250.00 8.65118e-05
84300.00 8.71838e-05
84350.00 8.74991e-05
84400.00 8.72197e-05
84450.00 8.7047e-05
84500.00 8.73098e-05
84550.00 8.73386e-05
84600.00 8.71805e-05
84650.00 8.77029e-05
84700.00 8.82116e-05
84750.00 8.81663e-05
84800.00 8.82568e-05
84850.00 8.83404e-05
84900.00 8.84781e-05
84950.00 8.84648e-05
85000.00 8.83389e-05
85050.00 8.81965e-05
85100.00 8.80974e-05
85150.00 8.81177e-05
85200.00 8.80766e-05
85250.00 8.80759e-05
85300.00 8.82686e-05
85350.00 8.84022e-05
85400.00 8.87625e-05
85450.00 8.894e-05
85500.00 8.87683e-05
85550.00 8.8917e-05
85600.00 8.89036e-05
85650.00 8.90723e-05
85700.00 8.94451e-05
85750.00 8.95006e-05
85800.00 8.93419e-05
85850.00 8.92911e-05
85900.00 8.94847e-05
85950.00 8.96611e-05
86000.00 8.9717e-05
86050.00 8.96404e-05
86100.00 8.9625e-05
86150.00 8.96781e-05
86200.00 8.95477e-05
86250.00 8.92914e-05
86300.00 8.88231e-05
86350.00 8.85247e-05
86400.00 8.87071e-05
86450.00 8.85631e-05
86500.00 8.86466e-05
86550.00 8.88394e-05
86600.00 8.87455e-05
86650.00 8.88788e-05
86700.00 8.89795e-05
86750.00 8.89237e-05
86800.00 8.90582e-05
86850.00 8.95449e-05
86900.00 8.95993e-05
86950.00 8.89999e-05
87000.00 8.89541e-05
87050.00 8.93438e-05
87100.00 8.95571e-05
87150.00 8.95041e-05
87200.00 8.92072e-05
87250.00 8.90267e-05
87300.00 8.93936e-05
87350.00 9.0119e-05
87400.00 9.01236e-05
87450.00 9.01423e-05
87500.00 9.03195e-05
87550.00 9.00418e-05
87600.00 9.0106e-05
87650.00 9.08351e-05
87700.00 9.09707e-05
87750.00 9.11147e-05
87800.00 9.13794e-05
87850.00 9.09607e-05
87900.00 9.06521e-05
87950.00 9.05589e-05
88000.00 9.04991e-05
88050.00 9.0468e-05
88100.00 9.05232e-05
88150.00 9.0886e-05
88200.00 9.09812e-05
88250.00 9.09139e-05
88300.00 9.05724e-05
88350.00 9.03507e-05
88400.00 9.07215e-05
88450.00 9.06123e-05
88500.00 9.04847e-05
88550.00 9.00902e-05
88600.00 8.97181e-05
88650.00 8.96212e-05
88700.00 8.97377e-05
88750.00 9.03574e-05
88800.00 9.07422e-05
88850.00 9.08455e-05
88900.00 9.07468e-05
88950.00 9.06359e-05
89000.00 9.05495e-05
89050.00 9.05398e-05
89100.00 9.03379e-05
89150.00 9.01196e-05
89200.00 9.05014e-05
89250.00 9.08872e-05
89300.00 9.1181e-05
89350.00 9.1226e-05
89400.00 9.04503e-05
89450.00 9.04256e-05
89500.00 9.1402e-05
89550.00 9.20021e-05
89600.00 9.21534e-05
89650.00 9.254e-05
89700.00 9.23515e-05
89750.00 9.15459e-05
89800.00 9.17312e-05
89850.00 9.21338e-05
89900.00 9.20615e-05
89950.00 9.21488e-05
90000.00 9.23526e-05
90050.00 9.25662e-05
90100.00 9.28083e-05
90150.00 9.28548e-05
90200.00 9.27243e-05
90250.00 9.25705e-05
90300.00 9.25571e-05
90350.00 9.25632e-05
90400.00 9.26541e-05
90450.00 9.25502e-05
90500.00 9.26728e-05
90550.00 9.30504e-05
90600.00 9.27788e-05
90650.00 9.23761e-05
90700.00 9.21969e-05
90750.00 9.20931e-05
90800.00 9.2414e-05
90850.00 9.24359e-05
90900.00 9.25115e-05
90950.00 9.27046e-05
91000.00 9.27237e-05
91050.00 9.27842e-05
91100.00 9.28834e-05
91150.00 9.32859e-05
91200.00 9.37095e-05
91250.00 9.39825e-05
91300.00 9.40619e-05
91350.00 9.39556e-05
91400.00 9.38549e-05
91450.00 9.36196e-05
91500.00 9.35524e-05
91550.00 9.37895e-05
91600.00 9.38539e-05
91650.00 9.42406e-05
91700.00 9.41784e-05
91750.00 9.40371e-05
91800.00 9.42361e-05
91850.00 9.39237e-05
91900.00 9.39088e-05
91950.00 9.40438e-05
92000.00 9.40522e-05
92050.00 9.439e-05
92100.00 9.47386e-05
92150.00 9.49265e-05
92200.00 9.51312e-05
92250.00 9.53451e-05
92300.00 9.52533e-05
92350.00 9.51243e-05
92400.00 9.55707e-05
92450.00 9.5765e-05
92500.00 9.55812e-05
92550.00 9.56694e-05
92600.00 9.59825e-05
92650.00 9.59476e-05
92700.00 9.58119e-05
92750.00 9.58941e-05
92800.00 9.5916e-05
92850.00 9.62128e-05
92900.00 9.63485e-05
92950.00 9.63306e-05
93000.00 9.65928e-05
93050.00 9.66877e-05
93100.00 9.67729e-05
93150.00 9.68824e-05
93200.00 9.67979e-05
93250.00 9.67755e-05
93300.00 9.66376e-05
93350.00 9.64928e-05
93400.00 9.65538e-05
93450.00 9.671e-05
93500.00 9.66997e-05
93550.00 9.6891e-05
93600.00 9.7547e-05
93650.00 9.79384e-05
93700.00 9.77297e-05
93750.00 9.78078e-05
93800.00 9.81001e-05
93850.00 9.81675e-05
93900.00 9.77182e-05
93950.00 9.69743e-05
94000.00 9.68293e-05
94050.00 9.6422e-05
94100.00 9.64773e-05
94150.00 9.70974e-05
94200.00 9.76005e-05
94250.00 9.8044e-05
94300.00 9.79511e-05
94350.00 9.77565e-05
94400.00 9.78668e-05
94450.00 9.83494e-05
94500.00 9.81091e-05
94550.00 9.77066e-05
94600.00 9.80395e-05
94650.00 9.84156e-05
94700.00 9.84612e-05
94750.00 9.84019e-05
94800.00 9.85546e-05
94850.00 9.81078e-05
94900.00 9.77798e-05
94950.00 9.82381e-05
95000.00 9.84426e-05
95050.00 9.85506e-05
95100.00 9.87661e-05
95150.00 9.89066e-05
95200.00 9.91311e-05
95250.00 9.92336e-05
95300.00 9.89733e-05
95350.00 9.9192e-05
95400.00 0.000100026
95450.00 0.000100482
95500.00 0.000100309
95550.00 0.000100095
95600.00 0.000100009
95650.00 9.98066e-05
95700.00 9.9845e-05
95750.00 9.99901e-05
95800.00 9.9899e-05
95850.00 0.000100126
95900.00 0.000100573
95950.00 0.000100843
96000.00 0.000101187
96050.00 0.000101466
96100.00 0.000101348
96150.00 0.000101057
96200.00 0.000100921
96250.00 0.00010076
96300.00 0.000100539
96350.00 0.000100627
96400.00 0.000101079
96450.00 0.000101384
96500.00 0.000101678
96550.00 0.000101978
96600.00 0.000101863
96650.00 0.000101853
96700.00 0.000102105
96750.00 0.000102406
96800.00 0.000102483
96850.00 0.000102243
96900.00 0.000102247
96950.00 0.000102467
97000.00 0.000102543
97050.00 0.000102928
97100.00 0.00010342
97150.00 0.000103322
97200.00 0.00010316
97250.00 0.000102855
97300.00 0.000102852
97350.00 0.000103347
97400.00 0.000103263
97450.00 0.000102609
97500.00 0.000102555
97550.00 0.000102552
97600.00 0.000101937
97650.00 0.000101612
97700.00 0.000101943
97750.00 0.000101857
97800.00 0.00010158
97850.00 0.000101708
97900.00 0.000101597
97950.00 0.000101654
98000.00 0.000102118
98050.00 0.000102774
98100.00 0.000102996
98150.00 0.000102912
98200.00 0.000102662
98250.00 0.000102698
98300.00 0.000102953
98350.00 0.000102897
98400.00 0.000102593
98450.00 0.000102361
98500.00 0.000102021
98550.00 0.000101874
98600.00 0.000101898
98650.00 0.000101803
98700.00 0.000101757
98750.00 0.000101528
98800.00 0.000101676
98850.00 0.000101587
98900.00 0.000101565
98950.00 0.00010186
99000.00 0.000102089
99050.00 0.000102573
99100.00 0.000103032
99150.00 0.000103179
99200.00 0.000103468
99250.00 0.00010368
99300.00 0.000103568
99350.00 0.000103383
99400.00 0.000103143
99450.00 0.00010301
99500.00 0.000103055
99550.00 0.000103141
99600.00 0.000102988
99650.00 0.000102578
99700.00 0.000102267
99750.00 0.000102448
99800.00 0.000102884
99850.00 0.000103175
99900.00 0.000103116
