50.00 -2.62827e-08
100.00 -7.48401e-08
150.00 -1.50548e-07
200.00 -7.31662e-08
250.00 1.07381e-08
300.00 4.31973e-08
350.00 2.97084e-08
400.00 -1.86023e-07
450.00 -5.42868e-07
500.00 -7.65268e-07
550.00 -1.00031e-06
600.00 -1.09923e-06
650.00 -8.28292e-07
700.00 -5.74979e-07
750.00 -2.79964e-07
800.00 3.50667e-08
850.00 1.81505e-07
900.00 2.38025e-07
950.00 -2.25969e-07
1000.00 -5.39438e-07
1050.00 -4.644e-07
1100.00 -3.68853e-07
1150.00 -1.8428e-07
1200.00 -5.95587e-08
1250.00 -2.76497e-07
1300.00 -7.59877e-07
1350.00 -7.89035e-07
1400.00 -2.71545e-07
1450.00 1.81826e-07
1500.00 1.14233e-07
1550.00 1.141e-07
1600.00 3.52338e-07
1650.00 5.11861e-07
1700.00 4.97261e-07
1750.00 4.20832e-07
1800.00 6.01988e-07
1850.00 7.13277e-07
1900.00 8.31215e-07
1950.00 8.92146e-07
2000.00 5.96819e-07
2050.00 8.697e-07
2100.00 1.18189e-06
2150.00 1.00616e-06
2200.00 7.19357e-07
2250.00 5.2694e-07
2300.00 4.56385e-07
2350.00 2.69879e-07
2400.00 5.79365e-07
2450.00 1.03112e-06
2500.00 1.29989e-06
2550.00 1.04392e-06
2600.00 6.42357e-07
2650.00 6.24941e-07
2700.00 3.65975e-07
2750.00 1.64618e-07
2800.00 1.28225e-07
2850.00 -2.26681e-07
2900.00 -2.06365e-07
2950.00 1.60019e-07
3000.00 4.15209e-07
3050.00 4.75877e-07
3100.00 3.81529e-07
3150.00 1.50816e-07
3200.00 -2.38098e-08
3250.00 5.34042e-07
3300.00 1.478e-06
3350.00 1.98642e-06
3400.00 2.30501e-06
3450.00 2.23009e-06
3500.00 2.10799e-06
3550.00 2.43442e-06
3600.00 2.03927e-06
3650.00 1.5797e-06
3700.00 1.76428e-06
3750.00 1.91746e-06
3800.00 1.83499e-06
3850.00 1.82772e-06
3900.00 2.50547e-06
3950.00 2.60101e-06
4000.00 2.41133e-06
4050.00 2.90895e-06
4100.00 3.33736e-06
4150.00 3.79011e-06
4200.00 4.04766e-06
4250.00 3.77651e-06
4300.00 3.39618e-06
4350.00 3.39716e-06
4400.00 3.67525e-06
4450.00 3.80922e-06
4500.00 3.45193e-06
4550.00 2.76449e-06
4600.00 2.74022e-06
4650.00 3.2049e-06
4700.00 3.48588e-06
4750.00 3.72542e-06
4800.00 3.86573e-06
4850.00 3.81805e-06
4900.00 3.93677e-06
4950.00 4.58551e-06
5000.00 5.12225e-06
5050.00 5.05581e-06
5100.00 4.80426e-06
5150.00 5.13281e-06
5200.00 5.21488e-06
5250.00 5.07157e-06
5300.00 5.51585e-06
5350.00 5.06948e-06
5400.00 4.61042e-06
5450.00 5.16518e-06
5500.00 5.1708e-06
5550.00 5.18016e-06
5600.00 5.42116e-06
5650.00 5.23556e-06
5700.00 5.11237e-06
5750.00 5.09322e-06
5800.00 4.86171e-06
5850.00 4.43337e-06
5900.00 4.58961e-06
5950.00 5.11445e-06
6000.00 5.37831e-06
6050.00 5.6267e-06
6100.00 5.132e-06
6150.00 4.69878e-06
6200.00 4.82762e-06
6250.00 5.14698e-06
6300.00 5.52402e-06
6350.00 5.73032e-06
6400.00 5.98951e-06
6450.00 5.57294e-06
6500.00 5.15591e-06
6550.00 5.44352e-06
6600.00 5.41013e-06
6650.00 5.82276e-06
6700.00 6.3691e-06
6750.00 6.29664e-06
6800.00 6.25246e-06
6850.00 6.31419e-06
6900.00 6.28508e-06
6950.00 5.99731e-06
7000.00 5.79335e-06
7050.00 6.09379e-06
7100.00 6.90108e-06
7150.00 7.09105e-06
7200.00 6.89878e-06
7250.00 7.07508e-06
7300.00 6.90275e-06
7350.00 6.72065e-06
7400.00 6.59796e-06
7450.00 6.64244e-06
7500.00 6.87264e-06
7550.00 6.36563e-06
7600.00 6.1989e-06
7650.00 7.20366e-06
7700.00 8.0939e-06
7750.00 7.9345e-06
7800.00 7.70912e-06
7850.00 7.79644e-06
7900.00 7.55072e-06
7950.00 7.69931e-06
8000.00 7.81741e-06
8050.00 7.26105e-06
8100.00 7.43162e-06
8150.00 7.44571e-06
8200.00 7.3031e-06
8250.00 7.53925e-06
8300.00 7.41767e-06
8350.00 7.66357e-06
8400.00 7.8227e-06
8450.00 7.59528e-06
8500.00 7.91818e-06
8550.00 8.36636e-06
8600.00 8.56612e-06
8650.00 8.38415e-06
8700.00 7.96812e-06
8750.00 8.10805e-06
8800.00 8.01875e-06
8850.00 8.16553e-06
8900.00 8.47208e-06
8950.00 8.4747e-06
9000.00 8.34033e-06
9050.00 8.1267e-06
9100.00 8.14612e-06
9150.00 8.37478e-06
9200.00 8.67651e-06
9250.00 8.282e-06
9300.00 7.4178e-06
9350.00 7.04209e-06
9400.00 7.48533e-06
9450.00 7.62067e-06
9500.00 7.59029e-06
9550.00 7.96024e-06
9600.00 8.04327e-06
9650.00 7.80325e-06
9700.00 7.46981e-06
9750.00 7.52941e-06
9800.00 7.96549e-06
9850.00 8.04605e-06
9900.00 7.80301e-06
9950.00 7.90325e-06
10000.00 8.0768e-06
10050.00 7.83583e-06
10100.00 7.98824e-06
10150.00 8.40121e-06
10200.00 8.7086e-06
10250.00 8.74567e-06
10300.00 8.22572e-06
10350.00 8.50356e-06
10400.00 9.22706e-06
10450.00 9.14581e-06
10500.00 9.16922e-06
10550.00 9.25443e-06
10600.00 8.73049e-06
10650.00 8.40167e-06
10700.00 8.56426e-06
10750.00 9.08291e-06
10800.00 8.77917e-06
10850.00 8.36335e-06
10900.00 8.80759e-06
10950.00 9.22661e-06
11000.00 9.71163e-06
11050.00 9.91918e-06
11100.00 9.83516e-06
11150.00 9.74337e-06
11200.00 9.85186e-06
11250.00 9.96844e-06
11300.00 9.62909e-06
11350.00 8.99497e-06
11400.00 8.69947e-06
11450.00 9.06381e-06
11500.00 1.00886e-05
11550.00 1.07604e-05
11600.00 1.09043e-05
11650.00 1.12815e-05
11700.00 1.15864e-05
11750.00 1.17514e-05
11800.00 1.16174e-05
11850.00 1.13065e-05
11900.00 1.09634e-05
11950.00 1.06289e-05
12000.00 1.06729e-05
12050.00 1.1058e-05
12100.00 1.13707e-05
12150.00 1.11804e-05
12200.00 1.10408e-05
12250.00 1.09994e-05
12300.00 1.06323e-05
12350.00 1.04916e-05
12400.00 1.06553e-05
12450.00 1.07287e-05
12500.00 1.09015e-05
12550.00 1.13768e-05
12600.00 1.19003e-05
12650.00 1.24169e-05
12700.00 1.25462e-05
12750.00 1.22602e-05
12800.00 1.19751e-05
12850.00 1.16657e-05
12900.00 1.15843e-05
12950.00 1.17759e-05
13000.00 1.18544e-05
13050.00 1.19237e-05
13100.00 1.22711e-05
13150.00 1.23744e-05
13200.00 1.18921e-05
13250.00 1.15475e-05
13300.00 1.14841e-05
13350.00 1.18433e-05
13400.00 1.23883e-05
13450.00 1.24817e-05
13500.00 1.27161e-05
13550.00 1.28421e-05
13600.00 1.29429e-05
13650.00 1.29036e-05
13700.00 1.23752e-05
13750.00 1.25958e-05
13800.00 1.31649e-05
13850.00 1.2964e-05
13900.00 1.24937e-05
13950.00 1.21809e-05
14000.00 1.22164e-05
14050.00 1.2579e-05
14100.00 1.2734e-05
14150.00 1.27318e-05
14200.00 1.30484e-05
14250.00 1.35527e-05
14300.00 1.36545e-05
14350.00 1.36364e-05
14400.00 1.3852e-05
14450.00 1.39114e-05
14500.00 1.37046e-05
14550.00 1.35812e-05
14600.00 1.31655e-05
14650.00 1.27619e-05
14700.00 1.30144e-05
14750.00 1.32124e-05
14800.00 1.3497e-05
14850.00 1.35694e-05
14900.00 1.29278e-05
14950.00 1.2262e-05
15000.00 1.20772e-05
15050.00 1.19871e-05
15100.00 1.18856e-05
15150.00 1.17548e-05
15200.00 1.17823e-05
15250.00 1.22455e-05
15300.00 1.28926e-05
15350.00 1.33081e-05
15400.00 1.30847e-05
15450.00 1.29541e-05
15500.00 1.31136e-05
15550.00 1.30741e-05
15600.00 1.2834e-05
15650.00 1.2463e-05
15700.00 1.21596e-05
15750.00 1.24585e-05
15800.00 1.28643e-05
15850.00 1.26858e-05
15900.00 1.27072e-05
15950.00 1.2814e-05
16000.00 1.28418e-05
16050.00 1.32097e-05
16100.00 1.3554e-05
16150.00 1.36413e-05
16200.00 1.3673e-05
16250.00 1.37336e-05
16300.00 1.3759e-05
16350.00 1.36332e-05
16400.00 1.31443e-05
16450.00 1.29686e-05
16500.00 1.31917e-05
16550.00 1.29172e-05
16600.00 1.25498e-05
16650.00 1.28727e-05
16700.00 1.29226e-05
16750.00 1.26506e-05
16800.00 1.2562e-05
16850.00 1.25759e-05
16900.00 1.26086e-05
16950.00 1.24477e-05
17000.00 1.28798e-05
17050.00 1.34527e-05
17100.00 1.36015e-05
17150.00 1.38817e-05
17200.00 1.40474e-05
17250.00 1.37802e-05
17300.00 1.3133e-05
17350.00 1.28277e-05
17400.00 1.30107e-05
17450.00 1.33311e-05
17500.00 1.34762e-05
17550.00 1.36628e-05
17600.00 1.40061e-05
17650.00 1.43568e-05
17700.00 1.45007e-05
17750.00 1.46731e-05
17800.00 1.45893e-05
17850.00 1.39123e-05
17900.00 1.35045e-05
17950.00 1.38305e-05
18000.00 1.38919e-05
18050.00 1.37661e-05
18100.00 1.40904e-05
18150.00 1.39851e-05
18200.00 1.43368e-05
18250.00 1.50193e-05
18300.00 1.50437e-05
18350.00 1.45542e-05
18400.00 1.41424e-05
18450.00 1.4296e-05
18500.00 1.43086e-05
18550.00 1.39842e-05
18600.00 1.39278e-05
18650.00 1.41977e-05
18700.00 1.45927e-05
18750.00 1.44505e-05
18800.00 1.41002e-05
18850.00 1.43373e-05
18900.00 1.46758e-05
18950.00 1.48979e-05
19000.00 1.47267e-05
19050.00 1.46921e-05
19100.00 1.52631e-05
19150.00 1.57646e-05
19200.00 1.59455e-05
19250.00 1.56198e-05
19300.00 1.5237e-05
19350.00 1.50011e-05
19400.00 1.48064e-05
19450.00 1.46513e-05
19500.00 1.47686e-05
19550.00 1.47638e-05
19600.00 1.4801e-05
19650.00 1.51337e-05
19700.00 1.55094e-05
19750.00 1.57723e-05
19800.00 1.54421e-05
19850.00 1.56123e-05
19900.00 1.60736e-05
19950.00 1.59377e-05
20000.00 1.58474e-05
20050.00 1.58071e-05
20100.00 1.59144e-05
20150.00 1.62036e-05
20200.00 1.58908e-05
20250.00 1.55148e-05
20300.00 1.52644e-05
20350.00 1.50301e-05
20400.00 1.52405e-05
20450.00 1.5651e-05
20500.00 1.57587e-05
20550.00 1.58729e-05
20600.00 1.60385e-05
20650.00 1.60906e-05
20700.00 1.58585e-05
20750.00 1.55689e-05
20800.00 1.57942e-05
20850.00 1.63019e-05
20900.00 1.65775e-05
20950.00 1.66509e-05
21000.00 1.66593e-05
21050.00 1.66276e-05
21100.00 1.69241e-05
21150.00 1.72359e-05
21200.00 1.7451e-05
21250.00 1.77424e-05
21300.00 1.75774e-05
21350.00 1.7417e-05
21400.00 1.76367e-05
21450.00 1.759e-05
21500.00 1.78629e-05
21550.00 1.83979e-05
21600.00 1.84534e-05
21650.00 1.87771e-05
21700.00 1.90478e-05
21750.00 1.86232e-05
21800.00 1.86347e-05
21850.00 1.9022e-05
21900.00 1.93233e-05
21950.00 1.96693e-05
22000.00 1.94733e-05
22050.00 1.9194e-05
22100.00 1.90238e-05
22150.00 1.86117e-05
22200.00 1.84777e-05
22250.00 1.88006e-05
22300.00 1.92861e-05
22350.00 1.92732e-05
22400.00 1.9136e-05
22450.00 1.93493e-05
22500.00 1.94332e-05
22550.00 1.93222e-05
22600.00 1.91438e-05
22650.00 1.89643e-05
22700.00 1.89756e-05
22750.00 1.92868e-05
22800.00 1.97187e-05
22850.00 1.97606e-05
22900.00 1.97134e-05
22950.00 2.02283e-05
23000.00 2.06832e-05
23050.00 2.04874e-05
23100.00 2.05382e-05
23150.00 2.03891e-05
23200.00 2.03769e-05
23250.00 2.02755e-05
23300.00 1.998e-05
23350.00 2.01075e-05
23400.00 1.99833e-05
23450.00 1.98279e-05
23500.00 1.99806e-05
23550.00 1.97636e-05
23600.00 1.95399e-05
23650.00 2.00489e-05
23700.00 2.06581e-05
23750.00 2.08422e-05
23800.00 2.08211e-05
23850.00 2.09782e-05
23900.00 2.11675e-05
23950.00 2.17411e-05
24000.00 2.18961e-05
24050.00 2.21074e-05
24100.00 2.24229e-05
24150.00 2.22824e-05
24200.00 2.19459e-05
24250.00 2.15869e-05
24300.00 2.12052e-05
24350.00 2.07745e-05
24400.00 2.07518e-05
24450.00 2.0476e-05
24500.00 2.03585e-05
24550.00 2.06284e-05
24600.00 2.07255e-05
24650.00 2.04701e-05
24700.00 2.05607e-05
24750.00 2.12983e-05
24800.00 2.15271e-05
24850.00 2.15445e-05
24900.00 2.14886e-05
24950.00 2.12695e-05
25000.00 2.15534e-05
25050.00 2.17129e-05
25100.00 2.12929e-05
25150.00 2.1431e-05
25200.00 2.18856e-05
25250.00 2.19971e-05
25300.00 2.21394e-05
25350.00 2.24953e-05
25400.00 2.22823e-05
25450.00 2.16841e-05
25500.00 2.18336e-05
25550.00 2.21454e-05
25600.00 2.22766e-05
25650.00 2.18344e-05
25700.00 2.12872e-05
25750.00 2.13808e-05
25800.00 2.16477e-05
25850.00 2.21506e-05
25900.00 2.25148e-05
25950.00 2.2212e-05
26000.00 2.18183e-05
26050.00 2.16152e-05
26100.00 2.20067e-05
26150.00 2.27977e-05
26200.00 2.33705e-05
26250.00 2.39112e-05
26300.00 2.42369e-05
26350.00 2.42627e-05
26400.00 2.42198e-05
26450.00 2.36749e-05
26500.00 2.32645e-05
26550.00 2.3367e-05
26600.00 2.3197e-05
26650.00 2.28514e-05
26700.00 2.27501e-05
26750.00 2.29751e-05
26800.00 2.30807e-05
26850.00 2.31829e-05
26900.00 2.31859e-05
26950.00 2.31775e-05
27000.00 2.36059e-05
27050.00 2.38849e-05
27100.00 2.38159e-05
27150.00 2.38676e-05
27200.00 2.40274e-05
27250.00 2.42404e-05
27300.00 2.4435e-05
27350.00 2.46738e-05
27400.00 2.48268e-05
27450.00 2.44291e-05
27500.00 2.41714e-05
27550.00 2.41601e-05
27600.00 2.40377e-05
27650.00 2.44275e-05
27700.00 2.47161e-05
27750.00 2.46217e-05
27800.00 2.47592e-05
27850.00 2.51313e-05
27900.00 2.52929e-05
27950.00 2.52479e-05
28000.00 2.55957e-05
28050.00 2.60475e-05
28100.00 2.61696e-05
28150.00 2.63193e-05
28200.00 2.6488e-05
28250.00 2.60287e-05
28300.00 2.56559e-05
28350.00 2.57086e-05
28400.00 2.61307e-05
28450.00 2.64801e-05
28500.00 2.64431e-05
28550.00 2.63892e-05
28600.00 2.67871e-05
28650.00 2.72522e-05
28700.00 2.68638e-05
28750.00 2.66589e-05
28800.00 2.69176e-05
28850.00 2.68996e-05
28900.00 2.68902e-05
28950.00 2.68506e-05
29000.00 2.69236e-05
29050.00 2.72756e-05
29100.00 2.78158e-05
29150.00 2.8183e-05
29200.00 2.77579e-05
29250.00 2.76411e-05
29300.00 2.80162e-05
29350.00 2.77959e-05
29400.00 2.75601e-05
29450.00 2.78885e-05
29500.00 2.8033e-05
29550.00 2.8371e-05
29600.00 2.83453e-05
29650.00 2.80581e-05
29700.00 2.8096e-05
29750.00 2.85116e-05
29800.00 2.89285e-05
29850.00 2.85117e-05
29900.00 2.82379e-05
29950.00 2.81813e-05
30000.00 2.81743e-05
30050.00 2.85555e-05
30100.00 2.891e-05
30150.00 2.91107e-05
30200.00 2.94402e-05
30250.00 2.955e-05
30300.00 2.95719e-05
30350.00 2.97803e-05
30400.00 2.98748e-05
30450.00 2.99361e-05
30500.00 2.93176e-05
30550.00 2.86108e-05
30600.00 2.88029e-05
30650.00 2.92612e-05
30700.00 2.95389e-05
30750.00 2.96192e-05
30800.00 2.93421e-05
30850.00 2.88245e-05
30900.00 2.89403e-05
30950.00 2.91592e-05
31000.00 2.913e-05
31050.00 2.9238e-05
31100.00 2.91709e-05
31150.00 2.88537e-05
31200.00 2.91285e-05
31250.00 2.93631e-05
31300.00 2.87485e-05
31350.00 2.86114e-05
31400.00 2.86951e-05
31450.00 2.87007e-05
31500.00 2.89601e-05
31550.00 2.90857e-05
31600.00 2.96223e-05
31650.00 2.99866e-05
31700.00 2.9719e-05
31750.00 2.97234e-05
31800.00 2.98286e-05
31850.00 2.96787e-05
31900.00 2.96408e-05
31950.00 2.95956e-05
32000.00 2.9564e-05
32050.00 2.99085e-05
32100.00 3.0498e-05
32150.00 3.0359e-05
32200.00 2.97927e-05
32250.00 3.00416e-05
32300.00 3.02762e-05
32350.00 3.01042e-05
32400.00 3.02225e-05
32450.00 3.04371e-05
32500.00 3.03206e-05
32550.00 3.0128e-05
32600.00 2.98898e-05
32650.00 2.98689e-05
32700.00 2.99245e-05
32750.00 2.9974e-05
32800.00 3.07495e-05
32850.00 3.09114e-05
32900.00 3.08319e-05
32950.00 3.10495e-05
33000.00 3.09671e-05
33050.00 3.07629e-05
33100.00 3.08164e-05
33150.00 3.09506e-05
33200.00 3.05562e-05
33250.00 3.0499e-05
33300.00 3.07274e-05
33350.00 3.12069e-05
33400.00 3.19616e-05
33450.00 3.22076e-05
33500.00 3.2022e-05
33550.00 3.27309e-05
33600.00 3.36058e-05
33650.00 3.3666e-05
33700.00 3.33148e-05
33750.00 3.29096e-05
33800.00 3.29533e-05
33850.00 3.32279e-05
33900.00 3.35801e-05
33950.00 3.36545e-05
34000.00 3.33131e-05
34050.00 3.32304e-05
34100.00 3.34352e-05
34150.00 3.38115e-05
34200.00 3.36095e-05
34250.00 3.3595e-05
34300.00 3.42439e-05
34350.00 3.46305e-05
34400.00 3.47589e-05
34450.00 3.46828e-05
34500.00 3.52766e-05
34550.00 3.57259e-05
34600.00 3.54278e-05
34650.00 3.54315e-05
34700.00 3.57904e-05
34750.00 3.59332e-05
34800.00 3.58988e-05
34850.00 3.60919e-05
34900.00 3.63532e-05
34950.00 3.65468e-05
35000.00 3.68459e-05
35050.00 3.69726e-05
35100.00 3.70031e-05
35150.00 3.71885e-05
35200.00 3.7262e-05
35250.00 3.6918e-05
35300.00 3.65534e-05
35350.00 3.63448e-05
35400.00 3.62851e-05
35450.00 3.64321e-05
35500.00 3.63673e-05
35550.00 3.63709e-05
35600.00 3.64994e-05
35650.00 3.6529e-05
35700.00 3.67673e-05
35750.00 3.70648e-05
35800.00 3.70089e-05
35850.00 3.71184e-05
35900.00 3.73581e-05
35950.00 3.75197e-05
36000.00 3.74893e-05
36050.00 3.7443e-05
36100.00 3.74735e-05
36150.00 3.75731e-05
36200.00 3.79713e-05
36250.00 3.80981e-05
36300.00 3.78284e-05
36350.00 3.77541e-05
36400.00 3.79436e-05
36450.00 3.80002e-05
36500.00 3.7685e-05
36550.00 3.7073e-05
36600.00 3.68296e-05
36650.00 3.70496e-05
36700.00 3.73677e-05
36750.00 3.76496e-05
36800.00 3.74789e-05
36850.00 3.69788e-05
36900.00 3.67952e-05
36950.00 3.71896e-05
37000.00 3.74249e-05
37050.00 3.73933e-05
37100.00 3.71432e-05
37150.00 3.71219e-05
37200.00 3.74725e-05
37250.00 3.73092e-05
37300.00 3.71034e-05
37350.00 3.67483e-05
37400.00 3.64096e-05
37450.00 3.62806e-05
37500.00 3.6291e-05
37550.00 3.62844e-05
37600.00 3.62639e-05
37650.00 3.67244e-05
37700.00 3.69982e-05
37750.00 3.68008e-05
37800.00 3.68749e-05
37850.00 3.69306e-05
37900.00 3.69912e-05
37950.00 3.72911e-05
38000.00 3.77635e-05
38050.00 3.83235e-05
38100.00 3.84317e-05
38150.00 3.8173e-05
38200.00 3.7804e-05
38250.00 3.75411e-05
38300.00 3.73532e-05
38350.00 3.7342e-05
38400.00 3.72949e-05
38450.00 3.73257e-05
38500.00 3.73442e-05
38550.00 3.73495e-05
38600.00 3.77083e-05
38650.00 3.78067e-05
38700.00 3.75355e-05
38750.00 3.74604e-05
38800.00 3.74832e-05
38850.00 3.77433e-05
38900.00 3.77253e-05
38950.00 3.71612e-05
39000.00 3.70858e-05
39050.00 3.71338e-05
39100.00 3.74661e-05
39150.00 3.79093e-05
39200.00 3.80159e-05
39250.00 3.80375e-05
39300.00 3.80583e-05
39350.00 3.81448e-05
39400.00 3.83821e-05
39450.00 3.86584e-05
39500.00 3.90644e-05
39550.00 3.92934e-05
39600.00 3.8931e-05
39650.00 3.84469e-05
39700.00 3.84215e-05
39750.00 3.88938e-05
39800.00 3.91112e-05
39850.00 3.9435e-05
39900.00 3.93308e-05
39950.00 3.87591e-05
40000.00 3.87607e-05
40050.00 3.9149e-05
40100.00 3.9982e-05
40150.00 4.06639e-05
40200.00 4.08951e-05
40250.00 4.11334e-05
40300.00 4.13939e-05
40350.00 4.13908e-05
40400.00 4.12263e-05
40450.00 4.08806e-05
40500.00 4.03303e-05
40550.00 4.03484e-05
40600.00 4.06222e-05
40650.00 4.07174e-05
40700.00 4.12405e-05
40750.00 4.17512e-05
40800.00 4.16403e-05
40850.00 4.16735e-05
40900.00 4.20059e-05
40950.00 4.22267e-05
41000.00 4.22977e-05
41050.00 4.22245e-05
41100.00 4.19992e-05
41150.00 4.17739e-05
41200.00 4.17909e-05
41250.00 4.2056e-05
41300.00 4.25329e-05
41350.00 4.25671e-05
41400.00 4.27e-05
41450.00 4.30926e-05
41500.00 4.32438e-05
41550.00 4.31886e-05
41600.00 4.28893e-05
41650.00 4.26351e-05
41700.00 4.20466e-05
41750.00 4.13e-05
41800.00 4.09821e-05
41850.00 4.14675e-05
41900.00 4.21479e-05
41950.00 4.24022e-05
42000.00 4.21784e-05
42050.00 4.21905e-05
42100.00 4.24774e-05
42150.00 4.25538e-05
42200.00 4.2516e-05
42250.00 4.24071e-05
42300.00 4.25524e-05
42350.00 4.27939e-05
42400.00 4.2861e-05
42450.00 4.29485e-05
42500.00 4.33901e-05
42550.00 4.36525e-05
42600.00 4.33717e-05
42650.00 4.31429e-05
42700.00 4.33156e-05
42750.00 4.38249e-05
42800.00 4.43308e-05
42850.00 4.47151e-05
42900.00 4.43551e-05
42950.00 4.37999e-05
43000.00 4.36842e-05
43050.00 4.36419e-05
43100.00 4.39646e-05
43150.00 4.40557e-05
43200.00 4.35855e-05
43250.00 4.39758e-05
43300.00 4.47273e-05
43350.00 4.47823e-05
43400.00 4.5029e-05
43450.00 4.50583e-05
43500.00 4.48362e-05
43550.00 4.49817e-05
43600.00 4.49044e-05
43650.00 4.47167e-05
43700.00 4.48039e-05
43750.00 4.46907e-05
43800.00 4.46186e-05
43850.00 4.44617e-05
43900.00 4.44975e-05
43950.00 4.46806e-05
44000.00 4.45301e-05
44050.00 4.45714e-05
44100.00 4.49156e-05
44150.00 4.53476e-05
44200.00 4.56e-05
44250.00 4.52901e-05
44300.00 4.47183e-05
44350.00 4.46698e-05
44400.00 4.47916e-05
44450.00 4.48883e-05
44500.00 4.49369e-05
44550.00 4.48881e-05
44600.00 4.45172e-05
44650.00 4.43805e-05
44700.00 4.48256e-05
44750.00 4.48976e-05
44800.00 4.47739e-05
44850.00 4.4684e-05
44900.00 4.46957e-05
44950.00 4.48857e-05
45000.00 4.4608e-05
45050.00 4.42065e-05
45100.00 4.4332e-05
45150.00 4.45996e-05
45200.00 4.50852e-05
45250.00 4.53861e-05
45300.00 4.51897e-05
45350.00 4.47858e-05
45400.00 4.44503e-05
45450.00 4.44789e-05
45500.00 4.47622e-05
45550.00 4.50248e-05
45600.00 4.51044e-05
45650.00 4.5341e-05
45700.00 4.55372e-05
45750.00 4.55753e-05
45800.00 4.57664e-05
45850.00 4.57765e-05
45900.00 4.57597e-05
45950.00 4.59994e-05
46000.00 4.56932e-05
46050.00 4.54288e-05
46100.00 4.57027e-05
46150.00 4.58673e-05
46200.00 4.59363e-05
46250.00 4.58183e-05
46300.00 4.56281e-05
46350.00 4.56578e-05
46400.00 4.56796e-05
46450.00 4.56895e-05
46500.00 4.57235e-05
46550.00 4.57645e-05
46600.00 4.61802e-05
46650.00 4.66354e-05
46700.00 4.67603e-05
46750.00 4.65167e-05
46800.00 4.6597e-05
46850.00 4.6952e-05
46900.00 4.69555e-05
46950.00 4.66848e-05
47000.00 4.62554e-05
47050.00 4.64429e-05
47100.00 4.68913e-05
47150.00 4.69964e-05
47200.00 4.69456e-05
47250.00 4.65922e-05
47300.00 4.66843e-05
47350.00 4.67836e-05
47400.00 4.62863e-05
47450.00 4.61473e-05
47500.00 4.61547e-05
47550.00 4.6402e-05
47600.00 4.7177e-05
47650.00 4.74353e-05
47700.00 4.75437e-05
47750.00 4.77837e-05
47800.00 4.77722e-05
47850.00 4.80842e-05
47900.00 4.84151e-05
47950.00 4.83801e-05
48000.00 4.83724e-05
48050.00 4.85405e-05
48100.00 4.84196e-05
48150.00 4.81154e-05
48200.00 4.84058e-05
48250.00 4.86788e-05
48300.00 4.84192e-05
48350.00 4.87753e-05
48400.00 4.92409e-05
48450.00 4.92322e-05
48500.00 4.91009e-05
48550.00 4.88804e-05
48600.00 4.85952e-05
48650.00 4.80862e-05
48700.00 4.81629e-05
48750.00 4.84479e-05
48800.00 4.8769e-05
48850.00 4.91147e-05
48900.00 4.91402e-05
48950.00 4.91355e-05
49000.00 4.90712e-05
49050.00 4.90718e-05
49100.00 4.90496e-05
49150.00 4.90408e-05
49200.00 4.90201e-05
49250.00 4.89179e-05
49300.00 4.9138e-05
49350.00 4.92093e-05
49400.00 4.88184e-05
49450.00 4.84583e-05
49500.00 4.80983e-05
49550.00 4.75712e-05
49600.00 4.74128e-05
49650.00 4.80062e-05
49700.00 4.85437e-05
49750.00 4.87492e-05
49800.00 4.86915e-05
49850.00 4.831e-05
49900.00 4.81228e-05
49950.00 4.81596e-05
50000.00 4.81026e-05
50050.00 4.80525e-05
50100.00 4.79212e-05
50150.00 4.8317e-05
50200.00 4.86216e-05
50250.00 4.80726e-05
50300.00 4.79692e-05
50350.00 4.82137e-05
50400.00 4.85559e-05
50450.00 4.88682e-05
50500.00 4.8954e-05
50550.00 4.89988e-05
50600.00 4.87089e-05
50650.00 4.88597e-05
50700.00 4.89719e-05
50750.00 4.86323e-05
50800.00 4.90354e-05
50850.00 4.95835e-05
50900.00 4.99632e-05
50950.00 5.02898e-05
51000.00 5.00569e-05
51050.00 4.96362e-05
51100.00 4.90811e-05
51150.00 4.89376e-05
51200.00 4.92039e-05
51250.00 4.893e-05
51300.00 4.8579e-05
51350.00 4.85027e-05
51400.00 4.88229e-05
51450.00 4.90852e-05
51500.00 4.90584e-05
51550.00 4.91937e-05
51600.00 4.94632e-05
51650.00 4.95872e-05
51700.00 4.94748e-05
51750.00 4.96538e-05
51800.00 4.99641e-05
51850.00 4.99826e-05
51900.00 5.00294e-05
51950.00 5.0025e-05
52000.00 4.99741e-05
52050.00 5.01113e-05
52100.00 4.99524e-05
52150.00 4.9973e-05
52200.00 5.01955e-05
52250.00 4.99297e-05
52300.00 4.98573e-05
52350.00 4.98663e-05
52400.00 4.98187e-05
52450.00 4.98133e-05
52500.00 5.00413e-05
52550.00 5.00562e-05
52600.00 4.92363e-05
52650.00 4.85246e-05
52700.00 4.8616e-05
52750.00 4.9106e-05
52800.00 4.91818e-05
52850.00 4.92238e-05
52900.00 4.91585e-05
52950.00 4.90196e-05
53000.00 4.88152e-05
53050.00 4.82237e-05
53100.00 4.80522e-05
53150.00 4.78042e-05
53200.00 4.75877e-05
53250.00 4.76736e-05
53300.00 4.79253e-05
53350.00 4.80483e-05
53400.00 4.79792e-05
53450.00 4.80635e-05
53500.00 4.84517e-05
53550.00 4.92628e-05
53600.00 4.96486e-05
53650.00 4.91921e-05
53700.00 4.91456e-05
53750.00 4.9483e-05
53800.00 4.93503e-05
53850.00 4.9147e-05
53900.00 4.89893e-05
53950.00 4.91312e-05
54000.00 4.93116e-05
54050.00 4.93489e-05
54100.00 4.94238e-05
54150.00 4.94911e-05
54200.00 4.94641e-05
54250.00 4.93043e-05
54300.00 4.93887e-05
54350.00 4.98706e-05
54400.00 5.01381e-05
54450.00 5.02759e-05
54500.00 4.99492e-05
54550.00 4.97712e-05
54600.00 4.98885e-05
54650.00 4.98452e-05
54700.00 5.00306e-05
54750.00 5.03061e-05
54800.00 5.04933e-05
54850.00 5.05732e-05
54900.00 5.05604e-05
54950.00 5.05852e-05
55000.00 5.0631e-05
55050.00 5.03733e-05
55100.00 4.99701e-05
55150.00 4.97553e-05
55200.00 5.00124e-05
55250.00 5.03955e-05
55300.00 5.06408e-05
55350.00 5.09517e-05
55400.00 5.10843e-05
55450.00 5.10369e-05
55500.00 5.1133e-05
55550.00 5.13887e-05
55600.00 5.12865e-05
55650.00 5.14034e-05
55700.00 5.21546e-05
55750.00 5.23432e-05
55800.00 5.21607e-05
55850.00 5.22131e-05
55900.00 5.2177e-05
55950.00 5.17771e-05
56000.00 5.16231e-05
56050.00 5.15358e-05
56100.00 5.13869e-05
56150.00 5.15033e-05
56200.00 5.15573e-05
56250.00 5.18734e-05
56300.00 5.22177e-05
56350.00 5.22995e-05
56400.00 5.24049e-05
56450.00 5.25545e-05
56500.00 5.25036e-05
56550.00 5.21864e-05
56600.00 5.20376e-05
56650.00 5.23634e-05
56700.00 5.25518e-05
56750.00 5.24891e-05
56800.00 5.24541e-05
56850.00 5.23738e-05
56900.00 5.2401e-05
56950.00 5.24182e-05
57000.00 5.22833e-05
57050.00 5.22131e-05
57100.00 5.24032e-05
57150.00 5.25544e-05
57200.00 5.28871e-05
57250.00 5.29085e-05
57300.00 5.26558e-05
57350.00 5.27535e-05
57400.00 5.25503e-05
57450.00 5.23706e-05
57500.00 5.26497e-05
57550.00 5.30383e-05
57600.00 5.28847e-05
57650.00 5.2584e-05
57700.00 5.27261e-05
57750.00 5.30368e-05
57800.00 5.32474e-05
57850.00 5.29262e-05
57900.00 5.27459e-05
57950.00 5.29324e-05
58000.00 5.25632e-05
58050.00 5.21024e-05
58100.00 5.20058e-05
58150.00 5.20582e-05
58200.00 5.23553e-05
58250.00 5.26325e-05
58300.00 5.27278e-05
58350.00 5.26319e-05
58400.00 5.23825e-05
58450.00 5.22972e-05
58500.00 5.26633e-05
58550.00 5.28052e-05
58600.00 5.29023e-05
58650.00 5.30737e-05
58700.00 5.30097e-05
58750.00 5.3028e-05
58800.00 5.2938e-05
58850.00 5.2685e-05
58900.00 5.22566e-05
58950.00 5.23723e-05
59000.00 5.27135e-05
59050.00 5.28338e-05
59100.00 5.30504e-05
59150.00 5.31197e-05
59200.00 5.27867e-05
59250.00 5.26234e-05
59300.00 5.28495e-05
59350.00 5.27856e-05
59400.00 5.25335e-05
59450.00 5.22261e-05
59500.00 5.20794e-05
59550.00 5.23231e-05
59600.00 5.23701e-05
59650.00 5.25909e-05
59700.00 5.32258e-05
59750.00 5.32076e-05
59800.00 5.27988e-05
59850.00 5.29707e-05
59900.00 5.3674e-05
59950.00 5.46831e-05
60000.00 5.48688e-05
60050.00 5.45404e-05
60100.00 5.48327e-05
60150.00 5.51253e-05
60200.00 5.5327e-05
60250.00 5.55501e-05
60300.00 5.51417e-05
60350.00 5.43368e-05
60400.00 5.38905e-05
60450.00 5.36164e-05
60500.00 5.33825e-05
60550.00 5.31944e-05
60600.00 5.34289e-05
60650.00 5.38722e-05
60700.00 5.36929e-05
60750.00 5.31434e-05
60800.00 5.26034e-05
60850.00 5.21816e-05
60900.00 5.20544e-05
60950.00 5.21662e-05
61000.00 5.27842e-05
61050.00 5.32834e-05
61100.00 5.34317e-05
61150.00 5.39141e-05
61200.00 5.42065e-05
61250.00 5.41612e-05
61300.00 5.43697e-05
61350.00 5.43503e-05
61400.00 5.42147e-05
61450.00 5.39451e-05
61500.00 5.37587e-05
61550.00 5.396e-05
61600.00 5.40737e-05
61650.00 5.4048e-05
61700.00 5.41027e-05
61750.00 5.42871e-05
61800.00 5.45206e-05
61850.00 5.46039e-05
61900.00 5.45658e-05
61950.00 5.44879e-05
62000.00 5.45623e-05
62050.00 5.45012e-05
62100.00 5.41746e-05
62150.00 5.4352e-05
62200.00 5.45795e-05
62250.00 5.43206e-05
62300.00 5.42795e-05
62350.00 5.43742e-05
62400.00 5.43587e-05
62450.00 5.46532e-05
62500.00 5.4723e-05
62550.00 5.45806e-05
62600.00 5.49289e-05
62650.00 5.51939e-05
62700.00 5.52595e-05
62750.00 5.5477e-05
62800.00 5.50135e-05
62850.00 5.45899e-05
62900.00 5.49253e-05
62950.00 5.5486e-05
63000.00 5.55669e-05
63050.00 5.54115e-05
63100.00 5.56147e-05
63150.00 5.59981e-05
63200.00 5.63884e-05
63250.00 5.63827e-05
63300.00 5.58775e-05
63350.00 5.57324e-05
63400.00 5.60098e-05
63450.00 5.59798e-05
63500.00 5.55927e-05
63550.00 5.54073e-05
63600.00 5.58231e-05
63650.00 5.59855e-05
63700.00 5.56505e-05
63750.00 5.5888e-05
63800.00 5.65228e-05
63850.00 5.67606e-05
63900.00 5.69032e-05
63950.00 5.67859e-05
64000.00 5.66188e-05
64050.00 5.6826e-05
64100.00 5.72418e-05
64150.00 5.72998e-05
64200.00 5.71306e-05
64250.00 5.68129e-05
64300.00 5.63698e-05
64350.00 5.64478e-05
64400.00 5.68328e-05
64450.00 5.73007e-05
64500.00 5.74924e-05
64550.00 5.75934e-05
64600.00 5.76916e-05
64650.00 5.77845e-05
64700.00 5.77257e-05
64750.00 5.76628e-05
64800.00 5.77402e-05
64850.00 5.79847e-05
64900.00 5.82336e-05
64950.00 5.83732e-05
65000.00 5.85275e-05
65050.00 5.86959e-05
65100.00 5.88959e-05
65150.00 5.90106e-05
65200.00 5.89378e-05
65250.00 5.89065e-05
65300.00 5.90413e-05
65350.00 5.89687e-05
65400.00 5.87073e-05
65450.00 5.88519e-05
65500.00 5.91709e-05
65550.00 5.89942e-05
65600.00 5.88011e-05
65650.00 5.86777e-05
65700.00 5.85391e-05
65750.00 5.88936e-05
65800.00 5.9224e-05
65850.00 5.93155e-05
65900.00 5.98238e-05
65950.00 5.96034e-05
66000.00 5.92272e-05
66050.00 5.91928e-05
66100.00 5.88353e-05
66150.00 5.86972e-05
66200.00 5.89955e-05
66250.00 5.91779e-05
66300.00 5.93238e-05
66350.00 5.92123e-05
66400.00 5.90135e-05
66450.00 5.87859e-05
66500.00 5.85045e-05
66550.00 5.85169e-05
66600.00 5.83901e-05
66650.00 5.82986e-05
66700.00 5.85358e-05
66750.00 5.86294e-05
66800.00 5.82742e-05
66850.00 5.83589e-05
66900.00 5.85979e-05
66950.00 5.82984e-05
67000.00 5.8112e-05
67050.00 5.83994e-05
67100.00 5.90376e-05
67150.00 5.95717e-05
67200.00 5.97087e-05
67250.00 5.93396e-05
67300.00 5.89369e-05
67350.00 5.8774e-05
67400.00 5.83195e-05
67450.00 5.80881e-05
67500.00 5.82213e-05
67550.00 5.80889e-05
67600.00 5.78413e-05
67650.00 5.78383e-05
67700.00 5.77018e-05
67750.00 5.75091e-05
67800.00 5.74082e-05
67850.00 5.71366e-05
67900.00 5.70081e-05
67950.00 5.74322e-05
68000.00 5.81297e-05
68050.00 5.82989e-05
68100.00 5.79286e-05
68150.00 5.76305e-05
68200.00 5.78303e-05
68250.00 5.84047e-05
68300.00 5.84877e-05
68350.00 5.82716e-05
68400.00 5.81895e-05
68450.00 5.82436e-05
68500.00 5.82017e-05
68550.00 5.83449e-05
68600.00 5.9045e-05
68650.00 5.95307e-05
68700.00 5.94648e-05
68750.00 5.90778e-05
68800.00 5.90219e-05
68850.00 5.902e-05
68900.00 5.8857e-05
68950.00 5.87448e-05
69000.00 5.85466e-05
69050.00 5.89457e-05
69100.00 5.94427e-05
69150.00 5.9541e-05
69200.00 5.95201e-05
69250.00 5.97171e-05
69300.00 5.97083e-05
69350.00 5.92423e-05
69400.00 5.86239e-05
69450.00 5.82377e-05
69500.00 5.8284e-05
69550.00 5.87286e-05
69600.00 5.95989e-05
69650.00 6.00348e-05
69700.00 5.9917e-05
69750.00 6.00048e-05
69800.00 6.01695e-05
69850.00 6.02159e-05
69900.00 6.01295e-05
69950.00 6.01833e-05
70000.00 6.06571e-05
70050.00 6.0635e-05
70100.00 6.01984e-05
70150.00 6.03852e-05
70200.00 6.10757e-05
70250.00 6.12842e-05
70300.00 6.07593e-05
70350.00 6.0748e-05
70400.00 6.10178e-05
70450.00 6.11009e-05
70500.00 6.12838e-05
70550.00 6.10762e-05
70600.00 6.08627e-05
70650.00 6.10026e-05
70700.00 6.11158e-05
70750.00 6.09122e-05
70800.00 6.05692e-05
70850.00 6.07201e-05
70900.00 6.11929e-05
70950.00 6.14246e-05
71000.00 6.16824e-05
71050.00 6.1877e-05
71100.00 6.20859e-05
71150.00 6.22178e-05
71200.00 6.19651e-05
71250.00 6.1639e-05
71300.00 6.18075e-05
71350.00 6.23157e-05
71400.00 6.24978e-05
71450.00 6.27669e-05
71500.00 6.292e-05
71550.00 6.2708e-05
71600.00 6.26447e-05
71650.00 6.26638e-05
71700.00 6.34747e-05
71750.00 6.42144e-05
71800.00 6.37909e-05
71850.00 6.3274e-05
71900.00 6.31574e-05
71950.00 6.2979e-05
72000.00 6.31415e-05
72050.00 6.31494e-05
72100.00 6.26043e-05
72150.00 6.25332e-05
72200.00 6.27692e-05
72250.00 6.31026e-05
72300.00 6.38069e-05
72350.00 6.41897e-05
72400.00 6.36587e-05
72450.00 6.36107e-05
72500.00 6.3865e-05
72550.00 6.3651e-05
72600.00 6.37497e-05
72650.00 6.39447e-05
72700.00 6.36667e-05
72750.00 6.34215e-05
72800.00 6.3288e-05
72850.00 6.302e-05
72900.00 6.30875e-05
72950.00 6.34954e-05
73000.00 6.37152e-05
73050.00 6.37851e-05
73100.00 6.42713e-05
73150.00 6.46945e-05
73200.00 6.42891e-05
73250.00 6.37272e-05
73300.00 6.38823e-05
73350.00 6.42409e-05
73400.00 6.41639e-05
73450.00 6.39796e-05
73500.00 6.3744e-05
73550.00 6.34277e-05
73600.00 6.32847e-05
73650.00 6.37413e-05
73700.00 6.40815e-05
73750.00 6.40009e-05
73800.00 6.41712e-05
73850.00 6.45705e-05
73900.00 6.46146e-05
73950.00 6.42763e-05
74000.00 6.44747e-05
74050.00 6.48829e-05
74100.00 6.51087e-05
74150.00 6.51958e-05
74200.00 6.53744e-05
74250.00 6.56743e-05
74300.00 6.56478e-05
74350.00 6.53267e-05
74400.00 6.54297e-05
74450.00 6.54965e-05
74500.00 6.55311e-05
74550.00 6.58063e-05
74600.00 6.61699e-05
74650.00 6.63179e-05
74700.00 6.5999e-05
74750.00 6.58129e-05
74800.00 6.58842e-05
74850.00 6.57987e-05
74900.00 6.58765e-05
74950.00 6.60178e-05
75000.00 6.6006e-05
75050.00 6.57375e-05
75100.00 6.52906e-05
75150.00 6.52032e-05
75200.00 6.50696e-05
75250.00 6.51007e-05
75300.00 6.53284e-05
75350.00 6.53681e-05
75400.00 6.55221e-05
75450.00 6.56454e-05
75500.00 6.55297e-05
75550.00 6.52976e-05
75600.00 6.53372e-05
75650.00 6.57275e-05
75700.00 6.61831e-05
75750.00 6.62916e-05
75800.00 6.63064e-05
75850.00 6.68683e-05
75900.00 6.70323e-05
75950.00 6.69743e-05
76000.00 6.72202e-05
76050.00 6.73299e-05
76100.00 6.69598e-05
76150.00 6.67934e-05
76200.00 6.73286e-05
76250.00 6.7469e-05
76300.00 6.70886e-05
76350.00 6.71498e-05
76400.00 6.73123e-05
76450.00 6.7043e-05
76500.00 6.68939e-05
76550.00 6.72773e-05
76600.00 6.75156e-05
76650.00 6.71618e-05
76700.00 6.69993e-05
76750.00 6.77947e-05
76800.00 6.85813e-05
76850.00 6.86236e-05
76900.00 6.81955e-05
76950.00 6.79228e-05
77000.00 6.77808e-05
77050.00 6.79534e-05
77100.00 6.79965e-05
77150.00 6.75335e-05
77200.00 6.74587e-05
77250.00 6.73278e-05
77300.00 6.69566e-05
77350.00 6.70319e-05
77400.00 6.73917e-05
77450.00 6.76979e-05
77500.00 6.81449e-05
77550.00 6.83525e-05
77600.00 6.81571e-05
77650.00 6.78261e-05
77700.00 6.74132e-05
77750.00 6.69367e-05
77800.00 6.66436e-05
77850.00 6.65504e-05
77900.00 6.70204e-05
77950.00 6.6966e-05
78000.00 6.65079e-05
78050.00 6.663e-05
78100.00 6.70266e-05
78150.00 6.73799e-05
78200.00 6.72279e-05
78250.00 6.72703e-05
78300.00 6.77816e-05
78350.00 6.82412e-05
78400.00 6.79621e-05
78450.00 6.80041e-05
78500.00 6.82278e-05
78550.00 6.78539e-05
78600.00 6.81044e-05
78650.00 6.84615e-05
78700.00 6.84648e-05
78750.00 6.83303e-05
78800.00 6.84727e-05
78850.00 6.84751e-05
78900.00 6.82565e-05
78950.00 6.84257e-05
79000.00 6.86882e-05
79050.00 6.87025e-05
79100.00 6.84081e-05
79150.00 6.86934e-05
79200.00 6.93018e-05
79250.00 6.93998e-05
79300.00 6.92332e-05
79350.00 6.91749e-05
79400.00 6.91442e-05
79450.00 6.9051e-05
79500.00 6.88834e-05
79550.00 6.89077e-05
79600.00 6.93359e-05
79650.00 6.94227e-05
79700.00 6.94311e-05
79750.00 6.98804e-05
79800.00 7.05165e-05
79850.00 7.08512e-05
79900.00 7.02636e-05
79950.00 6.98451e-05
80000.00 7.00179e-05
80050.00 7.022e-05
80100.00 6.99714e-05
80150.00 6.91731e-05
80200.00 6.92227e-05
80250.00 6.95888e-05
80300.00 6.9885e-05
80350.00 7.04545e-05
80400.00 7.06149e-05
80450.00 7.09998e-05
80500.00 7.16926e-05
80550.00 7.21676e-05
80600.00 7.2272e-05
80650.00 7.23598e-05
80700.00 7.21493e-05
80750.00 7.12862e-05
80800.00 7.09381e-05
80850.00 7.10156e-05
80900.00 7.10603e-05
80950.00 7.11195e-05
81000.00 7.1125e-05
81050.00 7.14876e-05
81100.00 7.20294e-05
81150.00 7.25382e-05
81200.00 7.29284e-05
81250.00 7.28071e-05
81300.00 7.25525e-05
81350.00 7.2251e-05
81400.00 7.18019e-05
81450.00 7.16793e-05
81500.00 7.17254e-05
81550.00 7.18864e-05
81600.00 7.21934e-05
81650.00 7.21782e-05
81700.00 7.20109e-05
81750.00 7.21593e-05
81800.00 7.23155e-05
81850.00 7.24866e-05
81900.00 7.28845e-05
81950.00 7.30072e-05
82000.00 7.28588e-05
82050.00 7.28596e-05
82100.00 7.24943e-05
82150.00 7.22876e-05
82200.00 7.27269e-05
82250.00 7.26613e-05
82300.00 7.25127e-05
82350.00 7.29394e-05
82400.00 7.33513e-05
82450.00 7.31936e-05
82500.00 7.2843e-05
82550.00 7.30716e-05
82600.00 7.3673e-05
82650.00 7.40012e-05
82700.00 7.38455e-05
82750.00 7.39721e-05
82800.00 7.4263e-05
82850.00 7.40334e-05
82900.00 7.37722e-05
82950.00 7.37304e-05
83000.00 7.30654e-05
83050.00 7.2635e-05
83100.00 7.26903e-05
83150.00 7.2602e-05
83200.00 7.25463e-05
83250.00 7.24686e-05
83300.00 7.24583e-05
83350.00 7.29228e-05
83400.00 7.37166e-05
83450.00 7.41727e-05
83500.00 7.48218e-05
83550.00 7.48972e-05
83600.00 7.44166e-05
83650.00 7.40139e-05
83700.00 7.35648e-05
83750.00 7.33419e-05
83800.00 7.32782e-05
83850.00 7.37315e-05
83900.00 7.45263e-05
83950.00 7.48833e-05
84000.00 7.44793e-05
84050.00 7.39637e-05
84100.00 7.3865e-05
84150.00 7.39085e-05
84200.00 7.42194e-05
84250.00 7.4025e-05
84300.00 7.34812e-05
84350.00 7.33475e-05
84400.00 7.34811e-05
84450.00 7.40019e-05
84500.00 7.42889e-05
84550.00 7.41884e-05
84600.00 7.40837e-05
84650.00 7.43592e-05
84700.00 7.46024e-05
84750.00 7.44108e-05
84800.00 7.46624e-05
84850.00 7.44202e-05
84900.00 7.43418e-05
84950.00 7.48918e-05
85000.00 7.47495e-05
85050.00 7.46126e-05
85100.00 7.45402e-05
85150.00 7.45741e-05
85200.00 7.47336e-05
85250.00 7.43974e-05
85300.00 7.39055e-05
85350.00 7.40318e-05
85400.00 7.46892e-05
85450.00 7.52682e-05
85500.00 7.5696e-05
85550.00 7.54468e-05
85600.00 7.48105e-05
85650.00 7.47574e-05
85700.00 7.48812e-05
85750.00 7.50887e-05
85800.00 7.56661e-05
85850.00 7.56483e-05
85900.00 7.50626e-05
85950.00 7.46736e-05
86000.00 7.452e-05
86050.00 7.46587e-05
86100.00 7.48415e-05
86150.00 7.4961e-05
86200.00 7.49037e-05
86250.00 7.52617e-05
86300.00 7.56318e-05
86350.00 7.54031e-05
86400.00 7.49999e-05
86450.00 7.50341e-05
86500.00 7.52022e-05
86550.00 7.53495e-05
86600.00 7.54574e-05
86650.00 7.5073e-05
86700.00 7.48776e-05
86750.00 7.5001e-05
86800.00 7.53855e-05
86850.00 7.60414e-05
86900.00 7.63659e-05
86950.00 7.64334e-05
87000.00 7.65426e-05
87050.00 7.66878e-05
87100.00 7.63944e-05
87150.00 7.60724e-05
87200.00 7.65098e-05
87250.00 7.68191e-05
87300.00 7.68285e-05
87350.00 7.71688e-05
87400.00 7.77491e-05
87450.00 7.78783e-05
87500.00 7.77109e-05
87550.00 7.7356e-05
87600.00 7.70506e-05
87650.00 7.69926e-05
87700.00 7.68551e-05
87750.00 7.64612e-05
87800.00 7.62652e-05
87850.00 7.69372e-05
87900.00 7.70508e-05
87950.00 7.61674e-05
88000.00 7.56824e-05
88050.00 7.5806e-05
88100.00 7.58787e-05
88150.00 7.57587e-05
88200.00 7.59332e-05
88250.00 7.6228e-05
88300.00 7.66512e-05
88350.00 7.72177e-05
88400.00 7.71735e-05
88450.00 7.69943e-05
88500.00 7.69727e-05
88550.00 7.69749e-05
88600.00 7.74879e-05
88650.00 7.77634e-05
88700.00 7.73984e-05
88750.00 7.74498e-05
88800.00 7.76876e-05
88850.00 7.72611e-05
88900.00 7.69148e-05
88950.00 7.70983e-05
89000.00 7.73308e-05
89050.00 7.71235e-05
89100.00 7.69376e-05
89150.00 7.72029e-05
89200.00 7.74205e-05
89250.00 7.77285e-05
89300.00 7.79024e-05
89350.00 7.77087e-05
89400.00 7.75992e-05
89450.00 7.76632e-05
89500.00 7.77137e-05
89550.00 7.76221e-05
89600.00 7.80498e-05
89650.00 7.88326e-05
89700.00 7.90374e-05
89750.00 7.91103e-05
89800.00 7.91152e-05
89850.00 7.87138e-05
89900.00 7.86939e-05
89950.00 7.89915e-05
90000.00 7.90344e-05
90050.00 7.89068e-05
90100.00 7.84979e-05
90150.00 7.80439e-05
90200.00 7.80582e-05
90250.00 7.8199e-05
90300.00 7.80551e-05
90350.00 7.78523e-05
90400.00 7.78867e-05
90450.00 7.83077e-05
90500.00 7.8541e-05
90550.00 7.86563e-05
90600.00 7.88196e-05
90650.00 7.88467e-05
90700.00 7.88014e-05
90750.00 7.86515e-05
90800.00 7.86156e-05
90850.00 7.8176e-05
90900.00 7.76805e-05
90950.00 7.80517e-05
91000.00 7.8831e-05
91050.00 7.91499e-05
91100.00 7.88976e-05
91150.00 7.89944e-05
91200.00 7.89279e-05
91250.00 7.83491e-05
91300.00 7.8447e-05
91350.00 7.8914e-05
91400.00 7.91809e-05
91450.00 7.92766e-05
91500.00 7.89738e-05
91550.00 7.86671e-05
91600.00 7.8699e-05
91650.00 7.88807e-05
91700.00 7.89199e-05
91750.00 7.85993e-05
91800.00 7.8648e-05
91850.00 7.95576e-05
91900.00 7.9884e-05
91950.00 7.94005e-05
92000.00 7.93925e-05
92050.00 7.92148e-05
92100.00 7.91255e-05
92150.00 7.94292e-05
92200.00 7.93382e-05
92250.00 7.91022e-05
92300.00 7.89429e-05
92350.00 7.90073e-05
92400.00 7.8975e-05
92450.00 7.886e-05
92500.00 7.89307e-05
92550.00 7.90566e-05
92600.00 7.91348e-05
92650.00 7.92665e-05
92700.00 7.91721e-05
92750.00 7.94537e-05
92800.00 7.97205e-05
92850.00 7.93861e-05
92900.00 7.88377e-05
92950.00 7.86769e-05
93000.00 7.87776e-05
93050.00 7.88467e-05
93100.00 7.9291e-05
93150.00 7.92998e-05
93200.00 7.9673e-05
93250.00 7.99809e-05
93300.00 8.00266e-05
93350.00 8.02021e-05
93400.00 7.98076e-05
93450.00 7.95569e-05
93500.00 7.93176e-05
93550.00 7.95326e-05
93600.00 7.9888e-05
93650.00 8.00402e-05
93700.00 8.00332e-05
93750.00 8.00254e-05
93800.00 8.01069e-05
93850.00 7.99943e-05
93900.00 7.96604e-05
93950.00 7.92485e-05
94000.00 7.93438e-05
94050.00 7.94764e-05
94100.00 7.96375e-05
94150.00 7.9242e-05
94200.00 7.888e-05
94250.00 7.92995e-05
94300.00 7.9383e-05
94350.00 7.90892e-05
94400.00 7.90276e-05
94450.00 7.91142e-05
94500.00 7.90453e-05
94550.00 7.91448e-05
94600.00 7.92451e-05
94650.00 7.95929e-05
94700.00 8.0169e-05
94750.00 8.03746e-05
94800.00 8.03531e-05
94850.00 8.06333e-05
94900.00 8.08849e-05
94950.00 8.10665e-05
95000.00 8.12972e-05
95050.00 8.12693e-05
95100.00 8.12654e-05
95150.00 8.10541e-05
95200.00 8.09612e-05
95250.00 8.09831e-05
95300.00 8.09776e-05
95350.00 8.12054e-05
95400.00 8.13687e-05
95450.00 8.15483e-05
95500.00 8.14919e-05
95550.00 8.12394e-05
95600.00 8.13653e-05
95650.00 8.14121e-05
95700.00 8.16012e-05
95750.00 8.16794e-05
95800.00 8.14796e-05
95850.00 8.14369e-05
95900.00 8.15517e-05
95950.00 8.16233e-05
96000.00 8.19617e-05
96050.00 8.2383e-05
96100.00 8.28007e-05
96150.00 8.30566e-05
96200.00 8.24546e-05
96250.00 8.20014e-05
96300.00 8.22618e-05
96350.00 8.2398e-05
96400.00 8.25653e-05
96450.00 8.25995e-05
96500.00 8.24393e-05
96550.00 8.23914e-05
96600.00 8.20169e-05
96650.00 8.21244e-05
96700.00 8.247e-05
96750.00 8.26368e-05
96800.00 8.28906e-05
96850.00 8.26276e-05
96900.00 8.25082e-05
96950.00 8.2996e-05
97000.00 8.34226e-05
97050.00 8.40082e-05
97100.00 8.39532e-05
97150.00 8.379e-05
97200.00 8.38234e-05
97250.00 8.36344e-05
97300.00 8.3967e-05
97350.00 8.40437e-05
97400.00 8.39002e-05
97450.00 8.41615e-05
97500.00 8.49835e-05
97550.00 8.53425e-05
97600.00 8.5293e-05
97650.00 8.53318e-05
97700.00 8.49094e-05
97750.00 8.47652e-05
97800.00 8.46455e-05
97850.00 8.45164e-05
97900.00 8.45351e-05
97950.00 8.4331e-05
98000.00 8.44216e-05
98050.00 8.43202e-05
98100.00 8.41458e-05
98150.00 8.45734e-05
98200.00 8.48153e-05
98250.00 8.50747e-05
98300.00 8.52461e-05
98350.00 8.53166e-05
98400.00 8.54931e-05
98450.00 8.55493e-05
98500.00 8.59037e-05
98550.00 8.62121e-05
98600.00 8.63297e-05
98650.00 8.59467e-05
98700.00 8.53288e-05
98750.00 8.53636e-05
98800.00 8.59792e-05
98850.00 8.61704e-05
98900.00 8.58335e-05
98950.00 8.52685e-05
99000.00 8.4637e-05
99050.00 8.44881e-05
99100.00 8.43511e-05
99150.00 8.47301e-05
99200.00 8.54805e-05
99250.00 8.52242e-05
99300.00 8.49186e-05
99350.00 8.49737e-05
99400.00 8.47856e-05
99450.00 8.48474e-05
99500.00 8.52809e-05
99550.00 8.57261e-05
99600.00 8.6208e-05
99650.00 8.65446e-05
99700.00 8.64307e-05
99750.00 8.62761e-05
99800.00 8.63602e-05
99850.00 8.63312e-05
99900.00 8.63627e-05
