           1   50.000000000000000     
           1   18.000000000000000     
           2   20.000000000000000     
           2   8.0000000000000000     
           2   12.000000000000000     
           5   48.000000000000000     
           5   89.000000000000000     
           7   17.000000000000000     
           8   12.000000000000000     
          10   60.000000000000000     
          10   61.000000000000000     
          10   6.0000000000000000     
          11   35.000000000000000     
          11   119.00000000000000     
          12   17.000000000000000     
          12   20.000000000000000     
          13   14.000000000000000     
          14   47.000000000000000     
          15   58.000000000000000     
          16   110.00000000000000     
          18   63.000000000000000     
          18   11.000000000000000     
          19   7.0000000000000000     
          21   86.000000000000000     
          23   34.000000000000000     
          24   32.000000000000000     
          28   22.000000000000000     
          28   16.000000000000000     
          29   47.000000000000000     
          30   29.000000000000000     
          31   58.000000000000000     
          33   86.000000000000000     
          34   16.000000000000000     
          35   33.000000000000000     
          35   23.000000000000000     
          37   21.000000000000000     
          39   27.000000000000000     
          40   47.000000000000000     
          41   10.000000000000000     
          41   31.000000000000000     
          43   14.000000000000000     
          44   106.00000000000000     
          48   31.000000000000000     
          48   59.000000000000000     
          50   23.000000000000000     
          52   29.000000000000000     
          53   32.000000000000000     
          53   41.000000000000000     
          54   23.000000000000000     
          56   17.000000000000000     
          56   47.000000000000000     
          59   3.0000000000000000     
          61   5.0000000000000000     
          61   23.000000000000000     
          62   68.000000000000000     
          64   77.000000000000000     
          67   30.000000000000000     
          67   38.000000000000000     
          69   25.000000000000000     
          69   87.000000000000000     
          71   45.000000000000000     
          74   20.000000000000000     
          76   11.000000000000000     
          78   7.0000000000000000     
          79   91.000000000000000     
          79   11.000000000000000     
          80   7.0000000000000000     
          82   98.000000000000000     
          84   18.000000000000000     
          84   33.000000000000000     
          89   15.000000000000000     
          89   67.000000000000000     
          91   46.000000000000000     
          91   25.000000000000000     
          92   47.000000000000000     
          92   19.000000000000000     
          93   55.000000000000000     
          93   161.00000000000000     
          93   40.000000000000000     
          95   50.000000000000000     
          95   97.000000000000000     
          95   73.000000000000000     
