          99   19.000000000000000     
         100   11.000000000000000     
         101   9.0000000000000000     
         103   25.000000000000000     
         103   14.000000000000000     
         105   16.000000000000000     
         106   14.000000000000000     
         109   4.0000000000000000     
         114   32.000000000000000     
         123   13.000000000000000     
         124   10.000000000000000     
         124   12.000000000000000     
         125   60.000000000000000     
         130   40.000000000000000     
         131   11.000000000000000     
         131   15.000000000000000     
         131   5.0000000000000000     
         135   18.000000000000000     
         138   25.000000000000000     
         143   10.000000000000000     
         145   17.000000000000000     
         147   16.000000000000000     
         149   8.0000000000000000     
         150   13.000000000000000     
         151   40.000000000000000     
         151   12.000000000000000     
         153   7.0000000000000000     
